330.040955 
330.033030 
330.025104 
330.017178 
330.009251 
330.001324 
329.993396 
329.985467 
329.977538 
329.969608 
329.961678 
329.953747 
329.945815 
329.937883 
329.929950 
329.922017 
329.914083 
329.906148 
329.898213 
329.890277 
329.882340 
329.874403 
329.866466 
329.858528 
329.850589 
329.842649 
329.834709 
329.826769 
329.818827 
329.810886 
329.802943 
329.795000 
329.787057 
329.779112 
329.771167 
329.763222 
329.755276 
329.747329 
329.739382 
329.731434 
329.723486 
329.715537 
329.707587 
329.699637 
329.691686 
329.683734 
329.675782 
329.667830 
329.659876 
329.651923 
329.643968 
329.636013 
329.628057 
329.620101 
329.612144 
329.604187 
329.596229 
329.588270 
329.580310 
329.572351 
329.564390 
329.556429 
329.548467 
329.540505 
329.532542 
329.524578 
329.516614 
329.508649 
329.500684 
329.492718 
329.484751 
329.476784 
329.468816 
329.460848 
329.452879 
329.444909 
329.436939 
329.428968 
329.420997 
329.413025 
329.405052 
329.397079 
329.389105 
329.381130 
329.373155 
329.365180 
329.357203 
329.349226 
329.341249 
329.333271 
329.325292 
329.317313 
329.309333 
329.301352 
329.293371 
329.285389 
329.277407 
329.269424 
329.261440 
329.253456 
329.245471 
329.237485 
329.229499 
329.221513 
329.213525 
329.205538 
329.197549 
329.189560 
329.181570 
329.173580 
329.165589 
329.157597 
329.149605 
329.141612 
329.133619 
329.125625 
329.117630 
329.109635 
329.101639 
329.093643 
329.085646 
329.077648 
329.069650 
329.061651 
329.053651 
329.045651 
329.037650 
329.029649 
329.021647 
329.013644 
329.005641 
328.997637 
328.989633 
328.981628 
328.973622 
328.965616 
328.957609 
328.949601 
328.941593 
328.933584 
328.925575 
328.917565 
328.909554 
328.901543 
328.893531 
328.885519 
328.877506 
328.869492 
328.861478 
328.853463 
328.845447 
328.837431 
328.829414 
328.821397 
328.813379 
328.805360 
328.797341 
328.789321 
328.781301 
328.773280 
328.765258 
328.757235 
328.749213 
328.741189 
328.733165 
328.725140 
328.717115 
328.709088 
328.701062 
328.693035 
328.685007 
328.676978 
328.668949 
328.660919 
328.652889 
328.644858 
328.636826 
328.628794 
328.620761 
328.612728 
328.604693 
328.596659 
328.588623 
328.580587 
328.572551 
328.564513 
328.556476 
328.548437 
328.540398 
328.532358 
328.524318 
328.516277 
328.508236 
328.500193 
328.492150 
328.484107 
328.476063 
328.468018 
328.459973 
328.451927 
328.443880 
328.435833 
328.427785 
328.419737 
328.411688 
328.403638 
328.395588 
328.387537 
328.379485 
328.371433 
328.363380 
328.355327 
328.347273 
328.339218 
328.331163 
328.323107 
328.315050 
328.306993 
328.298935 
328.290877 
328.282818 
328.274758 
328.266698 
328.258637 
328.250575 
328.242513 
328.234450 
328.226387 
328.218323 
328.210258 
328.202193 
328.194127 
328.186060 
328.177993 
328.169925 
328.161857 
328.153788 
328.145718 
328.137647 
328.129576 
328.121505 
328.113433 
328.105360 
328.097286 
328.089212 
328.081137 
328.073062 
328.064986 
328.056909 
328.048832 
328.040754 
328.032675 
328.024596 
328.016516 
328.008436 
328.000355 
327.992273 
327.984191 
327.976108 
327.968024 
327.959940 
327.951855 
327.943770 
327.935683 
327.927597 
327.919509 
327.911421 
327.903333 
327.895243 
327.887153 
327.879063 
327.870972 
327.862880 
327.854787 
327.846694 
327.838600 
327.830506 
327.822411 
327.814315 
327.806219 
327.798122 
327.790025 
327.781926 
327.773828 
327.765728 
327.757628 
327.749527 
327.741426 
327.733324 
327.725221 
327.717118 
327.709014 
327.700910 
327.692805 
327.684699 
327.676592 
327.668485 
327.660377 
327.652269 
327.644160 
327.636050 
327.627940 
327.619829 
327.611718 
327.603606 
327.595493 
327.587379 
327.579265 
327.571150 
327.563035 
327.554919 
327.546802 
327.538685 
327.530567 
327.522449 
327.514329 
327.506210 
327.498089 
327.489968 
327.481846 
327.473724 
327.465601 
327.457477 
327.449353 
327.441228 
327.433102 
327.424976 
327.416849 
327.408721 
327.400593 
327.392464 
327.384335 
327.376205 
327.368074 
327.359943 
327.351811 
327.343678 
327.335545 
327.327411 
327.319276 
327.311141 
327.303005 
327.294868 
327.286731 
327.278593 
327.270455 
327.262316 
327.254176 
327.246036 
327.237894 
327.229753 
327.221610 
327.213467 
327.205324 
327.197180 
327.189035 
327.180889 
327.172743 
327.164596 
327.156449 
327.148300 
327.140152 
327.132002 
327.123852 
327.115701 
327.107550 
327.099398 
327.091245 
327.083092 
327.074938 
327.066783 
327.058628 
327.050472 
327.042316 
327.034158 
327.026001 
327.017842 
327.009683 
327.001523 
326.993363 
326.985202 
326.977040 
326.968877 
326.960714 
326.952551 
326.944386 
326.936221 
326.928056 
326.919889 
326.911723 
326.903555 
326.895387 
326.887218 
326.879048 
326.870878 
326.862707 
326.854536 
326.846364 
326.838191 
326.830017 
326.821843 
326.813668 
326.805493 
326.797317 
326.789140 
326.780963 
326.772785 
326.764606 
326.756427 
326.748247 
326.740066 
326.731885 
326.723703 
326.715520 
326.707337 
326.699153 
326.690969 
326.682784 
326.674598 
326.666411 
326.658224 
326.650036 
326.641848 
326.633659 
326.625469 
326.617278 
326.609087 
326.600895 
326.592703 
326.584510 
326.576316 
326.568122 
326.559927 
326.551731 
326.543535 
326.535338 
326.527140 
326.518942 
326.510743 
326.502543 
326.494343 
326.486142 
326.477940 
326.469738 
326.461535 
326.453331 
326.445127 
326.436922 
326.428717 
326.420511 
326.412304 
326.404096 
326.395888 
326.387679 
326.379469 
326.371259 
326.363048 
326.354837 
326.346625 
326.338412 
326.330199 
326.321984 
326.313770 
326.305554 
326.297338 
326.289121 
326.280904 
326.272686 
326.264467 
326.256247 
326.248027 
326.239807 
326.231585 
326.223363 
326.215140 
326.206917 
326.198693 
326.190468 
326.182243 
326.174017 
326.165790 
326.157563 
326.149334 
326.141106 
326.132876 
326.124646 
326.116416 
326.108184 
326.099952 
326.091720 
326.083486 
326.075252 
326.067017 
326.058782 
326.050546 
326.042309 
326.034072 
326.025834 
326.017595 
326.009356 
326.001116 
325.992875 
325.984634 
325.976392 
325.968149 
325.959906 
325.951662 
325.943417 
325.935172 
325.926926 
325.918679 
325.910431 
325.902183 
325.893935 
325.885685 
325.877435 
325.869185 
325.860933 
325.852681 
325.844428 
325.836175 
325.827921 
325.819666 
325.811411 
325.803155 
325.794898 
325.786641 
325.778383 
325.770124 
325.761864 
325.753604 
325.745343 
325.737082 
325.728820 
325.720557 
325.712294 
325.704030 
325.695765 
325.687499 
325.679233 
325.670966 
325.662699 
325.654431 
325.646162 
325.637892 
325.629622 
325.621351 
325.613080 
325.604808 
325.596535 
325.588261 
325.579987 
325.571712 
325.563436 
325.555160 
325.546883 
325.538606 
325.530327 
325.522048 
325.513769 
325.505489 
325.497208 
325.488926 
325.480644 
325.472361 
325.464077 
325.455793 
325.447507 
325.439222 
325.430935 
325.422648 
325.414361 
325.406072 
325.397783 
325.389493 
325.381203 
325.372912 
325.364620 
325.356327 
325.348034 
325.339740 
325.331446 
325.323151 
325.314855 
325.306558 
325.298261 
325.289963 
325.281664 
325.273365 
325.265065 
325.256765 
325.248463 
325.240161 
325.231859 
325.223555 
325.215251 
325.206946 
325.198641 
325.190335 
325.182028 
325.173721 
325.165412 
325.157104 
325.148794 
325.140484 
325.132173 
325.123862 
325.115549 
325.107236 
325.098923 
325.090609 
325.082294 
325.073978 
325.065662 
325.057345 
325.049027 
325.040708 
325.032389 
325.024070 
325.015749 
325.007428 
324.999106 
324.990784 
324.982461 
324.974137 
324.965812 
324.957487 
324.949161 
324.940834 
324.932507 
324.924179 
324.915850 
324.907521 
324.899191 
324.890860 
324.882529 
324.874197 
324.865864 
324.857530 
324.849196 
324.840861 
324.832526 
324.824190 
324.815853 
324.807515 
324.799177 
324.790838 
324.782498 
324.774158 
324.765817 
324.757475 
324.749132 
324.740789 
324.732446 
324.724101 
324.715756 
324.707410 
324.699063 
324.690716 
324.682368 
324.674019 
324.665670 
324.657320 
324.648969 
324.640618 
324.632266 
324.623913 
324.615559 
324.607205 
324.598850 
324.590495 
324.582139 
324.573782 
324.565424 
324.557066 
324.548706 
324.540347 
324.531986 
324.523625 
324.515263 
324.506901 
324.498538 
324.490174 
324.481809 
324.473444 
324.465078 
324.456711 
324.448344 
324.439976 
324.431607 
324.423237 
324.414867 
324.406496 
324.398125 
324.389753 
324.381380 
324.373006 
324.364632 
324.356257 
324.347881 
324.339504 
324.331127 
324.322749 
324.314371 
324.305992 
324.297612 
324.289231 
324.280850 
324.272468 
324.264085 
324.255701 
324.247317 
324.238933 
324.230547 
324.222161 
324.213774 
324.205386 
324.196998 
324.188609 
324.180219 
324.171829 
324.163438 
324.155046 
324.146653 
324.138260 
324.129866 
324.121471 
324.113076 
324.104680 
324.096283 
324.087886 
324.079488 
324.071089 
324.062689 
324.054289 
324.045888 
324.037486 
324.029084 
324.020681 
324.012277 
324.003873 
323.995467 
323.987061 
323.978655 
323.970248 
323.961840 
323.953431 
323.945021 
323.936611 
323.928200 
323.919789 
323.911377 
323.902964 
323.894550 
323.886136 
323.877721 
323.869305 
323.860888 
323.852471 
323.844053 
323.835635 
323.827215 
323.818795 
323.810375 
323.801953 
323.793531 
323.785108 
323.776685 
323.768260 
323.759835 
323.751410 
323.742983 
323.734556 
323.726128 
323.717700 
323.709270 
323.700840 
323.692410 
323.683978 
323.675546 
323.667114 
323.658680 
323.650246 
323.641811 
323.633375 
323.624939 
323.616502 
323.608064 
323.599626 
323.591186 
323.582746 
323.574306 
323.565865 
323.557422 
323.548980 
323.540536 
323.532092 
323.523647 
323.515201 
323.506755 
323.498308 
323.489860 
323.481412 
323.472963 
323.464513 
323.456062 
323.447611 
323.439159 
323.430706 
323.422252 
323.413798 
323.405343 
323.396888 
323.388431 
323.379974 
323.371517 
323.363058 
323.354599 
323.346139 
323.337678 
323.329217 
323.320755 
323.312292 
323.303828 
323.295364 
323.286899 
323.278434 
323.269967 
323.261500 
323.253032 
323.244564 
323.236094 
323.227624 
323.219154 
323.210682 
323.202210 
323.193737 
323.185264 
323.176789 
323.168314 
323.159838 
323.151362 
323.142885 
323.134407 
323.125928 
323.117449 
323.108969 
323.100488 
323.092006 
323.083524 
323.075041 
323.066558 
323.058073 
323.049588 
323.041102 
323.032615 
323.024128 
323.015640 
323.007151 
322.998662 
322.990172 
322.981681 
322.973189 
322.964697 
322.956204 
322.947710 
322.939215 
322.930720 
322.922224 
322.913727 
322.905230 
322.896731 
322.888233 
322.879733 
322.871232 
322.862731 
322.854230 
322.845727 
322.837224 
322.828720 
322.820215 
322.811710 
322.803203 
322.794696 
322.786189 
322.777680 
322.769171 
322.760661 
322.752151 
322.743640 
322.735128 
322.726615 
322.718101 
322.709587 
322.701072 
322.692556 
322.684040 
322.675523 
322.667005 
322.658486 
322.649967 
322.641447 
322.632926 
322.624405 
322.615882 
322.607359 
322.598836 
322.590311 
322.581786 
322.573260 
322.564733 
322.556206 
322.547678 
322.539149 
322.530619 
322.522089 
322.513558 
322.505026 
322.496494 
322.487961 
322.479427 
322.470892 
322.462356 
322.453820 
322.445283 
322.436746 
322.428207 
322.419668 
322.411128 
322.402587 
322.394046 
322.385504 
322.376961 
322.368418 
322.359873 
322.351328 
322.342782 
322.334236 
322.325689 
322.317141 
322.308592 
322.300043 
322.291492 
322.282941 
322.274390 
322.265837 
322.257284 
322.248730 
322.240176 
322.231620 
322.223064 
322.214507 
322.205950 
322.197391 
322.188832 
322.180272 
322.171712 
322.163150 
322.154588 
322.146026 
322.137462 
322.128898 
322.120333 
322.111767 
322.103200 
322.094633 
322.086065 
322.077496 
322.068927 
322.060357 
322.051786 
322.043214 
322.034642 
322.026068 
322.017494 
322.008920 
322.000344 
321.991768 
321.983191 
321.974614 
321.966035 
321.957456 
321.948876 
321.940295 
321.931714 
321.923132 
321.914549 
321.905965 
321.897381 
321.888796 
321.880210 
321.871623 
321.863036 
321.854448 
321.845859 
321.837269 
321.828679 
321.820088 
321.811496 
321.802903 
321.794310 
321.785716 
321.777121 
321.768526 
321.759929 
321.751332 
321.742734 
321.734136 
321.725536 
321.716936 
321.708335 
321.699734 
321.691131 
321.682528 
321.673924 
321.665320 
321.656714 
321.648108 
321.639501 
321.630894 
321.622285 
321.613676 
321.605066 
321.596456 
321.587844 
321.579232 
321.570619 
321.562006 
321.553391 
321.544776 
321.536160 
321.527543 
321.518926 
321.510308 
321.501689 
321.493069 
321.484449 
321.475827 
321.467205 
321.458583 
321.449959 
321.441335 
321.432710 
321.424084 
321.415458 
321.406831 
321.398203 
321.389574 
321.380944 
321.372314 
321.363683 
321.355051 
321.346419 
321.337785 
321.329151 
321.320516 
321.311881 
321.303244 
321.294607 
321.285969 
321.277331 
321.268691 
321.260051 
321.251410 
321.242768 
321.234126 
321.225483 
321.216839 
321.208194 
321.199549 
321.190902 
321.182255 
321.173608 
321.164959 
321.156310 
321.147660 
321.139009 
321.130357 
321.121705 
321.113052 
321.104398 
321.095743 
321.087088 
321.078432 
321.069775 
321.061117 
321.052459 
321.043799 
321.035139 
321.026479 
321.017817 
321.009155 
321.000492 
320.991828 
320.983163 
320.974498 
320.965832 
320.957165 
320.948497 
320.939829 
320.931160 
320.922490 
320.913819 
320.905147 
320.896475 
320.887802 
320.879128 
320.870454 
320.861778 
320.853102 
320.844425 
320.835748 
320.827069 
320.818390 
320.809710 
320.801029 
320.792348 
320.783666 
320.774982 
320.766299 
320.757614 
320.748929 
320.740243 
320.731556 
320.722868 
320.714180 
320.705490 
320.696800 
320.688110 
320.679418 
320.670726 
320.662033 
320.653339 
320.644644 
320.635949 
320.627253 
320.618556 
320.609858 
320.601159 
320.592460 
320.583760 
320.575059 
320.566358 
320.557655 
320.548952 
320.540248 
320.531543 
320.522838 
320.514132 
320.505425 
320.496717 
320.488008 
320.479299 
320.470589 
320.461878 
320.453166 
320.444453 
320.435740 
320.427026 
320.418311 
320.409596 
320.400879 
320.392162 
320.383444 
320.374726 
320.366006 
320.357286 
320.348565 
320.339843 
320.331120 
320.322397 
320.313673 
320.304948 
320.296222 
320.287495 
320.278768 
320.270040 
320.261311 
320.252581 
320.243851 
320.235120 
320.226388 
320.217655 
320.208921 
320.200187 
320.191452 
320.182716 
320.173979 
320.165242 
320.156504 
320.147765 
320.139025 
320.130284 
320.121543 
320.112800 
320.104057 
320.095314 
320.086569 
320.077824 
320.069078 
320.060331 
320.051583 
320.042835 
320.034085 
320.025335 
320.016584 
320.007833 
319.999080 
319.990327 
319.981573 
319.972818 
319.964063 
319.955306 
319.946549 
319.937791 
319.929032 
319.920273 
319.911513 
319.902751 
319.893989 
319.885227 
319.876463 
319.867699 
319.858934 
319.850168 
319.841401 
319.832634 
319.823866 
319.815097 
319.806327 
319.797556 
319.788785 
319.780013 
319.771240 
319.762466 
319.753691 
319.744916 
319.736140 
319.727363 
319.718585 
319.709807 
319.701027 
319.692247 
319.683466 
319.674684 
319.665902 
319.657119 
319.648334 
319.639549 
319.630764 
319.621977 
319.613190 
319.604402 
319.595613 
319.586823 
319.578033 
319.569241 
319.560449 
319.551656 
319.542863 
319.534068 
319.525273 
319.516477 
319.507680 
319.498882 
319.490084 
319.481285 
319.472485 
319.463684 
319.454882 
319.446079 
319.437276 
319.428472 
319.419667 
319.410862 
319.402055 
319.393248 
319.384440 
319.375631 
319.366821 
319.358011 
319.349199 
319.340387 
319.331574 
319.322761 
319.313946 
319.305131 
319.296315 
319.287498 
319.278680 
319.269861 
319.261042 
319.252222 
319.243401 
319.234579 
319.225757 
319.216933 
319.208109 
319.199284 
319.190458 
319.181632 
319.172804 
319.163976 
319.155147 
319.146317 
319.137487 
319.128655 
319.119823 
319.110990 
319.102156 
319.093321 
319.084486 
319.075650 
319.066812 
319.057974 
319.049136 
319.040296 
319.031456 
319.022615 
319.013773 
319.004930 
318.996086 
318.987242 
318.978397 
318.969551 
318.960704 
318.951856 
318.943008 
318.934159 
318.925309 
318.916458 
318.907606 
318.898753 
318.889900 
318.881046 
318.872191 
318.863335 
318.854479 
318.845621 
318.836763 
318.827904 
318.819044 
318.810183 
318.801322 
318.792460 
318.783597 
318.774733 
318.765868 
318.757002 
318.748136 
318.739269 
318.730401 
318.721532 
318.712662 
318.703792 
318.694921 
318.686048 
318.677175 
318.668302 
318.659427 
318.650552 
318.641676 
318.632799 
318.623921 
318.615042 
318.606163 
318.597282 
318.588401 
318.579519 
318.570637 
318.561753 
318.552869 
318.543983 
318.535097 
318.526210 
318.517323 
318.508434 
318.499545 
318.490655 
318.481764 
318.472872 
318.463979 
318.455086 
318.446192 
318.437297 
318.428401 
318.419504 
318.410606 
318.401708 
318.392809 
318.383909 
318.375008 
318.366106 
318.357204 
318.348300 
318.339396 
318.330491 
318.321585 
318.312679 
318.303771 
318.294863 
318.285954 
318.277044 
318.268133 
318.259221 
318.250309 
318.241395 
318.232481 
318.223566 
318.214651 
318.205734 
318.196817 
318.187898 
318.178979 
318.170059 
318.161139 
318.152217 
318.143295 
318.134371 
318.125447 
318.116522 
318.107597 
318.098670 
318.089743 
318.080814 
318.071885 
318.062956 
318.054025 
318.045093 
318.036161 
318.027228 
318.018294 
318.009359 
318.000423 
317.991486 
317.982549 
317.973611 
317.964672 
317.955732 
317.946791 
317.937849 
317.928907 
317.919964 
317.911020 
317.902075 
317.893129 
317.884182 
317.875235 
317.866287 
317.857337 
317.848387 
317.839437 
317.830485 
317.821533 
317.812579 
317.803625 
317.794670 
317.785714 
317.776758 
317.767800 
317.758842 
317.749883 
317.740922 
317.731962 
317.723000 
317.714037 
317.705074 
317.696110 
317.687145 
317.678179 
317.669212 
317.660244 
317.651276 
317.642307 
317.633336 
317.624365 
317.615394 
317.606421 
317.597447 
317.588473 
317.579498 
317.570522 
317.561545 
317.552567 
317.543589 
317.534609 
317.525629 
317.516648 
317.507666 
317.498683 
317.489699 
317.480715 
317.471729 
317.462743 
317.453756 
317.444768 
317.435780 
317.426790 
317.417799 
317.408808 
317.399816 
317.390823 
317.381829 
317.372835 
317.363839 
317.354843 
317.345845 
317.336847 
317.327848 
317.318848 
317.309848 
317.300846 
317.291844 
317.282841 
317.273837 
317.264832 
317.255826 
317.246819 
317.237812 
317.228804 
317.219794 
317.210784 
317.201774 
317.192762 
317.183749 
317.174736 
317.165721 
317.156706 
317.147690 
317.138673 
317.129656 
317.120637 
317.111618 
317.102597 
317.093576 
317.084554 
317.075531 
317.066508 
317.057483 
317.048458 
317.039431 
317.030404 
317.021376 
317.012347 
317.003318 
316.994287 
316.985256 
316.976223 
316.967190 
316.958156 
316.949121 
316.940085 
316.931049 
316.922011 
316.912973 
316.903934 
316.894894 
316.885853 
316.876811 
316.867769 
316.858725 
316.849681 
316.840635 
316.831589 
316.822542 
316.813495 
316.804446 
316.795396 
316.786346 
316.777295 
316.768243 
316.759190 
316.750136 
316.741081 
316.732025 
316.722969 
316.713912 
316.704853 
316.695794 
316.686734 
316.677674 
316.668612 
316.659549 
316.650486 
316.641422 
316.632357 
316.623291 
316.614224 
316.605156 
316.596087 
316.587018 
316.577947 
316.568876 
316.559804 
316.550731 
316.541657 
316.532583 
316.523507 
316.514431 
316.505353 
316.496275 
316.487196 
316.478116 
316.469035 
316.459954 
316.450871 
316.441788 
316.432703 
316.423618 
316.414532 
316.405445 
316.396357 
316.387269 
316.378179 
316.369089 
316.359998 
316.350905 
316.341812 
316.332718 
316.323624 
316.314528 
316.305431 
316.296334 
316.287236 
316.278136 
316.269036 
316.259935 
316.250834 
316.241731 
316.232627 
316.223523 
316.214418 
316.205311 
316.196204 
316.187096 
316.177988 
316.168878 
316.159767 
316.150656 
316.141543 
316.132430 
316.123316 
316.114201 
316.105085 
316.095968 
316.086851 
316.077732 
316.068613 
316.059492 
316.050371 
316.041249 
316.032126 
316.023002 
316.013878 
316.004752 
315.995626 
315.986498 
315.977370 
315.968241 
315.959111 
315.949980 
315.940848 
315.931715 
315.922582 
315.913447 
315.904312 
315.895176 
315.886039 
315.876901 
315.867762 
315.858622 
315.849481 
315.840340 
315.831197 
315.822054 
315.812910 
315.803765 
315.794619 
315.785472 
315.776324 
315.767175 
315.758026 
315.748875 
315.739724 
315.730572 
315.721418 
315.712264 
315.703110 
315.693954 
315.684797 
315.675639 
315.666481 
315.657322 
315.648161 
315.639000 
315.629838 
315.620675 
315.611511 
315.602347 
315.593181 
315.584014 
315.574847 
315.565679 
315.556509 
315.547339 
315.538168 
315.528996 
315.519824 
315.510650 
315.501475 
315.492300 
315.483123 
315.473946 
315.464768 
315.455589 
315.446409 
315.437228 
315.428046 
315.418863 
315.409680 
315.400495 
315.391310 
315.382124 
315.372936 
315.363748 
315.354559 
315.345369 
315.336179 
315.326987 
315.317794 
315.308601 
315.299406 
315.290211 
315.281015 
315.271818 
315.262620 
315.253421 
315.244221 
315.235020 
315.225819 
315.216616 
315.207413 
315.198208 
315.189003 
315.179797 
315.170590 
315.161382 
315.152173 
315.142963 
315.133753 
315.124541 
315.115328 
315.106115 
315.096901 
315.087685 
315.078469 
315.069252 
315.060034 
315.050815 
315.041596 
315.032375 
315.023153 
315.013931 
315.004707 
314.995483 
314.986258 
314.977032 
314.967805 
314.958577 
314.949348 
314.940118 
314.930887 
314.921656 
314.912423 
314.903190 
314.893955 
314.884720 
314.875484 
314.866247 
314.857009 
314.847770 
314.838530 
314.829289 
314.820047 
314.810805 
314.801561 
314.792317 
314.783072 
314.773825 
314.764578 
314.755330 
314.746081 
314.736831 
314.727580 
314.718328 
314.709076 
314.699822 
314.690568 
314.681312 
314.672056 
314.662799 
314.653540 
314.644281 
314.635021 
314.625760 
314.616498 
314.607235 
314.597972 
314.588707 
314.579442 
314.570175 
314.560908 
314.551639 
314.542370 
314.533100 
314.523829 
314.514557 
314.505284 
314.496010 
314.486735 
314.477459 
314.468183 
314.458905 
314.449627 
314.440347 
314.431067 
314.421786 
314.412503 
314.403220 
314.393936 
314.384651 
314.375365 
314.366078 
314.356791 
314.347502 
314.338212 
314.328922 
314.319630 
314.310338 
314.301044 
314.291750 
314.282455 
314.273159 
314.263862 
314.254564 
314.245265 
314.235965 
314.226664 
314.217362 
314.208060 
314.198756 
314.189452 
314.180146 
314.170840 
314.161532 
314.152224 
314.142915 
314.133605 
314.124294 
314.114982 
314.105669 
314.096355 
314.087040 
314.077725 
314.068408 
314.059090 
314.049772 
314.040452 
314.031132 
314.021810 
314.012488 
314.003165 
313.993841 
313.984516 
313.975190 
313.965863 
313.956535 
313.947206 
313.937876 
313.928545 
313.919214 
313.909881 
313.900547 
313.891213 
313.881877 
313.872541 
313.863204 
313.853866 
313.844526 
313.835186 
313.825845 
313.816503 
313.807160 
313.797816 
313.788471 
313.779125 
313.769779 
313.760431 
313.751082 
313.741733 
313.732382 
313.723031 
313.713678 
313.704325 
313.694971 
313.685615 
313.676259 
313.666902 
313.657544 
313.648185 
313.638825 
313.629464 
313.620102 
313.610739 
313.601375 
313.592010 
313.582645 
313.573278 
313.563911 
313.554542 
313.545172 
313.535802 
313.526431 
313.517058 
313.507685 
313.498311 
313.488935 
313.479559 
313.470182 
313.460804 
313.451425 
313.442045 
313.432664 
313.423282 
313.413900 
313.404516 
313.395131 
313.385745 
313.376359 
313.366971 
313.357582 
313.348193 
313.338802 
313.329411 
313.320019 
313.310625 
313.301231 
313.291836 
313.282439 
313.273042 
313.263644 
313.254245 
313.244845 
313.235444 
313.226042 
313.216639 
313.207235 
313.197830 
313.188424 
313.179018 
313.169610 
313.160201 
313.150792 
313.141381 
313.131969 
313.122557 
313.113143 
313.103729 
313.094313 
313.084897 
313.075480 
313.066061 
313.056642 
313.047222 
313.037800 
313.028378 
313.018955 
313.009531 
313.000106 
312.990680 
312.981253 
312.971825 
312.962396 
312.952966 
312.943535 
312.934103 
312.924670 
312.915237 
312.905802 
312.896366 
312.886929 
312.877492 
312.868053 
312.858613 
312.849173 
312.839731 
312.830289 
312.820845 
312.811401 
312.801955 
312.792509 
312.783062 
312.773613 
312.764164 
312.754714 
312.745262 
312.735810 
312.726357 
312.716903 
312.707447 
312.697991 
312.688534 
312.679076 
312.669617 
312.660157 
312.650696 
312.641234 
312.631771 
312.622307 
312.612842 
312.603376 
312.593909 
312.584441 
312.574973 
312.565503 
312.556032 
312.546560 
312.537087 
312.527614 
312.518139 
312.508663 
312.499187 
312.489709 
312.480230 
312.470751 
312.461270 
312.451788 
312.442306 
312.432822 
312.423338 
312.413852 
312.404366 
312.394878 
312.385390 
312.375900 
312.366410 
312.356918 
312.347426 
312.337933 
312.328438 
312.318943 
312.309446 
312.299949 
312.290451 
312.280951 
312.271451 
312.261950 
312.252448 
312.242944 
312.233440 
312.223935 
312.214429 
312.204921 
312.195413 
312.185904 
312.176394 
312.166883 
312.157370 
312.147857 
312.138343 
312.128828 
312.119312 
312.109795 
312.100277 
312.090757 
312.081237 
312.071716 
312.062194 
312.052671 
312.043147 
312.033622 
312.024096 
312.014569 
312.005041 
311.995512 
311.985982 
311.976451 
311.966919 
311.957385 
311.947851 
311.938316 
311.928780 
311.919243 
311.909705 
311.900166 
311.890626 
311.881085 
311.871543 
311.862000 
311.852456 
311.842911 
311.833365 
311.823818 
311.814270 
311.804721 
311.795171 
311.785620 
311.776068 
311.766515 
311.756961 
311.747406 
311.737850 
311.728293 
311.718735 
311.709176 
311.699616 
311.690054 
311.680492 
311.670929 
311.661365 
311.651800 
311.642234 
311.632667 
311.623099 
311.613530 
311.603960 
311.594389 
311.584816 
311.575243 
311.565669 
311.556094 
311.546518 
311.536941 
311.527362 
311.517783 
311.508203 
311.498622 
311.489040 
311.479456 
311.469872 
311.460287 
311.450700 
311.441113 
311.431525 
311.421936 
311.412345 
311.402754 
311.393162 
311.383568 
311.373974 
311.364378 
311.354782 
311.345185 
311.335586 
311.325987 
311.316386 
311.306785 
311.297182 
311.287579 
311.277974 
311.268369 
311.258762 
311.249154 
311.239546 
311.229936 
311.220326 
311.210714 
311.201101 
311.191487 
311.181873 
311.172257 
311.162640 
311.153022 
311.143404 
311.133784 
311.124163 
311.114541 
311.104918 
311.095294 
311.085669 
311.076043 
311.066416 
311.056788 
311.047159 
311.037529 
311.027898 
311.018266 
311.008633 
310.998999 
310.989363 
310.979727 
310.970090 
310.960452 
310.950812 
310.941172 
310.931531 
310.921888 
310.912245 
310.902601 
310.892955 
310.883309 
310.873661 
310.864012 
310.854363 
310.844712 
310.835061 
310.825408 
310.815754 
310.806099 
310.796444 
310.786787 
310.777129 
310.767470 
310.757810 
310.748149 
310.738487 
310.728824 
310.719160 
310.709495 
310.699829 
310.690162 
310.680494 
310.670825 
310.661154 
310.651483 
310.641811 
310.632137 
310.622463 
310.612787 
310.603111 
310.593433 
310.583755 
310.574075 
310.564395 
310.554713 
310.545030 
310.535346 
310.525662 
310.515976 
310.506289 
310.496601 
310.486912 
310.477222 
310.467531 
310.457839 
310.448146 
310.438452 
310.428756 
310.419060 
310.409363 
310.399664 
310.389965 
310.380265 
310.370563 
310.360861 
310.351157 
310.341452 
310.331747 
310.322040 
310.312332 
310.302623 
310.292914 
310.283203 
310.273491 
310.263778 
310.254064 
310.244349 
310.234632 
310.224915 
310.215197 
310.205478 
310.195757 
310.186036 
310.176313 
310.166590 
310.156865 
310.147140 
310.137413 
310.127685 
310.117956 
310.108227 
310.098496 
310.088764 
310.079031 
310.069297 
310.059562 
310.049826 
310.040088 
310.030350 
310.020611 
310.010870 
310.001129 
309.991386 
309.981643 
309.971898 
309.962153 
309.952406 
309.942658 
309.932909 
309.923159 
309.913408 
309.903656 
309.893903 
309.884149 
309.874394 
309.864637 
309.854880 
309.845122 
309.835362 
309.825602 
309.815840 
309.806077 
309.796314 
309.786549 
309.776783 
309.767016 
309.757248 
309.747479 
309.737709 
309.727938 
309.718166 
309.708392 
309.698618 
309.688843 
309.679066 
309.669288 
309.659510 
309.649730 
309.639949 
309.630168 
309.620385 
309.610601 
309.600816 
309.591029 
309.581242 
309.571454 
309.561665 
309.551874 
309.542083 
309.532290 
309.522496 
309.512702 
309.502906 
309.493109 
309.483311 
309.473512 
309.463712 
309.453911 
309.444109 
309.434305 
309.424501 
309.414696 
309.404889 
309.395082 
309.385273 
309.375463 
309.365652 
309.355840 
309.346027 
309.336213 
309.326398 
309.316582 
309.306765 
309.296946 
309.287127 
309.277306 
309.267484 
309.257662 
309.247838 
309.238013 
309.228187 
309.218360 
309.208532 
309.198703 
309.188872 
309.179041 
309.169209 
309.159375 
309.149540 
309.139705 
309.129868 
309.120030 
309.110191 
309.100351 
309.090510 
309.080668 
309.070824 
309.060980 
309.051134 
309.041288 
309.031440 
309.021591 
309.011741 
309.001890 
308.992038 
308.982185 
308.972331 
308.962476 
308.952619 
308.942762 
308.932903 
308.923044 
308.913183 
308.903321 
308.893458 
308.883594 
308.873729 
308.863863 
308.853995 
308.844127 
308.834257 
308.824387 
308.814515 
308.804642 
308.794768 
308.784893 
308.775017 
308.765140 
308.755262 
308.745382 
308.735502 
308.725620 
308.715737 
308.705854 
308.695969 
308.686083 
308.676196 
308.666307 
308.656418 
308.646528 
308.636636 
308.626744 
308.616850 
308.606955 
308.597059 
308.587162 
308.577264 
308.567365 
308.557464 
308.547563 
308.537660 
308.527757 
308.517852 
308.507946 
308.498039 
308.488131 
308.478222 
308.468312 
308.458400 
308.448488 
308.438574 
308.428659 
308.418744 
308.408827 
308.398909 
308.388989 
308.379069 
308.369148 
308.359225 
308.349302 
308.339377 
308.329451 
308.319524 
308.309596 
308.299667 
308.289737 
308.279805 
308.269873 
308.259939 
308.250004 
308.240068 
308.230131 
308.220193 
308.210254 
308.200314 
308.190372 
308.180430 
308.170486 
308.160541 
308.150595 
308.140648 
308.130700 
308.120751 
308.110801 
308.100849 
308.090896 
308.080943 
308.070988 
308.061032 
308.051075 
308.041116 
308.031157 
308.021196 
308.011235 
308.001272 
307.991308 
307.981343 
307.971377 
307.961410 
307.951442 
307.941472 
307.931501 
307.921530 
307.911557 
307.901583 
307.891608 
307.881631 
307.871654 
307.861676 
307.851696 
307.841715 
307.831733 
307.821750 
307.811766 
307.801781 
307.791794 
307.781807 
307.771818 
307.761828 
307.751837 
307.741845 
307.731852 
307.721858 
307.711862 
307.701866 
307.691868 
307.681869 
307.671869 
307.661868 
307.651865 
307.641862 
307.631857 
307.621852 
307.611845 
307.601837 
307.591828 
307.581818 
307.571806 
307.561794 
307.551780 
307.541765 
307.531749 
307.521732 
307.511714 
307.501694 
307.491674 
307.481652 
307.471630 
307.461606 
307.451580 
307.441554 
307.431527 
307.421498 
307.411469 
307.401438 
307.391406 
307.381373 
307.371339 
307.361303 
307.351267 
307.341229 
307.331190 
307.321150 
307.311109 
307.301067 
307.291023 
307.280979 
307.270933 
307.260886 
307.250838 
307.240789 
307.230739 
307.220687 
307.210635 
307.200581 
307.190526 
307.180470 
307.170413 
307.160354 
307.150295 
307.140234 
307.130172 
307.120109 
307.110045 
307.099980 
307.089913 
307.079845 
307.069777 
307.059707 
307.049636 
307.039563 
307.029490 
307.019415 
307.009340 
306.999263 
306.989185 
306.979106 
306.969025 
306.958944 
306.948861 
306.938777 
306.928692 
306.918606 
306.908519 
306.898430 
306.888340 
306.878250 
306.868158 
306.858064 
306.847970 
306.837875 
306.827778 
306.817680 
306.807581 
306.797481 
306.787380 
306.777277 
306.767174 
306.757069 
306.746963 
306.736856 
306.726747 
306.716638 
306.706527 
306.696415 
306.686302 
306.676188 
306.666073 
306.655956 
306.645839 
306.635720 
306.625600 
306.615478 
306.605356 
306.595233 
306.585108 
306.574982 
306.564855 
306.554727 
306.544597 
306.534467 
306.524335 
306.514202 
306.504068 
306.493932 
306.483796 
306.473658 
306.463519 
306.453379 
306.443238 
306.433096 
306.422952 
306.412807 
306.402662 
306.392514 
306.382366 
306.372217 
306.362066 
306.351914 
306.341761 
306.331607 
306.321452 
306.311295 
306.301137 
306.290978 
306.280818 
306.270657 
306.260494 
306.250331 
306.240166 
306.230000 
306.219833 
306.209664 
306.199494 
306.189324 
306.179152 
306.168979 
306.158804 
306.148629 
306.138452 
306.128274 
306.118095 
306.107914 
306.097733 
306.087550 
306.077366 
306.067181 
306.056995 
306.046807 
306.036619 
306.026429 
306.016238 
306.006045 
305.995852 
305.985657 
305.975462 
305.965264 
305.955066 
305.944867 
305.934666 
305.924464 
305.914261 
305.904057 
305.893852 
305.883645 
305.873437 
305.863228 
305.853018 
305.842806 
305.832594 
305.822380 
305.812165 
305.801949 
305.791731 
305.781512 
305.771293 
305.761071 
305.750849 
305.740626 
305.730401 
305.720175 
305.709948 
305.699720 
305.689490 
305.679260 
305.669028 
305.658794 
305.648560 
305.638325 
305.628088 
305.617850 
305.607611 
305.597370 
305.587129 
305.576886 
305.566642 
305.556397 
305.546150 
305.535902 
305.525654 
305.515403 
305.505152 
305.494900 
305.484646 
305.474391 
305.464135 
305.453877 
305.443619 
305.433359 
305.423098 
305.412836 
305.402572 
305.392307 
305.382042 
305.371774 
305.361506 
305.351236 
305.340966 
305.330694 
305.320420 
305.310146 
305.299870 
305.289593 
305.279315 
305.269036 
305.258755 
305.248474 
305.238191 
305.227906 
305.217621 
305.207334 
305.197046 
305.186757 
305.176467 
305.166175 
305.155882 
305.145588 
305.135293 
305.124996 
305.114699 
305.104400 
305.094099 
305.083798 
305.073495 
305.063191 
305.052886 
305.042580 
305.032272 
305.021964 
305.011654 
305.001342 
304.991030 
304.980716 
304.970401 
304.960085 
304.949767 
304.939449 
304.929129 
304.918807 
304.908485 
304.898161 
304.887837 
304.877510 
304.867183 
304.856854 
304.846525 
304.836193 
304.825861 
304.815528 
304.805193 
304.794857 
304.784519 
304.774181 
304.763841 
304.753500 
304.743158 
304.732814 
304.722470 
304.712124 
304.701776 
304.691428 
304.681078 
304.670727 
304.660375 
304.650022 
304.639667 
304.629311 
304.618954 
304.608595 
304.598235 
304.587874 
304.577512 
304.567149 
304.556784 
304.546418 
304.536051 
304.525682 
304.515313 
304.504942 
304.494570 
304.484196 
304.473821 
304.463445 
304.453068 
304.442690 
304.432310 
304.421929 
304.411547 
304.401163 
304.390778 
304.380392 
304.370005 
304.359616 
304.349226 
304.338835 
304.328443 
304.318049 
304.307655 
304.297258 
304.286861 
304.276462 
304.266063 
304.255661 
304.245259 
304.234855 
304.224450 
304.214044 
304.203637 
304.193228 
304.182818 
304.172406 
304.161994 
304.151580 
304.141165 
304.130749 
304.120331 
304.109912 
304.099492 
304.089071 
304.078648 
304.068224 
304.057799 
304.047372 
304.036944 
304.026515 
304.016085 
304.005653 
303.995220 
303.984786 
303.974351 
303.963914 
303.953476 
303.943037 
303.932596 
303.922155 
303.911712 
303.901267 
303.890822 
303.880375 
303.869926 
303.859477 
303.849026 
303.838574 
303.828121 
303.817666 
303.807210 
303.796753 
303.786295 
303.775835 
303.765374 
303.754912 
303.744448 
303.733984 
303.723517 
303.713050 
303.702581 
303.692111 
303.681640 
303.671167 
303.660694 
303.650218 
303.639742 
303.629264 
303.618785 
303.608305 
303.597824 
303.587341 
303.576856 
303.566371 
303.555884 
303.545396 
303.534907 
303.524416 
303.513924 
303.503431 
303.492937 
303.482441 
303.471944 
303.461446 
303.450946 
303.440445 
303.429943 
303.419439 
303.408934 
303.398428 
303.387921 
303.377412 
303.366902 
303.356390 
303.345878 
303.335364 
303.324849 
303.314332 
303.303814 
303.293295 
303.282775 
303.272253 
303.261730 
303.251205 
303.240680 
303.230153 
303.219624 
303.209095 
303.198564 
303.188032 
303.177498 
303.166964 
303.156427 
303.145890 
303.135351 
303.124811 
303.114270 
303.103727 
303.093183 
303.082638 
303.072091 
303.061543 
303.050994 
303.040444 
303.029892 
303.019339 
303.008784 
302.998228 
302.987671 
302.977113 
302.966553 
302.955992 
302.945430 
302.934866 
302.924301 
302.913735 
302.903167 
302.892598 
302.882028 
302.871456 
302.860883 
302.850309 
302.839734 
302.829157 
302.818579 
302.807999 
302.797418 
302.786836 
302.776253 
302.765668 
302.755082 
302.744494 
302.733905 
302.723315 
302.712724 
302.702131 
302.691537 
302.680942 
302.670345 
302.659747 
302.649147 
302.638547 
302.627945 
302.617341 
302.606737 
302.596130 
302.585523 
302.574914 
302.564304 
302.553693 
302.543080 
302.532466 
302.521851 
302.511234 
302.500616 
302.489997 
302.479376 
302.468754 
302.458130 
302.447506 
302.436880 
302.426252 
302.415624 
302.404993 
302.394362 
302.383729 
302.373095 
302.362460 
302.351823 
302.341185 
302.330545 
302.319904 
302.309262 
302.298619 
302.287974 
302.277328 
302.266680 
302.256031 
302.245381 
302.234730 
302.224077 
302.213422 
302.202767 
302.192110 
302.181451 
302.170792 
302.160131 
302.149468 
302.138805 
302.128140 
302.117473 
302.106805 
302.096136 
302.085466 
302.074794 
302.064121 
302.053446 
302.042770 
302.032093 
302.021414 
302.010735 
302.000053 
301.989371 
301.978686 
301.968001 
301.957314 
301.946626 
301.935937 
301.925246 
301.914554 
301.903860 
301.893165 
301.882469 
301.871771 
301.861072 
301.850372 
301.839670 
301.828967 
301.818263 
301.807557 
301.796850 
301.786141 
301.775431 
301.764720 
301.754007 
301.743293 
301.732578 
301.721861 
301.711143 
301.700424 
301.689703 
301.678980 
301.668257 
301.657532 
301.646806 
301.636078 
301.625349 
301.614618 
301.603886 
301.593153 
301.582419 
301.571683 
301.560945 
301.550207 
301.539466 
301.528725 
301.517982 
301.507238 
301.496492 
301.485745 
301.474997 
301.464247 
301.453496 
301.442744 
301.431990 
301.421234 
301.410478 
301.399720 
301.388960 
301.378199 
301.367437 
301.356674 
301.345909 
301.335142 
301.324375 
301.313606 
301.302835 
301.292063 
301.281290 
301.270515 
301.259739 
301.248962 
301.238183 
301.227403 
301.216621 
301.205838 
301.195053 
301.184268 
301.173480 
301.162692 
301.151902 
301.141111 
301.130318 
301.119524 
301.108728 
301.097931 
301.087133 
301.076333 
301.065532 
301.054729 
301.043925 
301.033120 
301.022313 
301.011505 
301.000695 
300.989885 
300.979072 
300.968258 
300.957443 
300.946627 
300.935809 
300.924989 
300.914169 
300.903346 
300.892523 
300.881698 
300.870871 
300.860044 
300.849214 
300.838384 
300.827552 
300.816718 
300.805883 
300.795047 
300.784209 
300.773370 
300.762530 
300.751688 
300.740845 
300.730000 
300.719154 
300.708306 
300.697457 
300.686607 
300.675755 
300.664902 
300.654047 
300.643191 
300.632334 
300.621475 
300.610614 
300.599753 
300.588890 
300.578025 
300.567159 
300.556292 
300.545423 
300.534552 
300.523681 
300.512808 
300.501933 
300.491057 
300.480180 
300.469301 
300.458421 
300.447539 
300.436656 
300.425771 
300.414886 
300.403998 
300.393109 
300.382219 
300.371328 
300.360434 
300.349540 
300.338644 
300.327747 
300.316848 
300.305948 
300.295046 
300.284143 
300.273238 
300.262332 
300.251425 
300.240516 
300.229606 
300.218694 
300.207781 
300.196866 
300.185950 
300.175033 
300.164114 
300.153193 
300.142272 
300.131348 
300.120424 
300.109498 
300.098570 
300.087641 
300.076711 
300.065779 
300.054845 
300.043911 
300.032974 
300.022037 
300.011098 
300.000157 
299.989215 
299.978272 
299.967327 
299.956380 
299.945432 
299.934483 
299.923532 
299.912580 
299.901627 
299.890672 
299.879715 
299.868757 
299.857798 
299.846837 
299.835874 
299.824911 
299.813945 
299.802979 
299.792011 
299.781041 
299.770070 
299.759097 
299.748123 
299.737148 
299.726171 
299.715193 
299.704213 
299.693232 
299.682249 
299.671265 
299.660279 
299.649292 
299.638303 
299.627313 
299.616322 
299.605329 
299.594334 
299.583338 
299.572341 
299.561342 
299.550341 
299.539340 
299.528336 
299.517332 
299.506325 
299.495318 
299.484309 
299.473298 
299.462286 
299.451272 
299.440257 
299.429241 
299.418223 
299.407203 
299.396182 
299.385160 
299.374136 
299.363111 
299.352084 
299.341055 
299.330025 
299.318994 
299.307961 
299.296927 
299.285891 
299.274854 
299.263815 
299.252775 
299.241734 
299.230690 
299.219646 
299.208600 
299.197552 
299.186503 
299.175452 
299.164400 
299.153347 
299.142292 
299.131235 
299.120177 
299.109118 
299.098057 
299.086994 
299.075930 
299.064865 
299.053798 
299.042729 
299.031659 
299.020588 
299.009515 
298.998441 
298.987365 
298.976287 
298.965208 
298.954128 
298.943046 
298.931962 
298.920878 
298.909791 
298.898703 
298.887614 
298.876523 
298.865430 
298.854337 
298.843241 
298.832144 
298.821046 
298.809946 
298.798844 
298.787741 
298.776637 
298.765531 
298.754424 
298.743315 
298.732204 
298.721092 
298.709979 
298.698864 
298.687747 
298.676629 
298.665510 
298.654389 
298.643266 
298.632142 
298.621016 
298.609889 
298.598761 
298.587630 
298.576499 
298.565366 
298.554231 
298.543095 
298.531957 
298.520818 
298.509677 
298.498535 
298.487391 
298.476246 
298.465099 
298.453950 
298.442800 
298.431649 
298.420496 
298.409342 
298.398186 
298.387028 
298.375869 
298.364709 
298.353547 
298.342383 
298.331218 
298.320051 
298.308883 
298.297713 
298.286542 
298.275369 
298.264195 
298.253019 
298.241842 
298.230663 
298.219482 
298.208300 
298.197117 
298.185932 
298.174745 
298.163557 
298.152367 
298.141176 
298.129983 
298.118789 
298.107593 
298.096396 
298.085197 
298.073996 
298.062795 
298.051591 
298.040386 
298.029179 
298.017971 
298.006761 
297.995550 
297.984337 
297.973123 
297.961907 
297.950690 
297.939471 
297.928250 
297.917028 
297.905805 
297.894579 
297.883353 
297.872124 
297.860895 
297.849663 
297.838430 
297.827196 
297.815960 
297.804722 
297.793483 
297.782242 
297.771000 
297.759756 
297.748511 
297.737264 
297.726015 
297.714765 
297.703514 
297.692260 
297.681006 
297.669749 
297.658492 
297.647232 
297.635971 
297.624709 
297.613444 
297.602179 
297.590912 
297.579643 
297.568372 
297.557100 
297.545827 
297.534552 
297.523275 
297.511997 
297.500717 
297.489436 
297.478153 
297.466868 
297.455582 
297.444295 
297.433005 
297.421715 
297.410422 
297.399128 
297.387833 
297.376536 
297.365237 
297.353937 
297.342635 
297.331331 
297.320026 
297.308720 
297.297412 
297.286102 
297.274791 
297.263478 
297.252163 
297.240847 
297.229529 
297.218210 
297.206889 
297.195567 
297.184243 
297.172917 
297.161590 
297.150261 
297.138931 
297.127599 
297.116265 
297.104930 
297.093594 
297.082255 
297.070915 
297.059574 
297.048231 
297.036886 
297.025540 
297.014192 
297.002842 
296.991491 
296.980139 
296.968784 
296.957429 
296.946071 
296.934712 
296.923351 
296.911989 
296.900625 
296.889260 
296.877893 
296.866524 
296.855154 
296.843782 
296.832408 
296.821033 
296.809656 
296.798278 
296.786898 
296.775517 
296.764133 
296.752749 
296.741362 
296.729974 
296.718585 
296.707194 
296.695801 
296.684406 
296.673010 
296.661613 
296.650213 
296.638813 
296.627410 
296.616006 
296.604600 
296.593193 
296.581784 
296.570373 
296.558961 
296.547547 
296.536132 
296.524715 
296.513296 
296.501876 
296.490454 
296.479030 
296.467605 
296.456178 
296.444750 
296.433320 
296.421888 
296.410454 
296.399020 
296.387583 
296.376145 
296.364705 
296.353263 
296.341820 
296.330375 
296.318929 
296.307481 
296.296031 
296.284580 
296.273127 
296.261673 
296.250216 
296.238759 
296.227299 
296.215838 
296.204375 
296.192911 
296.181445 
296.169977 
296.158508 
296.147037 
296.135564 
296.124090 
296.112614 
296.101137 
296.089657 
296.078177 
296.066694 
296.055210 
296.043724 
296.032237 
296.020748 
296.009257 
295.997765 
295.986271 
295.974775 
295.963278 
295.951779 
295.940278 
295.928776 
295.917272 
295.905766 
295.894259 
295.882750 
295.871240 
295.859727 
295.848213 
295.836698 
295.825181 
295.813662 
295.802141 
295.790619 
295.779095 
295.767570 
295.756043 
295.744514 
295.732983 
295.721451 
295.709917 
295.698382 
295.686845 
295.675306 
295.663765 
295.652223 
295.640679 
295.629134 
295.617586 
295.606037 
295.594487 
295.582935 
295.571381 
295.559825 
295.548268 
295.536709 
295.525148 
295.513586 
295.502022 
295.490457 
295.478889 
295.467320 
295.455750 
295.444177 
295.432603 
295.421028 
295.409450 
295.397871 
295.386290 
295.374708 
295.363124 
295.351538 
295.339950 
295.328361 
295.316770 
295.305178 
295.293583 
295.281987 
295.270390 
295.258790 
295.247189 
295.235587 
295.223982 
295.212376 
295.200768 
295.189159 
295.177547 
295.165935 
295.154320 
295.142704 
295.131086 
295.119466 
295.107844 
295.096221 
295.084597 
295.072970 
295.061342 
295.049712 
295.038080 
295.026447 
295.014812 
295.003175 
294.991537 
294.979897 
294.968255 
294.956611 
294.944966 
294.933319 
294.921670 
294.910020 
294.898368 
294.886714 
294.875058 
294.863401 
294.851742 
294.840081 
294.828419 
294.816755 
294.805089 
294.793421 
294.781752 
294.770081 
294.758408 
294.746734 
294.735057 
294.723380 
294.711700 
294.700019 
294.688335 
294.676651 
294.664964 
294.653276 
294.641586 
294.629894 
294.618201 
294.606506 
294.594809 
294.583110 
294.571410 
294.559708 
294.548004 
294.536298 
294.524591 
294.512882 
294.501171 
294.489459 
294.477744 
294.466028 
294.454311 
294.442591 
294.430870 
294.419147 
294.407422 
294.395696 
294.383968 
294.372238 
294.360506 
294.348773 
294.337038 
294.325301 
294.313562 
294.301822 
294.290080 
294.278336 
294.266590 
294.254843 
294.243094 
294.231343 
294.219590 
294.207836 
294.196080 
294.184322 
294.172562 
294.160801 
294.149037 
294.137273 
294.125506 
294.113737 
294.101967 
294.090195 
294.078422 
294.066646 
294.054869 
294.043090 
294.031309 
294.019526 
294.007742 
293.995956 
293.984168 
293.972379 
293.960587 
293.948794 
293.936999 
293.925203 
293.913404 
293.901604 
293.889802 
293.877998 
293.866193 
293.854385 
293.842576 
293.830765 
293.818953 
293.807138 
293.795322 
293.783504 
293.771685 
293.759863 
293.748040 
293.736215 
293.724388 
293.712559 
293.700729 
293.688896 
293.677062 
293.665227 
293.653389 
293.641550 
293.629709 
293.617866 
293.606021 
293.594174 
293.582326 
293.570476 
293.558624 
293.546770 
293.534915 
293.523058 
293.511199 
293.499338 
293.487475 
293.475611 
293.463744 
293.451876 
293.440006 
293.428135 
293.416261 
293.404386 
293.392509 
293.380630 
293.368750 
293.356867 
293.344983 
293.333097 
293.321209 
293.309319 
293.297428 
293.285534 
293.273639 
293.261742 
293.249844 
293.237943 
293.226041 
293.214137 
293.202231 
293.190323 
293.178413 
293.166502 
293.154588 
293.142673 
293.130756 
293.118838 
293.106917 
293.094995 
293.083071 
293.071145 
293.059217 
293.047287 
293.035356 
293.023423 
293.011487 
292.999550 
292.987612 
292.975671 
292.963729 
292.951784 
292.939838 
292.927890 
292.915941 
292.903989 
292.892036 
292.880081 
292.868123 
292.856165 
292.844204 
292.832241 
292.820277 
292.808311 
292.796342 
292.784372 
292.772401 
292.760427 
292.748452 
292.736474 
292.724495 
292.712514 
292.700531 
292.688547 
292.676560 
292.664572 
292.652581 
292.640589 
292.628595 
292.616600 
292.604602 
292.592603 
292.580601 
292.568598 
292.556593 
292.544586 
292.532577 
292.520567 
292.508554 
292.496540 
292.484524 
292.472506 
292.460486 
292.448464 
292.436440 
292.424415 
292.412388 
292.400358 
292.388327 
292.376294 
292.364260 
292.352223 
292.340184 
292.328144 
292.316102 
292.304058 
292.292012 
292.279964 
292.267914 
292.255862 
292.243809 
292.231753 
292.219696 
292.207637 
292.195576 
292.183513 
292.171448 
292.159381 
292.147313 
292.135243 
292.123170 
292.111096 
292.099020 
292.086942 
292.074862 
292.062780 
292.050697 
292.038611 
292.026524 
292.014435 
292.002344 
291.990250 
291.978156 
291.966059 
291.953960 
291.941859 
291.929757 
291.917652 
291.905546 
291.893438 
291.881328 
291.869216 
291.857102 
291.844986 
291.832868 
291.820749 
291.808627 
291.796504 
291.784379 
291.772251 
291.760122 
291.747991 
291.735858 
291.723723 
291.711587 
291.699448 
291.687307 
291.675165 
291.663020 
291.650874 
291.638726 
291.626576 
291.614424 
291.602270 
291.590114 
291.577956 
291.565796 
291.553635 
291.541471 
291.529306 
291.517138 
291.504969 
291.492798 
291.480624 
291.468449 
291.456272 
291.444093 
291.431913 
291.419730 
291.407545 
291.395358 
291.383170 
291.370979 
291.358787 
291.346592 
291.334396 
291.322198 
291.309998 
291.297795 
291.285591 
291.273385 
291.261177 
291.248968 
291.236756 
291.224542 
291.212326 
291.200109 
291.187889 
291.175667 
291.163444 
291.151219 
291.138991 
291.126762 
291.114531 
291.102297 
291.090062 
291.077825 
291.065586 
291.053345 
291.041102 
291.028857 
291.016610 
291.004361 
290.992111 
290.979858 
290.967603 
290.955346 
290.943088 
290.930827 
290.918565 
290.906300 
290.894034 
290.881765 
290.869495 
290.857222 
290.844948 
290.832672 
290.820393 
290.808113 
290.795831 
290.783547 
290.771261 
290.758972 
290.746682 
290.734390 
290.722096 
290.709800 
290.697502 
290.685202 
290.672900 
290.660596 
290.648290 
290.635982 
290.623673 
290.611361 
290.599047 
290.586731 
290.574413 
290.562093 
290.549772 
290.537448 
290.525122 
290.512794 
290.500464 
290.488133 
290.475799 
290.463463 
290.451126 
290.438786 
290.426444 
290.414100 
290.401755 
290.389407 
290.377057 
290.364706 
290.352352 
290.339996 
290.327638 
290.315279 
290.302917 
290.290553 
290.278188 
290.265820 
290.253450 
290.241078 
290.228705 
290.216329 
290.203951 
290.191571 
290.179190 
290.166806 
290.154420 
290.142032 
290.129642 
290.117250 
290.104856 
290.092461 
290.080063 
290.067663 
290.055261 
290.042857 
290.030451 
290.018043 
290.005633 
289.993220 
289.980806 
289.968390 
289.955972 
289.943552 
289.931130 
289.918705 
289.906279 
289.893851 
289.881420 
289.868988 
289.856553 
289.844117 
289.831678 
289.819238 
289.806795 
289.794351 
289.781904 
289.769455 
289.757005 
289.744552 
289.732097 
289.719640 
289.707181 
289.694720 
289.682257 
289.669792 
289.657325 
289.644856 
289.632385 
289.619911 
289.607436 
289.594959 
289.582479 
289.569998 
289.557514 
289.545029 
289.532541 
289.520051 
289.507559 
289.495066 
289.482570 
289.470072 
289.457572 
289.445070 
289.432565 
289.420059 
289.407551 
289.395041 
289.382528 
289.370014 
289.357497 
289.344978 
289.332458 
289.319935 
289.307410 
289.294883 
289.282354 
289.269823 
289.257290 
289.244754 
289.232217 
289.219678 
289.207136 
289.194593 
289.182047 
289.169499 
289.156949 
289.144397 
289.131843 
289.119287 
289.106729 
289.094169 
289.081607 
289.069042 
289.056475 
289.043907 
289.031336 
289.018763 
289.006188 
288.993611 
288.981032 
288.968451 
288.955868 
288.943282 
288.930695 
288.918105 
288.905513 
288.892919 
288.880323 
288.867725 
288.855125 
288.842523 
288.829919 
288.817312 
288.804703 
288.792093 
288.779480 
288.766865 
288.754248 
288.741629 
288.729007 
288.716384 
288.703758 
288.691131 
288.678501 
288.665869 
288.653235 
288.640599 
288.627961 
288.615320 
288.602678 
288.590033 
288.577386 
288.564737 
288.552086 
288.539433 
288.526778 
288.514120 
288.501461 
288.488799 
288.476135 
288.463469 
288.450801 
288.438131 
288.425459 
288.412784 
288.400107 
288.387429 
288.374748 
288.362065 
288.349379 
288.336692 
288.324002 
288.311311 
288.298617 
288.285921 
288.273223 
288.260522 
288.247820 
288.235115 
288.222409 
288.209700 
288.196989 
288.184275 
288.171560 
288.158842 
288.146123 
288.133401 
288.120677 
288.107951 
288.095222 
288.082492 
288.069759 
288.057024 
288.044287 
288.031548 
288.018806 
288.006063 
287.993317 
287.980569 
287.967819 
287.955067 
287.942312 
287.929556 
287.916797 
287.904036 
287.891273 
287.878508 
287.865740 
287.852970 
287.840199 
287.827425 
287.814648 
287.801870 
287.789089 
287.776306 
287.763521 
287.750734 
287.737945 
287.725153 
287.712360 
287.699564 
287.686765 
287.673965 
287.661162 
287.648358 
287.635551 
287.622742 
287.609930 
287.597117 
287.584301 
287.571483 
287.558663 
287.545840 
287.533016 
287.520189 
287.507360 
287.494529 
287.481695 
287.468860 
287.456022 
287.443182 
287.430339 
287.417495 
287.404648 
287.391799 
287.378948 
287.366094 
287.353239 
287.340381 
287.327521 
287.314659 
287.301794 
287.288927 
287.276058 
287.263187 
287.250314 
287.237438 
287.224560 
287.211680 
287.198798 
287.185913 
287.173026 
287.160137 
287.147246 
287.134352 
287.121456 
287.108558 
287.095658 
287.082756 
287.069851 
287.056944 
287.044034 
287.031123 
287.018209 
287.005293 
286.992375 
286.979454 
286.966532 
286.953607 
286.940679 
286.927750 
286.914818 
286.901884 
286.888948 
286.876009 
286.863068 
286.850125 
286.837180 
286.824232 
286.811282 
286.798330 
286.785376 
286.772419 
286.759460 
286.746499 
286.733535 
286.720569 
286.707601 
286.694631 
286.681658 
286.668684 
286.655706 
286.642727 
286.629745 
286.616761 
286.603775 
286.590786 
286.577795 
286.564802 
286.551807 
286.538809 
286.525809 
286.512807 
286.499802 
286.486795 
286.473786 
286.460775 
286.447761 
286.434745 
286.421727 
286.408706 
286.395683 
286.382658 
286.369630 
286.356600 
286.343568 
286.330534 
286.317497 
286.304458 
286.291416 
286.278373 
286.265327 
286.252278 
286.239228 
286.226175 
286.213120 
286.200062 
286.187002 
286.173940 
286.160875 
286.147808 
286.134739 
286.121668 
286.108594 
286.095518 
286.082439 
286.069359 
286.056275 
286.043190 
286.030102 
286.017012 
286.003920 
285.990825 
285.977728 
285.964628 
285.951527 
285.938422 
285.925316 
285.912207 
285.899096 
285.885983 
285.872867 
285.859749 
285.846628 
285.833505 
285.820380 
285.807252 
285.794123 
285.780990 
285.767856 
285.754719 
285.741579 
285.728438 
285.715294 
285.702147 
285.688999 
285.675847 
285.662694 
285.649538 
285.636380 
285.623219 
285.610056 
285.596891 
285.583724 
285.570554 
285.557381 
285.544206 
285.531029 
285.517850 
285.504668 
285.491484 
285.478297 
285.465108 
285.451917 
285.438723 
285.425527 
285.412328 
285.399127 
285.385924 
285.372718 
285.359510 
285.346300 
285.333087 
285.319872 
285.306654 
285.293434 
285.280212 
285.266987 
285.253760 
285.240530 
285.227298 
285.214064 
285.200827 
285.187588 
285.174346 
285.161102 
285.147856 
285.134607 
285.121356 
285.108102 
285.094846 
285.081587 
285.068327 
285.055063 
285.041798 
285.028529 
285.015259 
285.001986 
284.988711 
284.975433 
284.962153 
284.948870 
284.935585 
284.922298 
284.909008 
284.895715 
284.882421 
284.869123 
284.855824 
284.842522 
284.829217 
284.815910 
284.802601 
284.789289 
284.775975 
284.762658 
284.749339 
284.736018 
284.722694 
284.709367 
284.696038 
284.682707 
284.669373 
284.656037 
284.642699 
284.629357 
284.616014 
284.602668 
284.589319 
284.575968 
284.562615 
284.549259 
284.535901 
284.522540 
284.509177 
284.495811 
284.482443 
284.469073 
284.455700 
284.442324 
284.428946 
284.415566 
284.402183 
284.388797 
284.375409 
284.362019 
284.348626 
284.335231 
284.321833 
284.308433 
284.295030 
284.281625 
284.268217 
284.254807 
284.241394 
284.227979 
284.214561 
284.201141 
284.187719 
284.174293 
284.160866 
284.147436 
284.134003 
284.120568 
284.107130 
284.093690 
284.080248 
284.066803 
284.053355 
284.039905 
284.026452 
284.012997 
283.999540 
283.986079 
283.972617 
283.959152 
283.945684 
283.932214 
283.918741 
283.905266 
283.891788 
283.878308 
283.864825 
283.851340 
283.837852 
283.824362 
283.810869 
283.797374 
283.783876 
283.770375 
283.756872 
283.743367 
283.729859 
283.716348 
283.702835 
283.689319 
283.675801 
283.662281 
283.648757 
283.635232 
283.621703 
283.608172 
283.594639 
283.581103 
283.567565 
283.554024 
283.540480 
283.526934 
283.513385 
283.499834 
283.486280 
283.472724 
283.459165 
283.445603 
283.432039 
283.418473 
283.404904 
283.391332 
283.377758 
283.364181 
283.350601 
283.337019 
283.323435 
283.309848 
283.296258 
283.282666 
283.269071 
283.255473 
283.241873 
283.228271 
283.214666 
283.201058 
283.187448 
283.173835 
283.160219 
283.146601 
283.132981 
283.119357 
283.105732 
283.092103 
283.078472 
283.064838 
283.051202 
283.037563 
283.023922 
283.010278 
282.996631 
282.982982 
282.969330 
282.955676 
282.942019 
282.928359 
282.914697 
282.901032 
282.887365 
282.873695 
282.860022 
282.846347 
282.832669 
282.818988 
282.805305 
282.791620 
282.777931 
282.764240 
282.750546 
282.736850 
282.723151 
282.709450 
282.695746 
282.682039 
282.668330 
282.654618 
282.640903 
282.627186 
282.613466 
282.599743 
282.586018 
282.572290 
282.558559 
282.544826 
282.531090 
282.517352 
282.503611 
282.489867 
282.476121 
282.462372 
282.448620 
282.434866 
282.421109 
282.407349 
282.393587 
282.379822 
282.366054 
282.352284 
282.338511 
282.324735 
282.310957 
282.297176 
282.283392 
282.269606 
282.255817 
282.242025 
282.228231 
282.214434 
282.200634 
282.186832 
282.173027 
282.159219 
282.145409 
282.131596 
282.117780 
282.103962 
282.090141 
282.076317 
282.062490 
282.048661 
282.034829 
282.020994 
282.007157 
281.993317 
281.979474 
281.965629 
281.951781 
281.937930 
281.924077 
281.910220 
281.896361 
281.882500 
281.868635 
281.854768 
281.840899 
281.827026 
281.813151 
281.799273 
281.785392 
281.771509 
281.757623 
281.743734 
281.729843 
281.715948 
281.702051 
281.688152 
281.674249 
281.660344 
281.646436 
281.632526 
281.618612 
281.604696 
281.590777 
281.576856 
281.562931 
281.549004 
281.535074 
281.521142 
281.507207 
281.493269 
281.479328 
281.465384 
281.451438 
281.437489 
281.423537 
281.409582 
281.395625 
281.381665 
281.367702 
281.353737 
281.339768 
281.325797 
281.311823 
281.297846 
281.283867 
281.269885 
281.255900 
281.241912 
281.227921 
281.213928 
281.199932 
281.185933 
281.171932 
281.157927 
281.143920 
281.129910 
281.115897 
281.101881 
281.087863 
281.073842 
281.059818 
281.045791 
281.031762 
281.017729 
281.003694 
280.989656 
280.975615 
280.961572 
280.947526 
280.933476 
280.919424 
280.905370 
280.891312 
280.877252 
280.863188 
280.849122 
280.835054 
280.820982 
280.806907 
280.792830 
280.778750 
280.764667 
280.750581 
280.736493 
280.722401 
280.708307 
280.694210 
280.680110 
280.666007 
280.651902 
280.637793 
280.623682 
280.609568 
280.595451 
280.581331 
280.567209 
280.553083 
280.538955 
280.524824 
280.510690 
280.496553 
280.482413 
280.468270 
280.454125 
280.439977 
280.425826 
280.411671 
280.397515 
280.383355 
280.369192 
280.355027 
280.340858 
280.326687 
280.312513 
280.298336 
280.284156 
280.269974 
280.255788 
280.241600 
280.227408 
280.213214 
280.199017 
280.184817 
280.170614 
280.156408 
280.142200 
280.127988 
280.113774 
280.099556 
280.085336 
280.071113 
280.056887 
280.042658 
280.028426 
280.014191 
279.999954 
279.985713 
279.971470 
279.957223 
279.942974 
279.928722 
279.914467 
279.900209 
279.885948 
279.871684 
279.857417 
279.843147 
279.828875 
279.814599 
279.800321 
279.786039 
279.771755 
279.757468 
279.743177 
279.728884 
279.714588 
279.700289 
279.685987 
279.671682 
279.657374 
279.643064 
279.628750 
279.614433 
279.600114 
279.585791 
279.571465 
279.557137 
279.542806 
279.528471 
279.514134 
279.499793 
279.485450 
279.471104 
279.456755 
279.442403 
279.428047 
279.413689 
279.399328 
279.384964 
279.370597 
279.356227 
279.341854 
279.327478 
279.313099 
279.298717 
279.284332 
279.269944 
279.255554 
279.241160 
279.226763 
279.212363 
279.197960 
279.183554 
279.169145 
279.154734 
279.140319 
279.125901 
279.111480 
279.097056 
279.082629 
279.068199 
279.053767 
279.039331 
279.024892 
279.010450 
278.996005 
278.981557 
278.967106 
278.952652 
278.938195 
278.923735 
278.909272 
278.894806 
278.880337 
278.865864 
278.851389 
278.836911 
278.822430 
278.807945 
278.793458 
278.778968 
278.764474 
278.749978 
278.735478 
278.720976 
278.706470 
278.691961 
278.677450 
278.662935 
278.648417 
278.633896 
278.619372 
278.604845 
278.590315 
278.575782 
278.561246 
278.546706 
278.532164 
278.517618 
278.503070 
278.488518 
278.473964 
278.459406 
278.444845 
278.430281 
278.415714 
278.401144 
278.386571 
278.371995 
278.357415 
278.342833 
278.328248 
278.313659 
278.299067 
278.284472 
278.269874 
278.255273 
278.240669 
278.226062 
278.211452 
278.196838 
278.182222 
278.167602 
278.152979 
278.138353 
278.123724 
278.109092 
278.094457 
278.079819 
278.065177 
278.050532 
278.035885 
278.021234 
278.006580 
277.991923 
277.977262 
277.962599 
277.947932 
277.933263 
277.918590 
277.903914 
277.889235 
277.874552 
277.859867 
277.845178 
277.830487 
277.815792 
277.801094 
277.786392 
277.771688 
277.756980 
277.742270 
277.727556 
277.712839 
277.698119 
277.683395 
277.668669 
277.653939 
277.639206 
277.624470 
277.609731 
277.594988 
277.580243 
277.565494 
277.550742 
277.535987 
277.521228 
277.506467 
277.491702 
277.476934 
277.462163 
277.447389 
277.432611 
277.417830 
277.403046 
277.388259 
277.373469 
277.358675 
277.343878 
277.329078 
277.314275 
277.299469 
277.284659 
277.269846 
277.255030 
277.240211 
277.225388 
277.210562 
277.195733 
277.180901 
277.166066 
277.151227 
277.136385 
277.121540 
277.106691 
277.091840 
277.076985 
277.062127 
277.047265 
277.032401 
277.017533 
277.002661 
276.987787 
276.972909 
276.958028 
276.943144 
276.928257 
276.913366 
276.898472 
276.883575 
276.868674 
276.853770 
276.838863 
276.823953 
276.809039 
276.794122 
276.779202 
276.764279 
276.749352 
276.734422 
276.719488 
276.704552 
276.689612 
276.674668 
276.659722 
276.644772 
276.629819 
276.614863 
276.599903 
276.584940 
276.569973 
276.555004 
276.540031 
276.525054 
276.510075 
276.495092 
276.480106 
276.465116 
276.450123 
276.435127 
276.420127 
276.405125 
276.390118 
276.375109 
276.360096 
276.345080 
276.330060 
276.315037 
276.300011 
276.284981 
276.269948 
276.254912 
276.239873 
276.224830 
276.209783 
276.194734 
276.179680 
276.164624 
276.149564 
276.134501 
276.119435 
276.104365 
276.089292 
276.074215 
276.059135 
276.044052 
276.028965 
276.013875 
275.998781 
275.983684 
275.968584 
275.953480 
275.938373 
275.923263 
275.908149 
275.893032 
275.877911 
275.862787 
275.847660 
275.832529 
275.817394 
275.802257 
275.787116 
275.771971 
275.756823 
275.741672 
275.726517 
275.711359 
275.696198 
275.681033 
275.665864 
275.650692 
275.635517 
275.620338 
275.605156 
275.589971 
275.574782 
275.559589 
275.544393 
275.529194 
275.513991 
275.498785 
275.483575 
275.468362 
275.453146 
275.437925 
275.422702 
275.407475 
275.392245 
275.377011 
275.361773 
275.346532 
275.331288 
275.316040 
275.300789 
275.285534 
275.270276 
275.255015 
275.239749 
275.224481 
275.209209 
275.193933 
275.178654 
275.163371 
275.148085 
275.132796 
275.117502 
275.102206 
275.086906 
275.071602 
275.056295 
275.040984 
275.025670 
275.010353 
274.995031 
274.979707 
274.964379 
274.949047 
274.933712 
274.918373 
274.903030 
274.887685 
274.872335 
274.856982 
274.841626 
274.826266 
274.810902 
274.795535 
274.780165 
274.764791 
274.749413 
274.734032 
274.718647 
274.703258 
274.687866 
274.672471 
274.657072 
274.641669 
274.626263 
274.610853 
274.595440 
274.580023 
274.564603 
274.549179 
274.533751 
274.518320 
274.502885 
274.487447 
274.472005 
274.456559 
274.441110 
274.425657 
274.410201 
274.394741 
274.379277 
274.363810 
274.348339 
274.332865 
274.317387 
274.301905 
274.286420 
274.270931 
274.255439 
274.239943 
274.224443 
274.208940 
274.193433 
274.177922 
274.162408 
274.146890 
274.131369 
274.115844 
274.100315 
274.084783 
274.069247 
274.053707 
274.038164 
274.022617 
274.007066 
273.991512 
273.975954 
273.960392 
273.944827 
273.929258 
273.913685 
273.898109 
273.882529 
273.866945 
273.851358 
273.835767 
273.820173 
273.804574 
273.788972 
273.773366 
273.757757 
273.742144 
273.726527 
273.710907 
273.695282 
273.679655 
273.664023 
273.648388 
273.632749 
273.617106 
273.601459 
273.585809 
273.570155 
273.554498 
273.538837 
273.523172 
273.507503 
273.491830 
273.476154 
273.460474 
273.444790 
273.429103 
273.413412 
273.397717 
273.382018 
273.366316 
273.350610 
273.334900 
273.319186 
273.303469 
273.287748 
273.272023 
273.256294 
273.240562 
273.224825 
273.209085 
273.193342 
273.177594 
273.161843 
273.146088 
273.130329 
273.114566 
273.098800 
273.083029 
273.067255 
273.051478 
273.035696 
273.019911 
273.004121 
272.988328 
272.972531 
272.956731 
272.940926 
272.925118 
272.909306 
272.893490 
272.877670 
272.861847 
272.846020 
272.830188 
272.814353 
272.798514 
272.782672 
272.766825 
272.750975 
272.735121 
272.719263 
272.703401 
272.687535 
272.671665 
272.655792 
272.639915 
272.624034 
272.608149 
272.592260 
272.576367 
272.560470 
272.544570 
272.528665 
272.512757 
272.496845 
272.480929 
272.465009 
272.449085 
272.433158 
272.417226 
272.401291 
272.385352 
272.369408 
272.353461 
272.337510 
272.321555 
272.305596 
272.289634 
272.273667 
272.257696 
272.241722 
272.225743 
272.209761 
272.193775 
272.177785 
272.161791 
272.145793 
272.129791 
272.113785 
272.097775 
272.081761 
272.065743 
272.049722 
272.033696 
272.017666 
272.001633 
271.985595 
271.969554 
271.953508 
271.937459 
271.921406 
271.905348 
271.889287 
271.873222 
271.857152 
271.841079 
271.825002 
271.808921 
271.792836 
271.776746 
271.760653 
271.744556 
271.728455 
271.712350 
271.696241 
271.680127 
271.664010 
271.647889 
271.631764 
271.615635 
271.599501 
271.583364 
271.567223 
271.551077 
271.534928 
271.518775 
271.502617 
271.486456 
271.470290 
271.454121 
271.437947 
271.421770 
271.405588 
271.389402 
271.373212 
271.357019 
271.340821 
271.324619 
271.308413 
271.292203 
271.275989 
271.259770 
271.243548 
271.227322 
271.211091 
271.194857 
271.178618 
271.162375 
271.146128 
271.129877 
271.113622 
271.097363 
271.081100 
271.064833 
271.048561 
271.032286 
271.016006 
270.999722 
270.983435 
270.967142 
270.950846 
270.934546 
270.918242 
270.901933 
270.885621 
270.869304 
270.852983 
270.836658 
270.820329 
270.803995 
270.787658 
270.771316 
270.754970 
270.738620 
270.722266 
270.705908 
270.689545 
270.673179 
270.656808 
270.640433 
270.624054 
270.607670 
270.591283 
270.574891 
270.558495 
270.542095 
270.525691 
270.509282 
270.492869 
270.476452 
270.460031 
270.443606 
270.427176 
270.410743 
270.394305 
270.377862 
270.361416 
270.344965 
270.328511 
270.312051 
270.295588 
270.279121 
270.262649 
270.246173 
270.229692 
270.213208 
270.196719 
270.180226 
270.163729 
270.147227 
270.130721 
270.114211 
270.097697 
270.081178 
270.064655 
270.048128 
270.031597 
270.015061 
269.998521 
269.981977 
269.965428 
269.948875 
269.932318 
269.915756 
269.899191 
269.882621 
269.866046 
269.849467 
269.832884 
269.816297 
269.799705 
269.783109 
269.766509 
269.749904 
269.733295 
269.716682 
269.700065 
269.683443 
269.666816 
269.650186 
269.633551 
269.616911 
269.600267 
269.583619 
269.566967 
269.550310 
269.533649 
269.516983 
269.500313 
269.483639 
269.466960 
269.450277 
269.433590 
269.416898 
269.400202 
269.383501 
269.366796 
269.350087 
269.333373 
269.316655 
269.299932 
269.283205 
269.266474 
269.249738 
269.232998 
269.216253 
269.199504 
269.182750 
269.165992 
269.149230 
269.132463 
269.115692 
269.098916 
269.082136 
269.065351 
269.048562 
269.031769 
269.014971 
268.998168 
268.981361 
268.964550 
268.947734 
268.930914 
268.914089 
268.897260 
268.880426 
268.863587 
268.846745 
268.829897 
268.813046 
268.796189 
268.779329 
268.762463 
268.745594 
268.728719 
268.711841 
268.694957 
268.678069 
268.661177 
268.644280 
268.627379 
268.610473 
268.593562 
268.576647 
268.559728 
268.542804 
268.525875 
268.508942 
268.492004 
268.475062 
268.458115 
268.441163 
268.424207 
268.407247 
268.390282 
268.373312 
268.356338 
268.339359 
268.322375 
268.305387 
268.288395 
268.271397 
268.254395 
268.237389 
268.220378 
268.203362 
268.186342 
268.169317 
268.152287 
268.135253 
268.118215 
268.101171 
268.084123 
268.067070 
268.050013 
268.032951 
268.015885 
267.998813 
267.981737 
267.964657 
267.947572 
267.930482 
267.913387 
267.896288 
267.879184 
267.862076 
267.844963 
267.827845 
267.810722 
267.793595 
267.776463 
267.759326 
267.742185 
267.725039 
267.707888 
267.690733 
267.673572 
267.656408 
267.639238 
267.622064 
267.604885 
267.587701 
267.570512 
267.553319 
267.536121 
267.518918 
267.501711 
267.484499 
267.467282 
267.450060 
267.432834 
267.415602 
267.398366 
267.381126 
267.363880 
267.346630 
267.329375 
267.312115 
267.294850 
267.277581 
267.260307 
267.243028 
267.225744 
267.208455 
267.191162 
267.173863 
267.156560 
267.139253 
267.121940 
267.104622 
267.087300 
267.069973 
267.052641 
267.035304 
267.017963 
267.000616 
266.983265 
266.965908 
266.948547 
266.931182 
266.913811 
266.896435 
266.879055 
266.861669 
266.844279 
266.826884 
266.809484 
266.792079 
266.774669 
266.757255 
266.739835 
266.722411 
266.704981 
266.687547 
266.670108 
266.652664 
266.635215 
266.617761 
266.600302 
266.582838 
266.565370 
266.547896 
266.530417 
266.512934 
266.495445 
266.477952 
266.460454 
266.442950 
266.425442 
266.407929 
266.390411 
266.372888 
266.355359 
266.337826 
266.320288 
266.302745 
266.285197 
266.267644 
266.250086 
266.232523 
266.214955 
266.197382 
266.179804 
266.162221 
266.144632 
266.127039 
266.109441 
266.091838 
266.074230 
266.056616 
266.038998 
266.021375 
266.003746 
265.986113 
265.968475 
265.950831 
265.933182 
265.915529 
265.897870 
265.880206 
265.862537 
265.844863 
265.827184 
265.809500 
265.791811 
265.774117 
265.756417 
265.738713 
265.721003 
265.703288 
265.685568 
265.667843 
265.650113 
265.632378 
265.614638 
265.596892 
265.579142 
265.561386 
265.543625 
265.525859 
265.508088 
265.490311 
265.472530 
265.454743 
265.436951 
265.419154 
265.401352 
265.383545 
265.365732 
265.347914 
265.330091 
265.312263 
265.294430 
265.276591 
265.258748 
265.240899 
265.223045 
265.205185 
265.187321 
265.169451 
265.151576 
265.133695 
265.115810 
265.097919 
265.080023 
265.062122 
265.044215 
265.026303 
265.008386 
264.990464 
264.972537 
264.954604 
264.936666 
264.918722 
264.900773 
264.882820 
264.864860 
264.846896 
264.828926 
264.810951 
264.792970 
264.774984 
264.756993 
264.738997 
264.720995 
264.702988 
264.684976 
264.666958 
264.648935 
264.630906 
264.612872 
264.594833 
264.576789 
264.558739 
264.540684 
264.522623 
264.504557 
264.486486 
264.468409 
264.450327 
264.432239 
264.414147 
264.396048 
264.377945 
264.359835 
264.341721 
264.323601 
264.305476 
264.287345 
264.269209 
264.251067 
264.232920 
264.214768 
264.196610 
264.178446 
264.160277 
264.142103 
264.123923 
264.105738 
264.087547 
264.069351 
264.051149 
264.032942 
264.014730 
263.996512 
263.978288 
263.960059 
263.941824 
263.923584 
263.905339 
263.887087 
263.868831 
263.850569 
263.832301 
263.814028 
263.795749 
263.777465 
263.759175 
263.740879 
263.722578 
263.704272 
263.685960 
263.667642 
263.649319 
263.630990 
263.612656 
263.594316 
263.575970 
263.557619 
263.539262 
263.520900 
263.502532 
263.484158 
263.465779 
263.447394 
263.429004 
263.410608 
263.392206 
263.373799 
263.355386 
263.336967 
263.318543 
263.300113 
263.281678 
263.263236 
263.244790 
263.226337 
263.207879 
263.189415 
263.170945 
263.152470 
263.133989 
263.115502 
263.097010 
263.078512 
263.060008 
263.041498 
263.022983 
263.004462 
262.985935 
262.967403 
262.948865 
262.930321 
262.911771 
262.893216 
262.874655 
262.856088 
262.837515 
262.818936 
262.800352 
262.781762 
262.763166 
262.744565 
262.725957 
262.707344 
262.688725 
262.670100 
262.651470 
262.632833 
262.614191 
262.595543 
262.576889 
262.558229 
262.539563 
262.520892 
262.502215 
262.483531 
262.464842 
262.446148 
262.427447 
262.408740 
262.390028 
262.371309 
262.352585 
262.333855 
262.315119 
262.296377 
262.277629 
262.258875 
262.240115 
262.221350 
262.202578 
262.183801 
262.165017 
262.146228 
262.127433 
262.108631 
262.089824 
262.071011 
262.052192 
262.033367 
262.014536 
261.995699 
261.976856 
261.958007 
261.939152 
261.920291 
261.901424 
261.882551 
261.863672 
261.844787 
261.825896 
261.806998 
261.788095 
261.769186 
261.750271 
261.731350 
261.712422 
261.693489 
261.674550 
261.655604 
261.636653 
261.617695 
261.598731 
261.579761 
261.560786 
261.541804 
261.522815 
261.503821 
261.484821 
261.465815 
261.446802 
261.427783 
261.408758 
261.389728 
261.370690 
261.351647 
261.332598 
261.313542 
261.294481 
261.275413 
261.256339 
261.237259 
261.218172 
261.199080 
261.179981 
261.160876 
261.141765 
261.122647 
261.103524 
261.084394 
261.065258 
261.046116 
261.026967 
261.007812 
260.988651 
260.969484 
260.950311 
260.931131 
260.911945 
260.892753 
260.873554 
260.854349 
260.835138 
260.815921 
260.796697 
260.777467 
260.758231 
260.738988 
260.719739 
260.700484 
260.681222 
260.661954 
260.642680 
260.623400 
260.604113 
260.584819 
260.565520 
260.546214 
260.526901 
260.507583 
260.488257 
260.468926 
260.449588 
260.430244 
260.410893 
260.391536 
260.372172 
260.352802 
260.333426 
260.314043 
260.294654 
260.275258 
260.255856 
260.236447 
260.217032 
260.197611 
260.178183 
260.158749 
260.139308 
260.119860 
260.100406 
260.080946 
260.061479 
260.042006 
260.022526 
260.003039 
259.983546 
259.964047 
259.944541 
259.925028 
259.905509 
259.885984 
259.866452 
259.846913 
259.827367 
259.807816 
259.788257 
259.768692 
259.749120 
259.729542 
259.709957 
259.690366 
259.670768 
259.651163 
259.631552 
259.611934 
259.592309 
259.572678 
259.553040 
259.533396 
259.513745 
259.494087 
259.474422 
259.454751 
259.435073 
259.415389 
259.395698 
259.376000 
259.356295 
259.336584 
259.316866 
259.297141 
259.277409 
259.257671 
259.237926 
259.218175 
259.198416 
259.178651 
259.158879 
259.139100 
259.119315 
259.099522 
259.079723 
259.059917 
259.040105 
259.020285 
259.000459 
258.980626 
258.960786 
258.940939 
258.921086 
258.901225 
258.881358 
258.861484 
258.841603 
258.821715 
258.801820 
258.781919 
258.762010 
258.742095 
258.722173 
258.702243 
258.682307 
258.662364 
258.642415 
258.622458 
258.602494 
258.582523 
258.562546 
258.542561 
258.522570 
258.502571 
258.482566 
258.462553 
258.442534 
258.422508 
258.402474 
258.382434 
258.362387 
258.342332 
258.322271 
258.302202 
258.282127 
258.262045 
258.241955 
258.221858 
258.201755 
258.181644 
258.161526 
258.141402 
258.121270 
258.101131 
258.080985 
258.060832 
258.040671 
258.020504 
258.000329 
257.980148 
257.959959 
257.939763 
257.919560 
257.899350 
257.879133 
257.858908 
257.838677 
257.818438 
257.798192 
257.777939 
257.757678 
257.737411 
257.717136 
257.696854 
257.676565 
257.656268 
257.635964 
257.615654 
257.595335 
257.575010 
257.554677 
257.534337 
257.513990 
257.493636 
257.473274 
257.452905 
257.432528 
257.412145 
257.391754 
257.371355 
257.350950 
257.330537 
257.310116 
257.289689 
257.269254 
257.248812 
257.228362 
257.207905 
257.187440 
257.166968 
257.146489 
257.126002 
257.105508 
257.085007 
257.064498 
257.043982 
257.023458 
257.002927 
256.982388 
256.961842 
256.941289 
256.920728 
256.900159 
256.879583 
256.859000 
256.838409 
256.817810 
256.797204 
256.776591 
256.755970 
256.735341 
256.714705 
256.694062 
256.673411 
256.652752 
256.632086 
256.611412 
256.590730 
256.570041 
256.549345 
256.528641 
256.507929 
256.487209 
256.466482 
256.445748 
256.425005 
256.404255 
256.383498 
256.362733 
256.341960 
256.321179 
256.300391 
256.279595 
256.258791 
256.237980 
256.217161 
256.196334 
256.175500 
256.154658 
256.133808 
256.112950 
256.092085 
256.071211 
256.050331 
256.029442 
256.008545 
255.987641 
255.966729 
255.945809 
255.924881 
255.903946 
255.883003 
255.862051 
255.841092 
255.820126 
255.799151 
255.778168 
255.757178 
255.736180 
255.715174 
255.694159 
255.673138 
255.652108 
255.631070 
255.610024 
255.588971 
255.567909 
255.546840 
255.525762 
255.504677 
255.483583 
255.462482 
255.441373 
255.420255 
255.399130 
255.377997 
255.356855 
255.335706 
255.314549 
255.293383 
255.272210 
255.251028 
255.229839 
255.208641 
255.187436 
255.166222 
255.145000 
255.123770 
255.102532 
255.081286 
255.060031 
255.038769 
255.017498 
254.996220 
254.974933 
254.953638 
254.932335 
254.911023 
254.889704 
254.868376 
254.847040 
254.825696 
254.804344 
254.782983 
254.761614 
254.740237 
254.718852 
254.697459 
254.676057 
254.654647 
254.633228 
254.611802 
254.590367 
254.568924 
254.547472 
254.526012 
254.504544 
254.483068 
254.461583 
254.440089 
254.418588 
254.397078 
254.375560 
254.354033 
254.332498 
254.310954 
254.289402 
254.267842 
254.246273 
254.224696 
254.203110 
254.181516 
254.159914 
254.138303 
254.116683 
254.095055 
254.073419 
254.051774 
254.030121 
254.008459 
253.986788 
253.965109 
253.943421 
253.921725 
253.900020 
253.878307 
253.856585 
253.834855 
253.813116 
253.791368 
253.769612 
253.747847 
253.726074 
253.704291 
253.682501 
253.660701 
253.638893 
253.617076 
253.595251 
253.573417 
253.551574 
253.529722 
253.507862 
253.485993 
253.464115 
253.442229 
253.420334 
253.398430 
253.376517 
253.354595 
253.332665 
253.310726 
253.288778 
253.266821 
253.244856 
253.222881 
253.200898 
253.178906 
253.156905 
253.134895 
253.112877 
253.090849 
253.068813 
253.046767 
253.024713 
253.002650 
252.980578 
252.958497 
252.936407 
252.914308 
252.892200 
252.870083 
252.847957 
252.825822 
252.803678 
252.781525 
252.759363 
252.737192 
252.715012 
252.692823 
252.670625 
252.648418 
252.626202 
252.603976 
252.581742 
252.559498 
252.537246 
252.514984 
252.492713 
252.470433 
252.448144 
252.425845 
252.403538 
252.381221 
252.358895 
252.336560 
252.314216 
252.291862 
252.269499 
252.247127 
252.224746 
252.202356 
252.179956 
252.157547 
252.135128 
252.112701 
252.090264 
252.067817 
252.045362 
252.022897 
252.000423 
251.977939 
251.955446 
251.932944 
251.910432 
251.887911 
251.865380 
251.842840 
251.820291 
251.797732 
251.775164 
251.752586 
251.729999 
251.707402 
251.684796 
251.662180 
251.639555 
251.616920 
251.594276 
251.571622 
251.548959 
251.526286 
251.503604 
251.480912 
251.458210 
251.435499 
251.412779 
251.390048 
251.367308 
251.344559 
251.321799 
251.299030 
251.276252 
251.253463 
251.230666 
251.207858 
251.185041 
251.162213 
251.139377 
251.116530 
251.093674 
251.070808 
251.047932 
251.025046 
251.002151 
250.979246 
250.956331 
250.933406 
250.910471 
250.887527 
250.864572 
250.841608 
250.818634 
250.795650 
250.772656 
250.749652 
250.726638 
250.703615 
250.680581 
250.657538 
250.634484 
250.611421 
250.588347 
250.565264 
250.542170 
250.519067 
250.495953 
250.472830 
250.449696 
250.426552 
250.403399 
250.380235 
250.357061 
250.333877 
250.310683 
250.287478 
250.264264 
250.241039 
250.217805 
250.194560 
250.171305 
250.148040 
250.124764 
250.101478 
250.078183 
250.054876 
250.031560 
250.008233 
249.984896 
249.961549 
249.938192 
249.914824 
249.891446 
249.868057 
249.844659 
249.821249 
249.797830 
249.774400 
249.750960 
249.727509 
249.704048 
249.680576 
249.657095 
249.633602 
249.610099 
249.586586 
249.563062 
249.539528 
249.515983 
249.492428 
249.468862 
249.445286 
249.421699 
249.398101 
249.374493 
249.350875 
249.327245 
249.303605 
249.279955 
249.256294 
249.232622 
249.208940 
249.185247 
249.161543 
249.137829 
249.114103 
249.090367 
249.066621 
249.042864 
249.019095 
248.995317 
248.971527 
248.947726 
248.923915 
248.900093 
248.876260 
248.852417 
248.828562 
248.804697 
248.780820 
248.756933 
248.733035 
248.709126 
248.685206 
248.661275 
248.637333 
248.613380 
248.589417 
248.565442 
248.541456 
248.517459 
248.493451 
248.469432 
248.445403 
248.421362 
248.397309 
248.373246 
248.349172 
248.325087 
248.300990 
248.276882 
248.252764 
248.228634 
248.204493 
248.180340 
248.156177 
248.132002 
248.107816 
248.083618 
248.059410 
248.035190 
248.010959 
247.986717 
247.962463 
247.938198 
247.913922 
247.889634 
247.865335 
247.841024 
247.816702 
247.792369 
247.768024 
247.743668 
247.719301 
247.694922 
247.670531 
247.646129 
247.621716 
247.597291 
247.572854 
247.548406 
247.523946 
247.499475 
247.474993 
247.450498 
247.425992 
247.401475 
247.376945 
247.352404 
247.327852 
247.303288 
247.278712 
247.254124 
247.229525 
247.204914 
247.180291 
247.155656 
247.131010 
247.106352 
247.081682 
247.057000 
247.032306 
247.007601 
246.982883 
246.958154 
246.933413 
246.908660 
246.883895 
246.859118 
246.834329 
246.809529 
246.784716 
246.759891 
246.735055 
246.710206 
246.685345 
246.660472 
246.635587 
246.610690 
246.585781 
246.560860 
246.535927 
246.510981 
246.486024 
246.461054 
246.436072 
246.411078 
246.386071 
246.361053 
246.336022 
246.310979 
246.285924 
246.260856 
246.235776 
246.210684 
246.185579 
246.160462 
246.135333 
246.110191 
246.085037 
246.059871 
246.034692 
246.009501 
245.984297 
245.959081 
245.933852 
245.908611 
245.883357 
245.858091 
245.832812 
245.807521 
245.782217 
245.756900 
245.731571 
245.706229 
245.680875 
245.655508 
245.630128 
245.604736 
245.579331 
245.553913 
245.528482 
245.503039 
245.477583 
245.452114 
245.426632 
245.401138 
245.375630 
245.350110 
245.324577 
245.299031 
245.273473 
245.247901 
245.222316 
245.196719 
245.171108 
245.145485 
245.119848 
245.094199 
245.068536 
245.042860 
245.017172 
244.991470 
244.965755 
244.940027 
244.914286 
244.888532 
244.862765 
244.836984 
244.811191 
244.785384 
244.759564 
244.733730 
244.707883 
244.682024 
244.656150 
244.630264 
244.604364 
244.578451 
244.552524 
244.526584 
244.500631 
244.474664 
244.448684 
244.422690 
244.396683 
244.370663 
244.344629 
244.318581 
244.292520 
244.266445 
244.240357 
244.214255 
244.188140 
244.162011 
244.135868 
244.109711 
244.083541 
244.057358 
244.031160 
244.004949 
243.978724 
243.952485 
243.926233 
243.899967 
243.873687 
243.847393 
243.821085 
243.794763 
243.768428 
243.742078 
243.715715 
243.689337 
243.662946 
243.636541 
243.610121 
243.583688 
243.557241 
243.530779 
243.504304 
243.477814 
243.451310 
243.424793 
243.398261 
243.371714 
243.345154 
243.318579 
243.291991 
243.265388 
243.238770 
243.212139 
243.185493 
243.158833 
243.132158 
243.105469 
243.078766 
243.052048 
243.025316 
242.998569 
242.971808 
242.945033 
242.918243 
242.891438 
242.864619 
242.837786 
242.810938 
242.784075 
242.757197 
242.730305 
242.703399 
242.676477 
242.649541 
242.622591 
242.595625 
242.568645 
242.541650 
242.514640 
242.487615 
242.460576 
242.433522 
242.406452 
242.379368 
242.352269 
242.325155 
242.298027 
242.270883 
242.243724 
242.216550 
242.189361 
242.162157 
242.134938 
242.107704 
242.080455 
242.053190 
242.025911 
241.998616 
241.971306 
241.943981 
241.916640 
241.889284 
241.861913 
241.834527 
241.807126 
241.779709 
241.752276 
241.724828 
241.697365 
241.669887 
241.642392 
241.614883 
241.587358 
241.559817 
241.532261 
241.504689 
241.477102 
241.449499 
241.421880 
241.394246 
241.366596 
241.338931 
241.311249 
241.283552 
241.255840 
241.228111 
241.200366 
241.172606 
241.144830 
241.117038 
241.089230 
241.061406 
241.033566 
241.005711 
240.977839 
240.949951 
240.922047 
240.894127 
240.866192 
240.838239 
240.810271 
240.782287 
240.754286 
240.726270 
240.698237 
240.670188 
240.642122 
240.614040 
240.585942 
240.557828 
240.529697 
240.501550 
240.473386 
240.445206 
240.417010 
240.388797 
240.360567 
240.332321 
240.304059 
240.275780 
240.247484 
240.219172 
240.190843 
240.162497 
240.134135 
240.105756 
240.077360 
240.048947 
240.020518 
239.992071 
239.963608 
239.935128 
239.906631 
239.878118 
239.849587 
239.821039 
239.792475 
239.763893 
239.735294 
239.706678 
239.678045 
239.649395 
239.620728 
239.592044 
239.563342 
239.534623 
239.505887 
239.477134 
239.448363 
239.419575 
239.390770 
239.361947 
239.333107 
239.304250 
239.275375 
239.246482 
239.217572 
239.188645 
239.159700 
239.130737 
239.101757 
239.072759 
239.043744 
239.014710 
238.985659 
238.956591 
238.927504 
238.898400 
238.869278 
238.840138 
238.810980 
238.781804 
238.752610 
238.723399 
238.694169 
238.664921 
238.635655 
238.606372 
238.577070 
238.547750 
238.518411 
238.489055 
238.459680 
238.430288 
238.400876 
238.371447 
238.341999 
238.312533 
238.283049 
238.253546 
238.224025 
238.194485 
238.164926 
238.135350 
238.105754 
238.076140 
238.046508 
238.016857 
237.987187 
237.957498 
237.927791 
237.898065 
237.868320 
237.838556 
237.808774 
237.778973 
237.749152 
237.719313 
237.689455 
237.659578 
237.629682 
237.599766 
237.569832 
237.539879 
237.509906 
237.479914 
237.449904 
237.419873 
237.389824 
237.359755 
237.329667 
237.299560 
237.269433 
237.239287 
237.209121 
237.178936 
237.148731 
237.118507 
237.088263 
237.058000 
237.027717 
236.997414 
236.967092 
236.936750 
236.906388 
236.876006 
236.845605 
236.815184 
236.784742 
236.754281 
236.723800 
236.693299 
236.662778 
236.632237 
236.601676 
236.571094 
236.540493 
236.509871 
236.479229 
236.448567 
236.417885 
236.387182 
236.356459 
236.325716 
236.294952 
236.264167 
236.233363 
236.202537 
236.171691 
236.140825 
236.109938 
236.079030 
236.048102 
236.017153 
235.986183 
235.955192 
235.924181 
235.893149 
235.862095 
235.831021 
235.799926 
235.768810 
235.737673 
235.706515 
235.675336 
235.644135 
235.612914 
235.581671 
235.550407 
235.519122 
235.487815 
235.456487 
235.425138 
235.393767 
235.362375 
235.330961 
235.299526 
235.268069 
235.236591 
235.205091 
235.173569 
235.142026 
235.110461 
235.078874 
235.047265 
235.015634 
234.983982 
234.952307 
234.920611 
234.888893 
234.857152 
234.825390 
234.793605 
234.761798 
234.729969 
234.698118 
234.666244 
234.634348 
234.602430 
234.570490 
234.538527 
234.506541 
234.474533 
234.442503 
234.410450 
234.378374 
234.346275 
234.314154 
234.282011 
234.249844 
234.217655 
234.185442 
234.153207 
234.120949 
234.088668 
234.056364 
234.024037 
233.991686 
233.959313 
233.926916 
233.894496 
233.862053 
233.829587 
233.797097 
233.764584 
233.732047 
233.699487 
233.666904 
233.634297 
233.601666 
233.569012 
233.536334 
233.503632 
233.470906 
233.438157 
233.405384 
233.372587 
233.339766 
233.306921 
233.274052 
233.241159 
233.208242 
233.175300 
233.142335 
233.109345 
233.076331 
233.043293 
233.010230 
232.977143 
232.944031 
232.910895 
232.877734 
232.844549 
232.811339 
232.778105 
232.744845 
232.711561 
232.678252 
232.644919 
232.611560 
232.578176 
232.544768 
232.511334 
232.477875 
232.444391 
232.410882 
232.377348 
232.343788 
232.310203 
232.276593 
232.242957 
232.209296 
232.175610 
232.141897 
232.108159 
232.074396 
232.040607 
232.006792 
231.972951 
231.939084 
231.905192 
231.871273 
231.837329 
231.803358 
231.769362 
231.735339 
231.701290 
231.667215 
231.633113 
231.598985 
231.564831 
231.530651 
231.496443 
231.462210 
231.427949 
231.393663 
231.359349 
231.325009 
231.290641 
231.256247 
231.221827 
231.187379 
231.152904 
231.118402 
231.083873 
231.049317 
231.014733 
230.980123 
230.945485 
230.910819 
230.876127 
230.841406 
230.806659 
230.771883 
230.737080 
230.702250 
230.667391 
230.632505 
230.597591 
230.562649 
230.527679 
230.492681 
230.457655 
230.422601 
230.387519 
230.352408 
230.317270 
230.282102 
230.246907 
230.211683 
230.176430 
230.141149 
230.105839 
230.070501 
230.035134 
229.999738 
229.964313 
229.928859 
229.893376 
229.857864 
229.822324 
229.786754 
229.751154 
229.715526 
229.679868 
229.644181 
229.608464 
229.572718 
229.536942 
229.501137 
229.465302 
229.429437 
229.393543 
229.357618 
229.321664 
229.285680 
229.249665 
229.213621 
229.177546 
229.141441 
229.105306 
229.069141 
229.032945 
228.996718 
228.960461 
228.924174 
228.887855 
228.851506 
228.815127 
228.778716 
228.742274 
228.705802 
228.669298 
228.632764 
228.596198 
228.559600 
228.522972 
228.486312 
228.449621 
228.412898 
228.376144 
228.339358 
228.302540 
228.265691 
228.228809 
228.191896 
228.154951 
228.117973 
228.080964 
228.043922 
228.006849 
227.969743 
227.932604 
227.895433 
227.858230 
227.820993 
227.783725 
227.746423 
227.709089 
227.671722 
227.634322 
227.596888 
227.559422 
227.521923 
227.484390 
227.446824 
227.409225 
227.371592 
227.333926 
227.296226 
227.258493 
227.220725 
227.182924 
227.145089 
227.107220 
227.069317 
227.031380 
226.993409 
226.955403 
226.917364 
226.879289 
226.841181 
226.803037 
226.764859 
226.726647 
226.688399 
226.650117 
226.611800 
226.573447 
226.535060 
226.496637 
226.458179 
226.419686 
226.381157 
226.342593 
226.303994 
226.265358 
226.226687 
226.187980 
226.149237 
226.110458 
226.071644 
226.032793 
225.993905 
225.954982 
225.916022 
225.877025 
225.837992 
225.798923 
225.759816 
225.720673 
225.681493 
225.642276 
225.603022 
225.563731 
225.524402 
225.485036 
225.445633 
225.406192 
225.366714 
225.327198 
225.287644 
225.248053 
225.208423 
225.168756 
225.129050 
225.089306 
225.049524 
225.009704 
224.969845 
224.929947 
224.890011 
224.850036 
224.810022 
224.769969 
224.729878 
224.689747 
224.649577 
224.609368 
224.569119 
224.528831 
224.488503 
224.448136 
224.407728 
224.367281 
224.326794 
224.286267 
224.245700 
224.205092 
224.164445 
224.123756 
224.083028 
224.042258 
224.001448 
223.960597 
223.919705 
223.878772 
223.837798 
223.796783 
223.755726 
223.714628 
223.673488 
223.632307 
223.591084 
223.549819 
223.508512 
223.467163 
223.425772 
223.384339 
223.342863 
223.301345 
223.259785 
223.218181 
223.176535 
223.134846 
223.093114 
223.051339 
223.009520 
222.967658 
222.925753 
222.883805 
222.841812 
222.799776 
222.757696 
222.715572 
222.673404 
222.631191 
222.588935 
222.546634 
222.504288 
222.461898 
222.419463 
222.376983 
222.334458 
222.291887 
222.249272 
222.206611 
222.163905 
222.121153 
222.078356 
222.035512 
221.992623 
221.949688 
221.906706 
221.863678 
221.820604 
221.777483 
221.734316 
221.691101 
221.647840 
221.604532 
221.561176 
221.517773 
221.474323 
221.430826 
221.387280 
221.343687 
221.300046 
221.256357 
221.212619 
221.168834 
221.125000 
221.081117 
221.037186 
220.993205 
220.949176 
220.905098 
220.860971 
220.816794 
220.772567 
220.728291 
220.683966 
220.639590 
220.595164 
220.550689 
220.506163 
220.461586 
220.416959 
220.372281 
220.327552 
220.282773 
220.237942 
220.193059 
220.148126 
220.103141 
220.058104 
220.013015 
219.967874 
219.922682 
219.877436 
219.832139 
219.786789 
219.741386 
219.695930 
219.650421 
219.604859 
219.559244 
219.513575 
219.467852 
219.422076 
219.376246 
219.330362 
219.284423 
219.238430 
219.192383 
219.146280 
219.100123 
219.053911 
219.007644 
218.961321 
218.914943 
218.868509 
218.822020 
218.775474 
218.728872 
218.682214 
218.635499 
218.588728 
218.541900 
218.495015 
218.448073 
218.401073 
218.354016 
218.306902 
218.259729 
218.212499 
218.165210 
218.117863 
218.070457 
218.022993 
217.975470 
217.927888 
217.880246 
217.832546 
217.784785 
217.736965 
217.689085 
217.641145 
217.593144 
217.545083 
217.496962 
217.448779 
217.400536 
217.352231 
217.303865 
217.255437 
217.206947 
217.158396 
217.109782 
217.061106 
217.012367 
216.963566 
216.914701 
216.865774 
216.816783 
216.767729 
216.718611 
216.669428 
216.620182 
216.570872 
216.521497 
216.472057 
216.422552 
216.372982 
216.323347 
216.273646 
216.223879 
216.174046 
216.124147 
216.074182 
216.024150 
215.974051 
215.923886 
215.873652 
215.823352 
215.772984 
215.722547 
215.672043 
215.621470 
215.570829 
215.520119 
215.469340 
215.418491 
215.367573 
215.316585 
215.265528 
215.214400 
215.163202 
215.111933 
215.060593 
215.009182 
214.957700 
214.906146 
214.854520 
214.802822 
214.751052 
214.699209 
214.647294 
214.595305 
214.543243 
214.491108 
214.438899 
214.386616 
214.334258 
214.281826 
214.229319 
214.176737 
214.124079 
214.071346 
214.018538 
213.965653 
213.912691 
213.859653 
213.806539 
213.753346 
213.700077 
213.646730 
213.593305 
213.539801 
213.486219 
213.432558 
213.378818 
213.324999 
213.271100 
213.217121 
213.163062 
213.108922 
213.054702 
213.000400 
212.946017 
212.891553 
212.837006 
212.782377 
212.727666 
212.672872 
212.617994 
212.563033 
212.507989 
212.452860 
212.397647 
212.342349 
212.286966 
212.231498 
212.175944 
212.120304 
212.064578 
212.008766 
211.952866 
211.896879 
211.840805 
211.784642 
211.728392 
211.672053 
211.615625 
211.559108 
211.502501 
211.445804 
211.389017 
211.332140 
211.275171 
211.218111 
211.160960 
211.103716 
211.046380 
210.988952 
210.931430 
210.873815 
210.816106 
210.758303 
210.700406 
210.642414 
210.584326 
210.526142 
210.467863 
210.409487 
210.351015 
210.292445 
210.233778 
210.175012 
210.116149 
210.057187 
209.998125 
209.938964 
209.879703 
209.820342 
209.760880 
209.701317 
209.641652 
209.581885 
209.522016 
209.462044 
209.401969 
209.341791 
209.281508 
209.221120 
209.160628 
209.100030 
209.039327 
208.978517 
208.917600 
208.856576 
208.795445 
208.734206 
208.672858 
208.611401 
208.549834 
208.488158 
208.426371 
208.364474 
208.302465 
208.240344 
208.178111 
208.115766 
208.053307 
207.990734 
207.928047 
207.865245 
207.802328 
207.739295 
207.676146 
207.612880 
207.549497 
207.485996 
207.422377 
207.358639 
207.294781 
207.230804 
207.166706 
207.102487 
207.038146 
206.973684 
206.909099 
206.844390 
206.779558 
206.714601 
206.649520 
206.584313 
206.518980 
206.453520 
206.387933 
206.322219 
206.256375 
206.190403 
206.124302 
206.058070 
205.991707 
205.925213 
205.858586 
205.791827 
205.724935 
205.657909 
205.590748 
205.523452 
205.456020 
205.388451 
205.320746 
205.252902 
205.184920 
205.116799 
205.048538 
204.980136 
204.911593 
204.842908 
204.774080 
204.705109 
204.635994 
204.566734 
204.497329 
204.427777 
204.358079 
204.288232 
204.218238 
204.148094 
204.077800 
204.007355 
203.936759 
203.866011 
203.795109 
203.724054 
203.652844 
203.581479 
203.509957 
203.438278 
203.366442 
203.294447 
203.222292 
203.149977 
203.077500 
203.004862 
202.932060 
202.859095 
202.785965 
202.712670 
202.639208 
202.565579 
202.491781 
202.417815 
202.343678 
202.269370 
202.194890 
202.120238 
202.045411 
201.970410 
201.895232 
201.819879 
201.744347 
201.668636 
201.592746 
201.516675 
201.440422 
201.363987 
201.287367 
201.210563 
201.133573 
201.056395 
200.979030 
200.901475 
200.823730 
200.745794 
200.667665 
200.589342 
200.510825 
200.432111 
200.353201 
200.274092 
200.194784 
200.115275 
200.035564 
199.955651 
199.875532 
199.795209 
199.714679 
199.633940 
199.552992 
199.471834 
199.390464 
199.308881 
199.227083 
199.145069 
199.062838 
198.980388 
198.897719 
198.814828 
198.731714 
198.648376 
198.564813 
198.481022 
198.397004 
198.312755 
198.228274 
198.143561 
198.058613 
197.973429 
197.888008 
197.802347 
197.716446 
197.630303 
197.543915 
197.457282 
197.370402 
197.283273 
197.195893 
197.108261 
197.020375 
196.932233 
196.843834 
196.755175 
196.666255 
196.577073 
196.487626 
196.397912 
196.307930 
196.217677 
196.127152 
196.036353 
195.945278 
195.853924 
195.762291 
195.670375 
195.578175 
195.485689 
195.392914 
195.299849 
195.206491 
195.112838 
195.018888 
194.924639 
194.830088 
194.735234 
194.640073 
194.544604 
194.448824 
194.352732 
194.256323 
194.159597 
194.062550 
193.965180 
193.867484 
193.769460 
193.671106 
193.572418 
193.473395 
193.374032 
193.274329 
193.174281 
193.073886 
192.973141 
192.872044 
192.770591 
192.668780 
192.566607 
192.464069 
192.361164 
192.257889 
192.154239 
192.050213 
191.945806 
191.841016 
191.735839 
191.630271 
191.524311 
191.417953 
191.311194 
191.204032 
191.096462 
190.988480 
190.880084 
190.771269 
190.662031 
190.552367 
190.442272 
190.331743 
190.220776 
190.109367 
189.997511 
189.885204 
189.772442 
189.659221 
189.545536 
189.431383 
189.316757 
189.201654 
189.086069 
188.969998 
188.853434 
188.736375 
188.618814 
188.500746 
188.382167 
188.263072 
188.143454 
188.023309 
187.902631 
187.781415 
187.659655 
187.537345 
187.414480 
187.291053 
187.167059 
187.042491 
186.917343 
186.791610 
186.665284 
186.538359 
186.410828 
186.282684 
186.153922 
186.024533 
185.894510 
185.763847 
185.632535 
185.500568 
185.367937 
185.234636 
185.100655 
184.965987 
184.830624 
184.694557 
184.557777 
184.420277 
184.282046 
184.143077 
184.003359 
183.862883 
183.721640 
183.579620 
183.436813 
183.293209 
183.148797 
183.003566 
182.857507 
182.710607 
182.562856 
182.414242 
182.264753 
182.114378 
181.963103 
181.810917 
181.657806 
181.503758 
181.348759 
181.192796 
181.035853 
180.877918 
180.718975 
180.559010 
180.398007 
180.235950 
180.072823 
179.908610 
179.743294 
179.576858 
179.409284 
179.240554 
179.070649 
178.899550 
178.727238 
178.553693 
178.378894 
178.202820 
178.025449 
177.846759 
177.666728 
177.485331 
177.302545 
177.118345 
176.932706 
176.745601 
176.557003 
176.366885 
176.175218 
175.981973 
175.787119 
175.590626 
175.392462 
175.192592 
174.990984 
174.787602 
174.582410 
174.375370 
174.166443 
173.955590 
173.742770 
173.527939 
173.311054 
173.092069 
172.870936 
172.647607 
172.422032 
172.194157 
171.963927 
171.731288 
171.496180 
171.258541 
171.018310 
170.775420 
170.529803 
170.281388 
170.030101 
169.775864 
169.518598 
169.258218 
168.994638 
168.727765 
168.457504 
168.183756 
167.906416 
167.625374 
167.340516 
167.051722 
166.758865 
166.461813 
166.160426 
165.854557 
165.544052 
165.228747 
164.908470 
164.583039 
164.252262 
163.915934 
163.573839 
163.225747 
162.871415 
162.510581 
162.142970 
161.768284 
161.386208 
160.996402 
160.598503 
160.192119 
159.776830 
159.352181 
158.917680 
158.472795 
158.016948 
157.549509 
157.069789 
156.577035 
156.070419 
155.549030 
155.011859 
154.457787 
153.885568 
153.293805 
152.680931 
152.045173 
151.384516 
150.696657 
149.978948 
149.228316 
148.441172 
147.613281 
146.739599 
145.814043 
144.829187 
143.775816 
142.642299 
141.413640 
140.070007 
138.584363 
136.918386 
135.015006 
132.783365 
130.064501 
126.536709 
121.354688 
110.006092 
NaN
NaN
NaN
NaN
NaN
NaN
NaN
NaN
NaN
NaN
NaN
NaN
NaN
NaN
NaN
NaN
NaN
NaN
NaN
NaN
NaN
NaN
NaN
NaN
NaN
NaN
NaN
NaN
NaN
NaN
NaN
NaN
NaN
NaN
NaN
NaN
NaN
NaN
NaN
