330.041599 
330.032764 
330.023929 
330.015094 
330.006257 
329.997421 
329.988583 
329.979745 
329.970906 
329.962067 
329.953227 
329.944386 
329.935545 
329.926703 
329.917861 
329.909018 
329.900174 
329.891330 
329.882485 
329.873639 
329.864793 
329.855946 
329.847099 
329.838251 
329.829402 
329.820553 
329.811703 
329.802852 
329.794001 
329.785149 
329.776297 
329.767443 
329.758590 
329.749735 
329.740880 
329.732025 
329.723169 
329.714312 
329.705454 
329.696596 
329.687737 
329.678878 
329.670018 
329.661157 
329.652296 
329.643434 
329.634572 
329.625709 
329.616845 
329.607981 
329.599116 
329.590250 
329.581384 
329.572517 
329.563649 
329.554781 
329.545912 
329.537043 
329.528173 
329.519302 
329.510431 
329.501559 
329.492686 
329.483813 
329.474939 
329.466065 
329.457190 
329.448314 
329.439438 
329.430561 
329.421683 
329.412805 
329.403926 
329.395046 
329.386166 
329.377285 
329.368404 
329.359522 
329.350639 
329.341756 
329.332872 
329.323988 
329.315102 
329.306216 
329.297330 
329.288443 
329.279555 
329.270667 
329.261778 
329.252888 
329.243998 
329.235107 
329.226215 
329.217323 
329.208430 
329.199537 
329.190643 
329.181748 
329.172853 
329.163957 
329.155060 
329.146163 
329.137265 
329.128366 
329.119467 
329.110567 
329.101667 
329.092766 
329.083864 
329.074962 
329.066059 
329.057155 
329.048251 
329.039346 
329.030441 
329.021534 
329.012628 
329.003720 
328.994812 
328.985903 
328.976994 
328.968084 
328.959173 
328.950262 
328.941350 
328.932438 
328.923524 
328.914610 
328.905696 
328.896781 
328.887865 
328.878949 
328.870032 
328.861114 
328.852196 
328.843277 
328.834357 
328.825437 
328.816516 
328.807595 
328.798672 
328.789750 
328.780826 
328.771902 
328.762977 
328.754052 
328.745126 
328.736199 
328.727272 
328.718344 
328.709416 
328.700486 
328.691556 
328.682626 
328.673695 
328.664763 
328.655831 
328.646897 
328.637964 
328.629029 
328.620094 
328.611159 
328.602222 
328.593285 
328.584348 
328.575410 
328.566471 
328.557531 
328.548591 
328.539650 
328.530709 
328.521767 
328.512824 
328.503881 
328.494937 
328.485992 
328.477047 
328.468101 
328.459154 
328.450207 
328.441259 
328.432310 
328.423361 
328.414411 
328.405461 
328.396510 
328.387558 
328.378605 
328.369652 
328.360699 
328.351744 
328.342789 
328.333833 
328.324877 
328.315920 
328.306962 
328.298004 
328.289045 
328.280086 
328.271125 
328.262165 
328.253203 
328.244241 
328.235278 
328.226315 
328.217351 
328.208386 
328.199420 
328.190454 
328.181488 
328.172520 
328.163552 
328.154583 
328.145614 
328.136644 
328.127674 
328.118702 
328.109730 
328.100758 
328.091785 
328.082811 
328.073836 
328.064861 
328.055885 
328.046909 
328.037931 
328.028954 
328.019975 
328.010996 
328.002016 
327.993036 
327.984055 
327.975073 
327.966091 
327.957108 
327.948124 
327.939140 
327.930155 
327.921169 
327.912183 
327.903196 
327.894208 
327.885220 
327.876231 
327.867241 
327.858251 
327.849260 
327.840269 
327.831277 
327.822284 
327.813290 
327.804296 
327.795301 
327.786306 
327.777310 
327.768313 
327.759315 
327.750317 
327.741318 
327.732319 
327.723319 
327.714318 
327.705317 
327.696315 
327.687312 
327.678309 
327.669305 
327.660300 
327.651295 
327.642288 
327.633282 
327.624274 
327.615266 
327.606258 
327.597249 
327.588239 
327.579228 
327.570217 
327.561205 
327.552192 
327.543179 
327.534165 
327.525150 
327.516135 
327.507119 
327.498103 
327.489085 
327.480067 
327.471049 
327.462030 
327.453010 
327.443989 
327.434968 
327.425946 
327.416924 
327.407900 
327.398877 
327.389852 
327.380827 
327.371801 
327.362774 
327.353747 
327.344719 
327.335691 
327.326662 
327.317632 
327.308601 
327.299570 
327.290538 
327.281506 
327.272473 
327.263439 
327.254404 
327.245369 
327.236333 
327.227297 
327.218260 
327.209222 
327.200184 
327.191144 
327.182105 
327.173064 
327.164023 
327.154981 
327.145939 
327.136896 
327.127852 
327.118807 
327.109762 
327.100716 
327.091670 
327.082623 
327.073575 
327.064526 
327.055477 
327.046427 
327.037377 
327.028326 
327.019274 
327.010221 
327.001168 
326.992114 
326.983060 
326.974005 
326.964949 
326.955892 
326.946835 
326.937777 
326.928719 
326.919659 
326.910600 
326.901539 
326.892478 
326.883416 
326.874353 
326.865290 
326.856226 
326.847162 
326.838096 
326.829030 
326.819964 
326.810897 
326.801829 
326.792760 
326.783691 
326.774621 
326.765550 
326.756479 
326.747407 
326.738334 
326.729261 
326.720187 
326.711112 
326.702037 
326.692961 
326.683884 
326.674807 
326.665729 
326.656650 
326.647571 
326.638491 
326.629410 
326.620328 
326.611246 
326.602164 
326.593080 
326.583996 
326.574911 
326.565826 
326.556740 
326.547653 
326.538565 
326.529477 
326.520388 
326.511299 
326.502208 
326.493118 
326.484026 
326.474934 
326.465841 
326.456747 
326.447653 
326.438558 
326.429462 
326.420366 
326.411269 
326.402171 
326.393073 
326.383974 
326.374874 
326.365774 
326.356673 
326.347571 
326.338468 
326.329365 
326.320262 
326.311157 
326.302052 
326.292946 
326.283840 
326.274732 
326.265624 
326.256516 
326.247407 
326.238297 
326.229186 
326.220075 
326.210963 
326.201850 
326.192737 
326.183623 
326.174508 
326.165393 
326.156277 
326.147160 
326.138042 
326.128924 
326.119806 
326.110686 
326.101566 
326.092445 
326.083323 
326.074201 
326.065078 
326.055955 
326.046830 
326.037705 
326.028580 
326.019453 
326.010326 
326.001199 
325.992070 
325.982941 
325.973811 
325.964681 
325.955550 
325.946418 
325.937286 
325.928152 
325.919018 
325.909884 
325.900749 
325.891613 
325.882476 
325.873339 
325.864201 
325.855062 
325.845923 
325.836782 
325.827642 
325.818500 
325.809358 
325.800215 
325.791072 
325.781928 
325.772783 
325.763637 
325.754491 
325.745344 
325.736196 
325.727048 
325.717899 
325.708749 
325.699599 
325.690447 
325.681296 
325.672143 
325.662990 
325.653836 
325.644681 
325.635526 
325.626370 
325.617214 
325.608056 
325.598898 
325.589739 
325.580580 
325.571420 
325.562259 
325.553098 
325.543935 
325.534772 
325.525609 
325.516445 
325.507280 
325.498114 
325.488948 
325.479781 
325.470613 
325.461444 
325.452275 
325.443105 
325.433935 
325.424764 
325.415592 
325.406419 
325.397246 
325.388072 
325.378897 
325.369722 
325.360545 
325.351369 
325.342191 
325.333013 
325.323834 
325.314655 
325.305474 
325.296293 
325.287112 
325.277929 
325.268746 
325.259562 
325.250378 
325.241193 
325.232007 
325.222820 
325.213633 
325.204445 
325.195256 
325.186067 
325.176877 
325.167686 
325.158495 
325.149302 
325.140110 
325.130916 
325.121722 
325.112527 
325.103331 
325.094135 
325.084938 
325.075740 
325.066541 
325.057342 
325.048142 
325.038942 
325.029741 
325.020539 
325.011336 
325.002132 
324.992928 
324.983724 
324.974518 
324.965312 
324.956105 
324.946897 
324.937689 
324.928480 
324.919270 
324.910060 
324.900849 
324.891637 
324.882424 
324.873211 
324.863997 
324.854782 
324.845567 
324.836351 
324.827134 
324.817917 
324.808699 
324.799480 
324.790260 
324.781040 
324.771819 
324.762597 
324.753375 
324.744151 
324.734928 
324.725703 
324.716478 
324.707252 
324.698025 
324.688798 
324.679570 
324.670341 
324.661111 
324.651881 
324.642650 
324.633419 
324.624186 
324.614953 
324.605719 
324.596485 
324.587250 
324.578014 
324.568777 
324.559540 
324.550302 
324.541063 
324.531824 
324.522584 
324.513343 
324.504101 
324.494859 
324.485616 
324.476372 
324.467128 
324.457883 
324.448637 
324.439390 
324.430143 
324.420895 
324.411646 
324.402397 
324.393147 
324.383896 
324.374644 
324.365392 
324.356139 
324.346885 
324.337631 
324.328376 
324.319120 
324.309863 
324.300606 
324.291348 
324.282089 
324.272830 
324.263570 
324.254309 
324.245047 
324.235785 
324.226522 
324.217258 
324.207994 
324.198729 
324.189463 
324.180196 
324.170929 
324.161661 
324.152392 
324.143123 
324.133853 
324.124582 
324.115310 
324.106038 
324.096765 
324.087491 
324.078216 
324.068941 
324.059665 
324.050389 
324.041111 
324.031833 
324.022554 
324.013275 
324.003995 
323.994714 
323.985432 
323.976150 
323.966866 
323.957583 
323.948298 
323.939013 
323.929727 
323.920440 
323.911153 
323.901864 
323.892576 
323.883286 
323.873996 
323.864704 
323.855413 
323.846120 
323.836827 
323.827533 
323.818238 
323.808943 
323.799647 
323.790350 
323.781052 
323.771754 
323.762455 
323.753155 
323.743855 
323.734554 
323.725252 
323.715949 
323.706646 
323.697342 
323.688037 
323.678731 
323.669425 
323.660118 
323.650810 
323.641502 
323.632192 
323.622883 
323.613572 
323.604261 
323.594948 
323.585636 
323.576322 
323.567008 
323.557693 
323.548377 
323.539061 
323.529743 
323.520425 
323.511107 
323.501787 
323.492467 
323.483146 
323.473825 
323.464503 
323.455180 
323.445856 
323.436531 
323.427206 
323.417880 
323.408553 
323.399226 
323.389898 
323.380569 
323.371239 
323.361909 
323.352578 
323.343246 
323.333914 
323.324580 
323.315246 
323.305912 
323.296576 
323.287240 
323.277903 
323.268565 
323.259227 
323.249888 
323.240548 
323.231207 
323.221866 
323.212524 
323.203181 
323.193838 
323.184493 
323.175148 
323.165802 
323.156456 
323.147109 
323.137761 
323.128412 
323.119063 
323.109713 
323.100362 
323.091010 
323.081658 
323.072304 
323.062951 
323.053596 
323.044241 
323.034885 
323.025528 
323.016170 
323.006812 
322.997453 
322.988093 
322.978733 
322.969372 
322.960010 
322.950647 
322.941283 
322.931919 
322.922554 
322.913189 
322.903822 
322.894455 
322.885087 
322.875719 
322.866349 
322.856979 
322.847608 
322.838237 
322.828864 
322.819491 
322.810117 
322.800743 
322.791368 
322.781991 
322.772615 
322.763237 
322.753859 
322.744480 
322.735100 
322.725720 
322.716338 
322.706956 
322.697574 
322.688190 
322.678806 
322.669421 
322.660035 
322.650649 
322.641262 
322.631874 
322.622485 
322.613095 
322.603705 
322.594314 
322.584923 
322.575530 
322.566137 
322.556743 
322.547348 
322.537953 
322.528557 
322.519160 
322.509762 
322.500364 
322.490965 
322.481565 
322.472164 
322.462763 
322.453361 
322.443958 
322.434554 
322.425150 
322.415745 
322.406339 
322.396932 
322.387525 
322.378117 
322.368708 
322.359298 
322.349888 
322.340477 
322.331065 
322.321652 
322.312239 
322.302825 
322.293410 
322.283994 
322.274578 
322.265160 
322.255743 
322.246324 
322.236904 
322.227484 
322.218063 
322.208642 
322.199219 
322.189796 
322.180372 
322.170948 
322.161522 
322.152096 
322.142669 
322.133241 
322.123813 
322.114384 
322.104954 
322.095523 
322.086092 
322.076659 
322.067226 
322.057793 
322.048358 
322.038923 
322.029487 
322.020050 
322.010613 
322.001174 
321.991735 
321.982295 
321.972855 
321.963414 
321.953971 
321.944529 
321.935085 
321.925641 
321.916196 
321.906750 
321.897303 
321.887856 
321.878408 
321.868959 
321.859509 
321.850059 
321.840608 
321.831156 
321.821703 
321.812249 
321.802795 
321.793340 
321.783885 
321.774428 
321.764971 
321.755513 
321.746054 
321.736594 
321.727134 
321.717673 
321.708211 
321.698749 
321.689285 
321.679821 
321.670356 
321.660891 
321.651424 
321.641957 
321.632489 
321.623020 
321.613551 
321.604081 
321.594610 
321.585138 
321.575665 
321.566192 
321.556718 
321.547243 
321.537768 
321.528291 
321.518814 
321.509336 
321.499858 
321.490378 
321.480898 
321.471417 
321.461935 
321.452453 
321.442969 
321.433485 
321.424001 
321.414515 
321.405029 
321.395542 
321.386054 
321.376565 
321.367076 
321.357586 
321.348095 
321.338603 
321.329110 
321.319617 
321.310123 
321.300628 
321.291133 
321.281636 
321.272139 
321.262641 
321.253143 
321.243643 
321.234143 
321.224642 
321.215140 
321.205638 
321.196135 
321.186631 
321.177126 
321.167620 
321.158114 
321.148607 
321.139099 
321.129590 
321.120081 
321.110570 
321.101059 
321.091547 
321.082035 
321.072522 
321.063007 
321.053493 
321.043977 
321.034460 
321.024943 
321.015425 
321.005906 
320.996387 
320.986867 
320.977346 
320.967824 
320.958301 
320.948778 
320.939253 
320.929728 
320.920203 
320.910676 
320.901149 
320.891621 
320.882092 
320.872562 
320.863032 
320.853500 
320.843968 
320.834436 
320.824902 
320.815368 
320.805833 
320.796297 
320.786760 
320.777223 
320.767684 
320.758145 
320.748606 
320.739065 
320.729524 
320.719982 
320.710439 
320.700895 
320.691350 
320.681805 
320.672259 
320.662712 
320.653165 
320.643616 
320.634067 
320.624517 
320.614966 
320.605415 
320.595862 
320.586309 
320.576755 
320.567201 
320.557645 
320.548089 
320.538532 
320.528974 
320.519416 
320.509856 
320.500296 
320.490735 
320.481173 
320.471611 
320.462047 
320.452483 
320.442918 
320.433353 
320.423786 
320.414219 
320.404651 
320.395082 
320.385513 
320.375942 
320.366371 
320.356799 
320.347226 
320.337653 
320.328078 
320.318503 
320.308927 
320.299350 
320.289773 
320.280195 
320.270616 
320.261036 
320.251455 
320.241873 
320.232291 
320.222708 
320.213124 
320.203540 
320.193954 
320.184368 
320.174781 
320.165193 
320.155605 
320.146015 
320.136425 
320.126834 
320.117242 
320.107650 
320.098056 
320.088462 
320.078867 
320.069271 
320.059675 
320.050078 
320.040479 
320.030881 
320.021281 
320.011680 
320.002079 
319.992477 
319.982874 
319.973270 
319.963666 
319.954060 
319.944454 
319.934847 
319.925240 
319.915631 
319.906022 
319.896412 
319.886801 
319.877189 
319.867577 
319.857964 
319.848350 
319.838735 
319.829119 
319.819503 
319.809885 
319.800267 
319.790648 
319.781029 
319.771408 
319.761787 
319.752165 
319.742542 
319.732918 
319.723294 
319.713668 
319.704042 
319.694415 
319.684788 
319.675159 
319.665530 
319.655900 
319.646269 
319.636637 
319.627005 
319.617371 
319.607737 
319.598102 
319.588467 
319.578830 
319.569193 
319.559555 
319.549916 
319.540276 
319.530635 
319.520994 
319.511352 
319.501709 
319.492065 
319.482420 
319.472775 
319.463129 
319.453482 
319.443834 
319.434185 
319.424536 
319.414886 
319.405235 
319.395583 
319.385930 
319.376277 
319.366622 
319.356967 
319.347311 
319.337655 
319.327997 
319.318339 
319.308680 
319.299020 
319.289359 
319.279697 
319.270035 
319.260372 
319.250708 
319.241043 
319.231377 
319.221711 
319.212044 
319.202376 
319.192707 
319.183037 
319.173366 
319.163695 
319.154023 
319.144350 
319.134676 
319.125002 
319.115326 
319.105650 
319.095973 
319.086295 
319.076617 
319.066937 
319.057257 
319.047576 
319.037894 
319.028211 
319.018528 
319.008843 
318.999158 
318.989472 
318.979785 
318.970098 
318.960409 
318.950720 
318.941030 
318.931339 
318.921647 
318.911955 
318.902261 
318.892567 
318.882872 
318.873176 
318.863480 
318.853782 
318.844084 
318.834385 
318.824685 
318.814984 
318.805283 
318.795580 
318.785877 
318.776173 
318.766468 
318.756763 
318.747056 
318.737349 
318.727641 
318.717932 
318.708222 
318.698512 
318.688800 
318.679088 
318.669375 
318.659661 
318.649946 
318.640231 
318.630514 
318.620797 
318.611079 
318.601360 
318.591641 
318.581920 
318.572199 
318.562477 
318.552754 
318.543030 
318.533305 
318.523580 
318.513854 
318.504127 
318.494399 
318.484670 
318.474940 
318.465210 
318.455479 
318.445747 
318.436014 
318.426280 
318.416546 
318.406810 
318.397074 
318.387337 
318.377599 
318.367860 
318.358121 
318.348381 
318.338639 
318.328897 
318.319155 
318.309411 
318.299666 
318.289921 
318.280175 
318.270428 
318.260680 
318.250931 
318.241182 
318.231432 
318.221680 
318.211928 
318.202176 
318.192422 
318.182667 
318.172912 
318.163156 
318.153399 
318.143641 
318.133882 
318.124123 
318.114363 
318.104601 
318.094839 
318.085077 
318.075313 
318.065548 
318.055783 
318.046017 
318.036250 
318.026482 
318.016713 
318.006944 
317.997173 
317.987402 
317.977630 
317.967857 
317.958083 
317.948309 
317.938533 
317.928757 
317.918980 
317.909202 
317.899423 
317.889644 
317.879863 
317.870082 
317.860300 
317.850517 
317.840733 
317.830949 
317.821163 
317.811377 
317.801590 
317.791802 
317.782013 
317.772223 
317.762432 
317.752641 
317.742849 
317.733056 
317.723262 
317.713467 
317.703671 
317.693875 
317.684078 
317.674280 
317.664481 
317.654681 
317.644880 
317.635079 
317.625276 
317.615473 
317.605669 
317.595864 
317.586058 
317.576252 
317.566444 
317.556636 
317.546827 
317.537017 
317.527206 
317.517394 
317.507582 
317.497768 
317.487954 
317.478139 
317.468323 
317.458506 
317.448689 
317.438870 
317.429051 
317.419231 
317.409410 
317.399588 
317.389765 
317.379941 
317.370117 
317.360292 
317.350466 
317.340639 
317.330811 
317.320982 
317.311153 
317.301322 
317.291491 
317.281659 
317.271826 
317.261992 
317.252157 
317.242322 
317.232485 
317.222648 
317.212810 
317.202971 
317.193131 
317.183291 
317.173449 
317.163607 
317.153764 
317.143920 
317.134075 
317.124229 
317.114382 
317.104535 
317.094686 
317.084837 
317.074987 
317.065136 
317.055284 
317.045432 
317.035578 
317.025724 
317.015869 
317.006012 
316.996156 
316.986298 
316.976439 
316.966580 
316.956719 
316.946858 
316.936996 
316.927133 
316.917269 
316.907404 
316.897539 
316.887672 
316.877805 
316.867937 
316.858068 
316.848198 
316.838327 
316.828456 
316.818583 
316.808710 
316.798836 
316.788961 
316.779085 
316.769208 
316.759330 
316.749452 
316.739572 
316.729692 
316.719811 
316.709929 
316.700046 
316.690163 
316.680278 
316.670393 
316.660506 
316.650619 
316.640731 
316.630842 
316.620952 
316.611062 
316.601170 
316.591278 
316.581385 
316.571491 
316.561596 
316.551700 
316.541803 
316.531905 
316.522007 
316.512108 
316.502207 
316.492306 
316.482404 
316.472502 
316.462598 
316.452693 
316.442788 
316.432882 
316.422974 
316.413066 
316.403157 
316.393248 
316.383337 
316.373425 
316.363513 
316.353600 
316.343685 
316.333770 
316.323854 
316.313938 
316.304020 
316.294101 
316.284182 
316.274262 
316.264341 
316.254419 
316.244496 
316.234572 
316.224647 
316.214722 
316.204795 
316.194868 
316.184940 
316.175011 
316.165081 
316.155150 
316.145218 
316.135286 
316.125352 
316.115418 
316.105483 
316.095546 
316.085610 
316.075672 
316.065733 
316.055793 
316.045853 
316.035911 
316.025969 
316.016026 
316.006082 
315.996137 
315.986191 
315.976245 
315.966297 
315.956349 
315.946399 
315.936449 
315.926498 
315.916546 
315.906593 
315.896639 
315.886685 
315.876729 
315.866773 
315.856816 
315.846857 
315.836898 
315.826938 
315.816978 
315.807016 
315.797053 
315.787090 
315.777125 
315.767160 
315.757194 
315.747227 
315.737259 
315.727290 
315.717321 
315.707350 
315.697378 
315.687406 
315.677433 
315.667459 
315.657484 
315.647508 
315.637531 
315.627553 
315.617575 
315.607595 
315.597615 
315.587633 
315.577651 
315.567668 
315.557684 
315.547699 
315.537714 
315.527727 
315.517740 
315.507751 
315.497762 
315.487772 
315.477781 
315.467789 
315.457796 
315.447802 
315.437807 
315.427812 
315.417815 
315.407818 
315.397820 
315.387820 
315.377820 
315.367819 
315.357818 
315.347815 
315.337811 
315.327807 
315.317801 
315.307795 
315.297788 
315.287780 
315.277771 
315.267761 
315.257750 
315.247738 
315.237725 
315.227712 
315.217697 
315.207682 
315.197666 
315.187649 
315.177631 
315.167612 
315.157592 
315.147571 
315.137550 
315.127527 
315.117504 
315.107479 
315.097454 
315.087428 
315.077401 
315.067373 
315.057344 
315.047314 
315.037284 
315.027252 
315.017220 
315.007186 
314.997152 
314.987117 
314.977081 
314.967044 
314.957006 
314.946967 
314.936927 
314.926887 
314.916845 
314.906803 
314.896759 
314.886715 
314.876670 
314.866624 
314.856577 
314.846529 
314.836480 
314.826430 
314.816380 
314.806328 
314.796276 
314.786222 
314.776168 
314.766113 
314.756057 
314.746000 
314.735942 
314.725883 
314.715823 
314.705763 
314.695701 
314.685639 
314.675575 
314.665511 
314.655446 
314.645380 
314.635313 
314.625245 
314.615176 
314.605106 
314.595035 
314.584964 
314.574891 
314.564818 
314.554743 
314.544668 
314.534592 
314.524515 
314.514437 
314.504358 
314.494278 
314.484197 
314.474115 
314.464033 
314.453949 
314.443865 
314.433779 
314.423693 
314.413606 
314.403518 
314.393429 
314.383339 
314.373248 
314.363156 
314.353063 
314.342970 
314.332875 
314.322780 
314.312683 
314.302586 
314.292488 
314.282388 
314.272288 
314.262187 
314.252085 
314.241982 
314.231879 
314.221774 
314.211668 
314.201562 
314.191454 
314.181346 
314.171236 
314.161126 
314.151015 
314.140903 
314.130790 
314.120676 
314.110561 
314.100445 
314.090328 
314.080211 
314.070092 
314.059972 
314.049852 
314.039730 
314.029608 
314.019485 
314.009361 
313.999236 
313.989110 
313.978983 
313.968855 
313.958726 
313.948596 
313.938465 
313.928334 
313.918201 
313.908068 
313.897933 
313.887798 
313.877662 
313.867524 
313.857386 
313.847247 
313.837107 
313.826966 
313.816824 
313.806682 
313.796538 
313.786393 
313.776247 
313.766101 
313.755953 
313.745805 
313.735656 
313.725505 
313.715354 
313.705202 
313.695049 
313.684895 
313.674740 
313.664584 
313.654427 
313.644269 
313.634110 
313.623951 
313.613790 
313.603629 
313.593466 
313.583303 
313.573138 
313.562973 
313.552807 
313.542639 
313.532471 
313.522302 
313.512132 
313.501961 
313.491789 
313.481617 
313.471443 
313.461268 
313.451092 
313.440916 
313.430738 
313.420560 
313.410380 
313.400200 
313.390018 
313.379836 
313.369653 
313.359469 
313.349284 
313.339098 
313.328911 
313.318723 
313.308534 
313.298344 
313.288153 
313.277961 
313.267769 
313.257575 
313.247380 
313.237185 
313.226988 
313.216791 
313.206593 
313.196393 
313.186193 
313.175992 
313.165790 
313.155587 
313.145382 
313.135177 
313.124971 
313.114765 
313.104557 
313.094348 
313.084138 
313.073927 
313.063716 
313.053503 
313.043289 
313.033075 
313.022859 
313.012643 
313.002425 
312.992207 
312.981988 
312.971767 
312.961546 
312.951324 
312.941101 
312.930877 
312.920652 
312.910426 
312.900199 
312.889971 
312.879742 
312.869512 
312.859281 
312.849050 
312.838817 
312.828583 
312.818349 
312.808113 
312.797876 
312.787639 
312.777400 
312.767161 
312.756921 
312.746679 
312.736437 
312.726194 
312.715949 
312.705704 
312.695458 
312.685211 
312.674963 
312.664714 
312.654464 
312.644213 
312.633961 
312.623708 
312.613454 
312.603199 
312.592943 
312.582687 
312.572429 
312.562170 
312.551911 
312.541650 
312.531388 
312.521126 
312.510862 
312.500598 
312.490332 
312.480066 
312.469799 
312.459530 
312.449261 
312.438991 
312.428719 
312.418447 
312.408174 
312.397900 
312.387625 
312.377349 
312.367071 
312.356793 
312.346514 
312.336234 
312.325953 
312.315672 
312.305389 
312.295105 
312.284820 
312.274534 
312.264247 
312.253959 
312.243671 
312.233381 
312.223090 
312.212799 
312.202506 
312.192212 
312.181918 
312.171622 
312.161326 
312.151028 
312.140730 
312.130430 
312.120130 
312.109828 
312.099526 
312.089223 
312.078918 
312.068613 
312.058307 
312.047999 
312.037691 
312.027382 
312.017072 
312.006760 
311.996448 
311.986135 
311.975821 
311.965506 
311.955190 
311.944872 
311.934554 
311.924235 
311.913915 
311.903594 
311.893272 
311.882949 
311.872625 
311.862300 
311.851974 
311.841647 
311.831320 
311.820991 
311.810661 
311.800330 
311.789998 
311.779665 
311.769331 
311.758997 
311.748661 
311.738324 
311.727986 
311.717648 
311.707308 
311.696967 
311.686625 
311.676283 
311.665939 
311.655594 
311.645249 
311.634902 
311.624554 
311.614206 
311.603856 
311.593505 
311.583154 
311.572801 
311.562448 
311.552093 
311.541737 
311.531381 
311.521023 
311.510665 
311.500305 
311.489945 
311.479583 
311.469221 
311.458857 
311.448493 
311.438127 
311.427761 
311.417393 
311.407025 
311.396655 
311.386285 
311.375913 
311.365541 
311.355167 
311.344793 
311.334417 
311.324041 
311.313663 
311.303285 
311.292905 
311.282525 
311.272143 
311.261761 
311.251377 
311.240993 
311.230607 
311.220221 
311.209834 
311.199445 
311.189056 
311.178665 
311.168274 
311.157881 
311.147488 
311.137093 
311.126698 
311.116301 
311.105904 
311.095505 
311.085106 
311.074705 
311.064304 
311.053901 
311.043498 
311.033093 
311.022688 
311.012281 
311.001874 
310.991465 
310.981056 
310.970645 
310.960233 
310.949821 
310.939407 
310.928993 
310.918577 
310.908160 
310.897743 
310.887324 
310.876905 
310.866484 
310.856062 
310.845640 
310.835216 
310.824791 
310.814365 
310.803939 
310.793511 
310.783082 
310.772653 
310.762222 
310.751790 
310.741357 
310.730923 
310.720489 
310.710053 
310.699616 
310.689178 
310.678739 
310.668299 
310.657858 
310.647416 
310.636973 
310.626530 
310.616085 
310.605639 
310.595192 
310.584744 
310.574294 
310.563844 
310.553393 
310.542941 
310.532488 
310.522034 
310.511579 
310.501123 
310.490665 
310.480207 
310.469748 
310.459288 
310.448826 
310.438364 
310.427901 
310.417436 
310.406971 
310.396505 
310.386037 
310.375569 
310.365099 
310.354629 
310.344157 
310.333685 
310.323211 
310.312737 
310.302261 
310.291784 
310.281307 
310.270828 
310.260348 
310.249868 
310.239386 
310.228903 
310.218419 
310.207934 
310.197448 
310.186962 
310.176474 
310.165985 
310.155495 
310.145004 
310.134511 
310.124018 
310.113524 
310.103029 
310.092533 
310.082036 
310.071537 
310.061038 
310.050538 
310.040037 
310.029534 
310.019031 
310.008526 
309.998021 
309.987514 
309.977007 
309.966498 
309.955989 
309.945478 
309.934966 
309.924453 
309.913940 
309.903425 
309.892909 
309.882392 
309.871874 
309.861355 
309.850835 
309.840314 
309.829792 
309.819269 
309.808745 
309.798220 
309.787694 
309.777166 
309.766638 
309.756109 
309.745578 
309.735047 
309.724514 
309.713981 
309.703446 
309.692911 
309.682374 
309.671836 
309.661298 
309.650758 
309.640217 
309.629675 
309.619132 
309.608588 
309.598044 
309.587497 
309.576950 
309.566402 
309.555853 
309.545303 
309.534752 
309.524199 
309.513646 
309.503092 
309.492536 
309.481980 
309.471422 
309.460863 
309.450304 
309.439743 
309.429181 
309.418619 
309.408055 
309.397490 
309.386924 
309.376357 
309.365789 
309.355220 
309.344649 
309.334078 
309.323506 
309.312933 
309.302358 
309.291783 
309.281206 
309.270629 
309.260050 
309.249471 
309.238890 
309.228308 
309.217725 
309.207141 
309.196557 
309.185971 
309.175384 
309.164795 
309.154206 
309.143616 
309.133025 
309.122432 
309.111839 
309.101245 
309.090649 
309.080053 
309.069455 
309.058856 
309.048256 
309.037656 
309.027054 
309.016451 
309.005847 
308.995242 
308.984636 
308.974028 
308.963420 
308.952811 
308.942201 
308.931589 
308.920977 
308.910363 
308.899748 
308.889133 
308.878516 
308.867898 
308.857279 
308.846659 
308.836038 
308.825416 
308.814793 
308.804169 
308.793543 
308.782917 
308.772290 
308.761661 
308.751031 
308.740401 
308.729769 
308.719136 
308.708502 
308.697868 
308.687232 
308.676594 
308.665956 
308.655317 
308.644677 
308.634035 
308.623393 
308.612749 
308.602105 
308.591459 
308.580812 
308.570165 
308.559516 
308.548866 
308.538215 
308.527563 
308.516910 
308.506255 
308.495600 
308.484943 
308.474286 
308.463627 
308.452968 
308.442307 
308.431645 
308.420982 
308.410318 
308.399653 
308.388987 
308.378320 
308.367652 
308.356982 
308.346312 
308.335640 
308.324968 
308.314294 
308.303619 
308.292943 
308.282266 
308.271588 
308.260909 
308.250229 
308.239548 
308.228865 
308.218182 
308.207497 
308.196812 
308.186125 
308.175437 
308.164748 
308.154059 
308.143367 
308.132675 
308.121982 
308.111288 
308.100592 
308.089896 
308.079198 
308.068500 
308.057800 
308.047099 
308.036397 
308.025694 
308.014990 
308.004285 
307.993578 
307.982871 
307.972162 
307.961453 
307.950742 
307.940030 
307.929318 
307.918604 
307.907889 
307.897172 
307.886455 
307.875737 
307.865017 
307.854297 
307.843575 
307.832852 
307.822129 
307.811404 
307.800678 
307.789951 
307.779222 
307.768493 
307.757763 
307.747031 
307.736299 
307.725565 
307.714830 
307.704094 
307.693357 
307.682619 
307.671880 
307.661139 
307.650398 
307.639655 
307.628912 
307.618167 
307.607421 
307.596674 
307.585926 
307.575177 
307.564427 
307.553676 
307.542923 
307.532170 
307.521415 
307.510659 
307.499902 
307.489144 
307.478385 
307.467625 
307.456864 
307.446101 
307.435338 
307.424573 
307.413807 
307.403040 
307.392273 
307.381503 
307.370733 
307.359962 
307.349190 
307.338416 
307.327641 
307.316866 
307.306089 
307.295311 
307.284532 
307.273752 
307.262970 
307.252188 
307.241404 
307.230620 
307.219834 
307.209047 
307.198259 
307.187470 
307.176680 
307.165888 
307.155096 
307.144302 
307.133507 
307.122712 
307.111915 
307.101117 
307.090317 
307.079517 
307.068716 
307.057913 
307.047110 
307.036305 
307.025499 
307.014692 
307.003884 
306.993074 
306.982264 
306.971453 
306.960640 
306.949826 
306.939011 
306.928195 
306.917378 
306.906560 
306.895741 
306.884920 
306.874098 
306.863276 
306.852452 
306.841627 
306.830801 
306.819973 
306.809145 
306.798315 
306.787485 
306.776653 
306.765820 
306.754986 
306.744151 
306.733315 
306.722477 
306.711639 
306.700799 
306.689958 
306.679116 
306.668273 
306.657429 
306.646583 
306.635737 
306.624889 
306.614041 
306.603191 
306.592340 
306.581488 
306.570634 
306.559780 
306.548924 
306.538068 
306.527210 
306.516351 
306.505491 
306.494629 
306.483767 
306.472903 
306.462039 
306.451173 
306.440306 
306.429438 
306.418569 
306.407698 
306.396827 
306.385954 
306.375080 
306.364206 
306.353329 
306.342452 
306.331574 
306.320694 
306.309814 
306.298932 
306.288049 
306.277165 
306.266280 
306.255393 
306.244506 
306.233617 
306.222727 
306.211836 
306.200944 
306.190051 
306.179157 
306.168261 
306.157365 
306.146467 
306.135568 
306.124668 
306.113766 
306.102864 
306.091960 
306.081056 
306.070150 
306.059243 
306.048334 
306.037425 
306.026515 
306.015603 
306.004690 
305.993776 
305.982861 
305.971945 
305.961027 
305.950109 
305.939189 
305.928268 
305.917346 
305.906423 
305.895499 
305.884573 
305.873646 
305.862719 
305.851790 
305.840859 
305.829928 
305.818996 
305.808062 
305.797127 
305.786191 
305.775254 
305.764316 
305.753377 
305.742436 
305.731494 
305.720551 
305.709607 
305.698662 
305.687716 
305.676768 
305.665819 
305.654869 
305.643918 
305.632966 
305.622013 
305.611058 
305.600103 
305.589146 
305.578188 
305.567228 
305.556268 
305.545306 
305.534344 
305.523380 
305.512415 
305.501449 
305.490481 
305.479513 
305.468543 
305.457572 
305.446600 
305.435627 
305.424652 
305.413677 
305.402700 
305.391722 
305.380743 
305.369762 
305.358781 
305.347798 
305.336815 
305.325830 
305.314843 
305.303856 
305.292868 
305.281878 
305.270887 
305.259895 
305.248902 
305.237907 
305.226912 
305.215915 
305.204917 
305.193918 
305.182918 
305.171916 
305.160913 
305.149910 
305.138905 
305.127898 
305.116891 
305.105882 
305.094873 
305.083862 
305.072850 
305.061836 
305.050822 
305.039806 
305.028789 
305.017771 
305.006752 
304.995732 
304.984710 
304.973687 
304.962663 
304.951638 
304.940612 
304.929584 
304.918556 
304.907526 
304.896495 
304.885462 
304.874429 
304.863394 
304.852358 
304.841321 
304.830283 
304.819244 
304.808203 
304.797161 
304.786118 
304.775074 
304.764028 
304.752982 
304.741934 
304.730885 
304.719835 
304.708783 
304.697731 
304.686677 
304.675622 
304.664566 
304.653509 
304.642450 
304.631390 
304.620329 
304.609267 
304.598204 
304.587139 
304.576074 
304.565007 
304.553938 
304.542869 
304.531799 
304.520727 
304.509654 
304.498580 
304.487504 
304.476428 
304.465350 
304.454271 
304.443191 
304.432109 
304.421027 
304.409943 
304.398858 
304.387772 
304.376684 
304.365596 
304.354506 
304.343415 
304.332323 
304.321229 
304.310135 
304.299039 
304.287942 
304.276843 
304.265744 
304.254643 
304.243541 
304.232438 
304.221334 
304.210228 
304.199121 
304.188013 
304.176904 
304.165794 
304.154682 
304.143569 
304.132455 
304.121340 
304.110223 
304.099106 
304.087987 
304.076867 
304.065745 
304.054623 
304.043499 
304.032374 
304.021248 
304.010120 
303.998992 
303.987862 
303.976731 
303.965598 
303.954465 
303.943330 
303.932194 
303.921057 
303.909918 
303.898779 
303.887638 
303.876496 
303.865352 
303.854208 
303.843062 
303.831915 
303.820767 
303.809617 
303.798467 
303.787315 
303.776162 
303.765007 
303.753852 
303.742695 
303.731537 
303.720377 
303.709217 
303.698055 
303.686892 
303.675728 
303.664563 
303.653396 
303.642228 
303.631059 
303.619888 
303.608717 
303.597544 
303.586370 
303.575195 
303.564018 
303.552840 
303.541661 
303.530481 
303.519300 
303.508117 
303.496933 
303.485748 
303.474561 
303.463374 
303.452185 
303.440995 
303.429803 
303.418611 
303.407417 
303.396222 
303.385025 
303.373828 
303.362629 
303.351429 
303.340228 
303.329025 
303.317821 
303.306616 
303.295410 
303.284203 
303.272994 
303.261784 
303.250572 
303.239360 
303.228146 
303.216931 
303.205715 
303.194497 
303.183279 
303.172059 
303.160838 
303.149615 
303.138391 
303.127166 
303.115940 
303.104713 
303.093484 
303.082254 
303.071023 
303.059790 
303.048556 
303.037321 
303.026085 
303.014848 
303.003609 
302.992369 
302.981128 
302.969885 
302.958641 
302.947396 
302.936150 
302.924902 
302.913654 
302.902404 
302.891152 
302.879900 
302.868646 
302.857391 
302.846134 
302.834877 
302.823618 
302.812358 
302.801096 
302.789834 
302.778570 
302.767304 
302.756038 
302.744770 
302.733501 
302.722231 
302.710960 
302.699687 
302.688413 
302.677137 
302.665861 
302.654583 
302.643304 
302.632024 
302.620742 
302.609459 
302.598175 
302.586889 
302.575603 
302.564315 
302.553025 
302.541735 
302.530443 
302.519150 
302.507856 
302.496560 
302.485263 
302.473965 
302.462666 
302.451365 
302.440063 
302.428760 
302.417455 
302.406149 
302.394842 
302.383534 
302.372224 
302.360913 
302.349601 
302.338288 
302.326973 
302.315657 
302.304339 
302.293021 
302.281701 
302.270380 
302.259057 
302.247734 
302.236409 
302.225082 
302.213755 
302.202426 
302.191096 
302.179765 
302.168432 
302.157098 
302.145763 
302.134426 
302.123088 
302.111749 
302.100409 
302.089067 
302.077724 
302.066380 
302.055034 
302.043687 
302.032339 
302.020990 
302.009639 
301.998287 
301.986934 
301.975579 
301.964223 
301.952866 
301.941508 
301.930148 
301.918787 
301.907424 
301.896061 
301.884696 
301.873330 
301.861962 
301.850593 
301.839223 
301.827852 
301.816479 
301.805105 
301.793730 
301.782353 
301.770975 
301.759596 
301.748216 
301.736834 
301.725451 
301.714066 
301.702680 
301.691293 
301.679905 
301.668516 
301.657125 
301.645732 
301.634339 
301.622944 
301.611548 
301.600150 
301.588752 
301.577352 
301.565950 
301.554548 
301.543144 
301.531738 
301.520332 
301.508924 
301.497515 
301.486104 
301.474692 
301.463279 
301.451865 
301.440449 
301.429032 
301.417614 
301.406194 
301.394773 
301.383351 
301.371927 
301.360502 
301.349076 
301.337648 
301.326219 
301.314789 
301.303357 
301.291925 
301.280490 
301.269055 
301.257618 
301.246180 
301.234741 
301.223300 
301.211858 
301.200414 
301.188970 
301.177524 
301.166076 
301.154628 
301.143178 
301.131726 
301.120274 
301.108820 
301.097364 
301.085908 
301.074450 
301.062991 
301.051530 
301.040068 
301.028605 
301.017140 
301.005674 
300.994207 
300.982739 
300.971269 
300.959797 
300.948325 
300.936851 
300.925376 
300.913899 
300.902421 
300.890942 
300.879462 
300.867980 
300.856497 
300.845012 
300.833526 
300.822039 
300.810550 
300.799061 
300.787569 
300.776077 
300.764583 
300.753088 
300.741591 
300.730093 
300.718594 
300.707093 
300.695591 
300.684088 
300.672584 
300.661078 
300.649570 
300.638062 
300.626552 
300.615041 
300.603528 
300.592014 
300.580499 
300.568982 
300.557464 
300.545945 
300.534424 
300.522902 
300.511378 
300.499854 
300.488327 
300.476800 
300.465271 
300.453741 
300.442210 
300.430677 
300.419143 
300.407607 
300.396070 
300.384532 
300.372992 
300.361451 
300.349909 
300.338365 
300.326820 
300.315274 
300.303726 
300.292177 
300.280627 
300.269075 
300.257522 
300.245967 
300.234411 
300.222854 
300.211296 
300.199736 
300.188174 
300.176612 
300.165048 
300.153482 
300.141916 
300.130348 
300.118778 
300.107207 
300.095635 
300.084062 
300.072487 
300.060910 
300.049333 
300.037754 
300.026173 
300.014592 
300.003008 
299.991424 
299.979838 
299.968251 
299.956662 
299.945072 
299.933481 
299.921888 
299.910294 
299.898699 
299.887102 
299.875504 
299.863905 
299.852304 
299.840701 
299.829098 
299.817493 
299.805886 
299.794278 
299.782669 
299.771059 
299.759447 
299.747834 
299.736219 
299.724603 
299.712986 
299.701367 
299.689747 
299.678125 
299.666502 
299.654878 
299.643252 
299.631625 
299.619997 
299.608367 
299.596736 
299.585103 
299.573469 
299.561834 
299.550197 
299.538559 
299.526919 
299.515278 
299.503636 
299.491992 
299.480347 
299.468701 
299.457053 
299.445404 
299.433753 
299.422101 
299.410448 
299.398793 
299.387137 
299.375479 
299.363820 
299.352160 
299.340498 
299.328835 
299.317170 
299.305504 
299.293837 
299.282168 
299.270498 
299.258827 
299.247154 
299.235480 
299.223804 
299.212127 
299.200448 
299.188768 
299.177087 
299.165404 
299.153720 
299.142035 
299.130348 
299.118659 
299.106970 
299.095279 
299.083586 
299.071892 
299.060197 
299.048500 
299.036802 
299.025103 
299.013402 
299.001699 
298.989995 
298.978290 
298.966584 
298.954876 
298.943166 
298.931456 
298.919743 
298.908030 
298.896315 
298.884598 
298.872880 
298.861161 
298.849440 
298.837718 
298.825995 
298.814270 
298.802544 
298.790816 
298.779087 
298.767356 
298.755624 
298.743891 
298.732156 
298.720420 
298.708682 
298.696943 
298.685202 
298.673460 
298.661717 
298.649972 
298.638226 
298.626478 
298.614729 
298.602979 
298.591227 
298.579474 
298.567719 
298.555963 
298.544205 
298.532446 
298.520686 
298.508924 
298.497161 
298.485396 
298.473630 
298.461862 
298.450093 
298.438323 
298.426551 
298.414778 
298.403003 
298.391227 
298.379449 
298.367670 
298.355890 
298.344108 
298.332325 
298.320540 
298.308754 
298.296966 
298.285177 
298.273386 
298.261594 
298.249801 
298.238006 
298.226210 
298.214412 
298.202613 
298.190813 
298.179011 
298.167207 
298.155402 
298.143596 
298.131788 
298.119979 
298.108168 
298.096356 
298.084542 
298.072727 
298.060911 
298.049093 
298.037274 
298.025453 
298.013631 
298.001807 
297.989982 
297.978155 
297.966327 
297.954498 
297.942667 
297.930835 
297.919001 
297.907165 
297.895329 
297.883490 
297.871651 
297.859810 
297.847967 
297.836123 
297.824278 
297.812431 
297.800582 
297.788733 
297.776881 
297.765028 
297.753174 
297.741319 
297.729461 
297.717603 
297.705743 
297.693881 
297.682018 
297.670154 
297.658288 
297.646421 
297.634552 
297.622681 
297.610810 
297.598937 
297.587062 
297.575186 
297.563308 
297.551429 
297.539548 
297.527666 
297.515783 
297.503898 
297.492011 
297.480124 
297.468234 
297.456343 
297.444451 
297.432557 
297.420662 
297.408765 
297.396867 
297.384967 
297.373066 
297.361164 
297.349259 
297.337354 
297.325447 
297.313538 
297.301628 
297.289717 
297.277804 
297.265889 
297.253973 
297.242056 
297.230137 
297.218217 
297.206295 
297.194371 
297.182446 
297.170520 
297.158592 
297.146663 
297.134732 
297.122800 
297.110866 
297.098931 
297.086994 
297.075056 
297.063116 
297.051175 
297.039233 
297.027288 
297.015343 
297.003396 
296.991447 
296.979497 
296.967545 
296.955592 
296.943637 
296.931681 
296.919724 
296.907765 
296.895804 
296.883842 
296.871878 
296.859913 
296.847947 
296.835979 
296.824009 
296.812038 
296.800065 
296.788091 
296.776116 
296.764139 
296.752160 
296.740180 
296.728198 
296.716215 
296.704231 
296.692245 
296.680257 
296.668268 
296.656277 
296.644285 
296.632291 
296.620296 
296.608300 
296.596301 
296.584302 
296.572301 
296.560298 
296.548294 
296.536288 
296.524281 
296.512272 
296.500262 
296.488250 
296.476237 
296.464222 
296.452206 
296.440188 
296.428168 
296.416148 
296.404125 
296.392101 
296.380076 
296.368049 
296.356020 
296.343990 
296.331959 
296.319926 
296.307891 
296.295855 
296.283818 
296.271779 
296.259738 
296.247696 
296.235652 
296.223607 
296.211560 
296.199512 
296.187462 
296.175411 
296.163358 
296.151303 
296.139248 
296.127190 
296.115131 
296.103071 
296.091009 
296.078945 
296.066880 
296.054813 
296.042745 
296.030675 
296.018604 
296.006531 
295.994457 
295.982381 
295.970304 
295.958225 
295.946144 
295.934062 
295.921979 
295.909894 
295.897807 
295.885719 
295.873629 
295.861538 
295.849445 
295.837351 
295.825255 
295.813158 
295.801059 
295.788958 
295.776856 
295.764752 
295.752647 
295.740541 
295.728432 
295.716322 
295.704211 
295.692098 
295.679984 
295.667868 
295.655750 
295.643631 
295.631510 
295.619388 
295.607264 
295.595139 
295.583012 
295.570884 
295.558754 
295.546622 
295.534489 
295.522354 
295.510218 
295.498080 
295.485941 
295.473800 
295.461658 
295.449514 
295.437368 
295.425221 
295.413072 
295.400922 
295.388770 
295.376617 
295.364462 
295.352305 
295.340147 
295.327987 
295.315826 
295.303663 
295.291499 
295.279333 
295.267166 
295.254997 
295.242826 
295.230654 
295.218480 
295.206304 
295.194128 
295.181949 
295.169769 
295.157587 
295.145404 
295.133219 
295.121033 
295.108845 
295.096655 
295.084464 
295.072271 
295.060077 
295.047881 
295.035684 
295.023485 
295.011284 
294.999082 
294.986878 
294.974673 
294.962466 
294.950257 
294.938047 
294.925836 
294.913622 
294.901407 
294.889191 
294.876973 
294.864753 
294.852532 
294.840309 
294.828085 
294.815859 
294.803631 
294.791402 
294.779171 
294.766939 
294.754705 
294.742469 
294.730232 
294.717993 
294.705753 
294.693511 
294.681267 
294.669022 
294.656776 
294.644527 
294.632277 
294.620026 
294.607773 
294.595518 
294.583262 
294.571004 
294.558744 
294.546483 
294.534220 
294.521956 
294.509690 
294.497422 
294.485153 
294.472882 
294.460610 
294.448336 
294.436060 
294.423783 
294.411504 
294.399224 
294.386942 
294.374658 
294.362373 
294.350086 
294.337797 
294.325507 
294.313215 
294.300922 
294.288627 
294.276330 
294.264032 
294.251732 
294.239431 
294.227128 
294.214823 
294.202517 
294.190209 
294.177899 
294.165588 
294.153275 
294.140961 
294.128645 
294.116327 
294.104008 
294.091687 
294.079364 
294.067040 
294.054714 
294.042387 
294.030058 
294.017727 
294.005395 
293.993061 
293.980725 
293.968388 
293.956049 
293.943709 
293.931367 
293.919023 
293.906678 
293.894331 
293.881982 
293.869632 
293.857280 
293.844926 
293.832571 
293.820214 
293.807856 
293.795495 
293.783134 
293.770770 
293.758405 
293.746038 
293.733670 
293.721300 
293.708928 
293.696555 
293.684180 
293.671804 
293.659425 
293.647046 
293.634664 
293.622281 
293.609896 
293.597510 
293.585122 
293.572732 
293.560340 
293.547947 
293.535553 
293.523156 
293.510758 
293.498358 
293.485957 
293.473554 
293.461149 
293.448743 
293.436335 
293.423926 
293.411514 
293.399101 
293.386687 
293.374270 
293.361852 
293.349433 
293.337012 
293.324589 
293.312164 
293.299738 
293.287310 
293.274880 
293.262449 
293.250016 
293.237581 
293.225145 
293.212707 
293.200268 
293.187826 
293.175383 
293.162939 
293.150492 
293.138045 
293.125595 
293.113144 
293.100691 
293.088236 
293.075780 
293.063322 
293.050862 
293.038400 
293.025937 
293.013473 
293.001006 
292.988538 
292.976068 
292.963597 
292.951124 
292.938649 
292.926172 
292.913694 
292.901214 
292.888733 
292.876249 
292.863765 
292.851278 
292.838790 
292.826300 
292.813808 
292.801314 
292.788819 
292.776323 
292.763824 
292.751324 
292.738822 
292.726319 
292.713813 
292.701306 
292.688798 
292.676287 
292.663775 
292.651262 
292.638746 
292.626229 
292.613710 
292.601190 
292.588668 
292.576144 
292.563618 
292.551091 
292.538562 
292.526031 
292.513498 
292.500964 
292.488428 
292.475891 
292.463352 
292.450811 
292.438268 
292.425723 
292.413177 
292.400629 
292.388080 
292.375529 
292.362976 
292.350421 
292.337865 
292.325306 
292.312747 
292.300185 
292.287622 
292.275057 
292.262490 
292.249922 
292.237352 
292.224780 
292.212206 
292.199631 
292.187054 
292.174475 
292.161895 
292.149312 
292.136729 
292.124143 
292.111555 
292.098966 
292.086376 
292.073783 
292.061189 
292.048593 
292.035995 
292.023395 
292.010794 
291.998191 
291.985587 
291.972980 
291.960372 
291.947762 
291.935151 
291.922537 
291.909922 
291.897305 
291.884687 
291.872066 
291.859444 
291.846821 
291.834195 
291.821568 
291.808939 
291.796308 
291.783676 
291.771041 
291.758405 
291.745768 
291.733128 
291.720487 
291.707844 
291.695199 
291.682553 
291.669905 
291.657255 
291.644603 
291.631949 
291.619294 
291.606637 
291.593979 
291.581318 
291.568656 
291.555992 
291.543326 
291.530659 
291.517989 
291.505318 
291.492645 
291.479971 
291.467295 
291.454617 
291.441937 
291.429255 
291.416572 
291.403887 
291.391200 
291.378511 
291.365821 
291.353128 
291.340435 
291.327739 
291.315041 
291.302342 
291.289641 
291.276938 
291.264234 
291.251527 
291.238819 
291.226109 
291.213398 
291.200684 
291.187969 
291.175252 
291.162533 
291.149813 
291.137090 
291.124366 
291.111640 
291.098913 
291.086183 
291.073452 
291.060719 
291.047984 
291.035248 
291.022509 
291.009769 
290.997027 
290.984283 
290.971538 
290.958791 
290.946042 
290.933291 
290.920538 
290.907784 
290.895027 
290.882269 
290.869509 
290.856748 
290.843984 
290.831219 
290.818452 
290.805683 
290.792913 
290.780140 
290.767366 
290.754590 
290.741812 
290.729033 
290.716251 
290.703468 
290.690683 
290.677896 
290.665108 
290.652317 
290.639525 
290.626731 
290.613935 
290.601137 
290.588338 
290.575537 
290.562733 
290.549929 
290.537122 
290.524313 
290.511503 
290.498691 
290.485877 
290.473061 
290.460243 
290.447424 
290.434603 
290.421780 
290.408955 
290.396128 
290.383300 
290.370469 
290.357637 
290.344803 
290.331967 
290.319130 
290.306290 
290.293449 
290.280606 
290.267761 
290.254914 
290.242066 
290.229215 
290.216363 
290.203509 
290.190653 
290.177795 
290.164936 
290.152075 
290.139211 
290.126346 
290.113479 
290.100611 
290.087740 
290.074868 
290.061993 
290.049117 
290.036239 
290.023360 
290.010478 
289.997595 
289.984709 
289.971822 
289.958933 
289.946042 
289.933150 
289.920255 
289.907359 
289.894460 
289.881560 
289.868658 
289.855755 
289.842849 
289.829942 
289.817032 
289.804121 
289.791208 
289.778293 
289.765377 
289.752458 
289.739537 
289.726615 
289.713691 
289.700765 
289.687837 
289.674907 
289.661976 
289.649042 
289.636107 
289.623170 
289.610231 
289.597290 
289.584347 
289.571402 
289.558456 
289.545507 
289.532557 
289.519605 
289.506651 
289.493695 
289.480737 
289.467778 
289.454816 
289.441853 
289.428888 
289.415921 
289.402952 
289.389981 
289.377008 
289.364033 
289.351057 
289.338078 
289.325098 
289.312116 
289.299132 
289.286146 
289.273158 
289.260169 
289.247177 
289.234184 
289.221188 
289.208191 
289.195192 
289.182191 
289.169188 
289.156183 
289.143177 
289.130168 
289.117158 
289.104145 
289.091131 
289.078115 
289.065097 
289.052077 
289.039055 
289.026031 
289.013006 
288.999978 
288.986949 
288.973917 
288.960884 
288.947849 
288.934812 
288.921773 
288.908732 
288.895689 
288.882645 
288.869598 
288.856550 
288.843499 
288.830447 
288.817393 
288.804337 
288.791279 
288.778219 
288.765157 
288.752093 
288.739027 
288.725960 
288.712890 
288.699819 
288.686745 
288.673670 
288.660593 
288.647514 
288.634433 
288.621350 
288.608265 
288.595178 
288.582089 
288.568999 
288.555906 
288.542812 
288.529715 
288.516617 
288.503516 
288.490414 
288.477310 
288.464204 
288.451096 
288.437986 
288.424874 
288.411760 
288.398644 
288.385527 
288.372407 
288.359285 
288.346162 
288.333036 
288.319909 
288.306780 
288.293648 
288.280515 
288.267380 
288.254243 
288.241104 
288.227963 
288.214820 
288.201675 
288.188528 
288.175379 
288.162229 
288.149076 
288.135921 
288.122765 
288.109606 
288.096446 
288.083283 
288.070119 
288.056952 
288.043784 
288.030614 
288.017441 
288.004267 
287.991091 
287.977913 
287.964733 
287.951551 
287.938367 
287.925181 
287.911993 
287.898803 
287.885611 
287.872417 
287.859221 
287.846023 
287.832823 
287.819622 
287.806418 
287.793212 
287.780005 
287.766795 
287.753583 
287.740370 
287.727154 
287.713937 
287.700717 
287.687496 
287.674272 
287.661047 
287.647819 
287.634590 
287.621358 
287.608125 
287.594890 
287.581652 
287.568413 
287.555172 
287.541928 
287.528683 
287.515436 
287.502186 
287.488935 
287.475682 
287.462426 
287.449169 
287.435910 
287.422649 
287.409385 
287.396120 
287.382853 
287.369584 
287.356312 
287.343039 
287.329764 
287.316487 
287.303207 
287.289926 
287.276643 
287.263357 
287.250070 
287.236781 
287.223490 
287.210196 
287.196901 
287.183604 
287.170304 
287.157003 
287.143699 
287.130394 
287.117087 
287.103777 
287.090466 
287.077152 
287.063837 
287.050519 
287.037200 
287.023878 
287.010555 
286.997229 
286.983901 
286.970572 
286.957240 
286.943907 
286.930571 
286.917233 
286.903893 
286.890551 
286.877208 
286.863862 
286.850514 
286.837164 
286.823812 
286.810458 
286.797102 
286.783744 
286.770384 
286.757022 
286.743657 
286.730291 
286.716923 
286.703553 
286.690180 
286.676806 
286.663429 
286.650051 
286.636670 
286.623288 
286.609903 
286.596517 
286.583128 
286.569737 
286.556344 
286.542949 
286.529552 
286.516153 
286.502752 
286.489349 
286.475944 
286.462537 
286.449128 
286.435716 
286.422303 
286.408887 
286.395470 
286.382050 
286.368629 
286.355205 
286.341779 
286.328351 
286.314922 
286.301490 
286.288055 
286.274619 
286.261181 
286.247741 
286.234299 
286.220854 
286.207408 
286.193959 
286.180509 
286.167056 
286.153601 
286.140144 
286.126685 
286.113224 
286.099761 
286.086296 
286.072829 
286.059359 
286.045888 
286.032414 
286.018939 
286.005461 
285.991981 
285.978499 
285.965016 
285.951529 
285.938041 
285.924551 
285.911059 
285.897564 
285.884068 
285.870569 
285.857068 
285.843566 
285.830061 
285.816554 
285.803045 
285.789533 
285.776020 
285.762505 
285.748987 
285.735468 
285.721946 
285.708422 
285.694896 
285.681368 
285.667838 
285.654305 
285.640771 
285.627235 
285.613696 
285.600155 
285.586612 
285.573067 
285.559520 
285.545971 
285.532420 
285.518866 
285.505311 
285.491753 
285.478193 
285.464631 
285.451067 
285.437501 
285.423933 
285.410362 
285.396790 
285.383215 
285.369638 
285.356059 
285.342478 
285.328895 
285.315309 
285.301722 
285.288132 
285.274541 
285.260947 
285.247351 
285.233752 
285.220152 
285.206550 
285.192945 
285.179338 
285.165729 
285.152118 
285.138505 
285.124890 
285.111272 
285.097653 
285.084031 
285.070407 
285.056781 
285.043153 
285.029522 
285.015890 
285.002255 
284.988618 
284.974979 
284.961338 
284.947695 
284.934049 
284.920402 
284.906752 
284.893100 
284.879446 
284.865789 
284.852131 
284.838470 
284.824807 
284.811142 
284.797475 
284.783806 
284.770134 
284.756461 
284.742785 
284.729107 
284.715427 
284.701744 
284.688060 
284.674373 
284.660684 
284.646993 
284.633300 
284.619604 
284.605907 
284.592207 
284.578505 
284.564801 
284.551094 
284.537386 
284.523675 
284.509962 
284.496247 
284.482530 
284.468810 
284.455089 
284.441365 
284.427639 
284.413910 
284.400180 
284.386447 
284.372712 
284.358975 
284.345236 
284.331494 
284.317751 
284.304005 
284.290257 
284.276506 
284.262754 
284.248999 
284.235242 
284.221483 
284.207722 
284.193958 
284.180192 
284.166424 
284.152654 
284.138882 
284.125107 
284.111330 
284.097551 
284.083770 
284.069986 
284.056201 
284.042413 
284.028623 
284.014830 
284.001035 
283.987239 
283.973440 
283.959638 
283.945835 
283.932029 
283.918221 
283.904411 
283.890598 
283.876783 
283.862966 
283.849147 
283.835326 
283.821502 
283.807676 
283.793848 
283.780018 
283.766185 
283.752350 
283.738513 
283.724674 
283.710832 
283.696988 
283.683142 
283.669294 
283.655443 
283.641590 
283.627735 
283.613878 
283.600018 
283.586156 
283.572292 
283.558426 
283.544557 
283.530686 
283.516813 
283.502938 
283.489060 
283.475180 
283.461298 
283.447413 
283.433526 
283.419637 
283.405746 
283.391853 
283.377957 
283.364059 
283.350158 
283.336256 
283.322351 
283.308443 
283.294534 
283.280622 
283.266708 
283.252792 
283.238873 
283.224952 
283.211029 
283.197104 
283.183176 
283.169246 
283.155313 
283.141379 
283.127442 
283.113503 
283.099561 
283.085617 
283.071671 
283.057723 
283.043772 
283.029819 
283.015864 
283.001907 
282.987947 
282.973985 
282.960020 
282.946053 
282.932084 
282.918113 
282.904139 
282.890163 
282.876185 
282.862204 
282.848221 
282.834236 
282.820249 
282.806259 
282.792267 
282.778272 
282.764275 
282.750276 
282.736275 
282.722271 
282.708265 
282.694257 
282.680246 
282.666233 
282.652217 
282.638200 
282.624180 
282.610157 
282.596133 
282.582106 
282.568076 
282.554045 
282.540011 
282.525974 
282.511936 
282.497895 
282.483851 
282.469805 
282.455757 
282.441707 
282.427654 
282.413599 
282.399542 
282.385482 
282.371420 
282.357355 
282.343289 
282.329220 
282.315148 
282.301074 
282.286998 
282.272919 
282.258838 
282.244755 
282.230670 
282.216582 
282.202491 
282.188398 
282.174303 
282.160206 
282.146106 
282.132004 
282.117899 
282.103793 
282.089683 
282.075572 
282.061458 
282.047341 
282.033222 
282.019101 
282.004978 
281.990852 
281.976724 
281.962593 
281.948460 
281.934325 
281.920187 
281.906047 
281.891904 
281.877759 
281.863612 
281.849462 
281.835310 
281.821156 
281.806999 
281.792839 
281.778678 
281.764514 
281.750347 
281.736178 
281.722007 
281.707834 
281.693658 
281.679479 
281.665298 
281.651115 
281.636929 
281.622741 
281.608551 
281.594358 
281.580163 
281.565965 
281.551765 
281.537562 
281.523358 
281.509150 
281.494940 
281.480728 
281.466514 
281.452297 
281.438077 
281.423855 
281.409631 
281.395405 
281.381175 
281.366944 
281.352710 
281.338474 
281.324235 
281.309993 
281.295750 
281.281504 
281.267255 
281.253004 
281.238751 
281.224495 
281.210237 
281.195976 
281.181713 
281.167447 
281.153179 
281.138909 
281.124636 
281.110360 
281.096082 
281.081802 
281.067519 
281.053234 
281.038947 
281.024657 
281.010364 
280.996069 
280.981772 
280.967472 
280.953169 
280.938864 
280.924557 
280.910247 
280.895935 
280.881621 
280.867303 
280.852984 
280.838662 
280.824337 
280.810010 
280.795681 
280.781349 
280.767014 
280.752677 
280.738338 
280.723996 
280.709652 
280.695305 
280.680956 
280.666604 
280.652250 
280.637893 
280.623534 
280.609172 
280.594808 
280.580441 
280.566072 
280.551700 
280.537326 
280.522949 
280.508570 
280.494188 
280.479804 
280.465418 
280.451029 
280.436637 
280.422243 
280.407846 
280.393447 
280.379045 
280.364641 
280.350234 
280.335825 
280.321413 
280.306999 
280.292583 
280.278163 
280.263742 
280.249317 
280.234890 
280.220461 
280.206029 
280.191595 
280.177158 
280.162719 
280.148277 
280.133832 
280.119385 
280.104936 
280.090484 
280.076029 
280.061572 
280.047113 
280.032650 
280.018186 
280.003718 
279.989249 
279.974776 
279.960302 
279.945824 
279.931344 
279.916862 
279.902377 
279.887889 
279.873399 
279.858906 
279.844411 
279.829913 
279.815413 
279.800910 
279.786405 
279.771897 
279.757386 
279.742873 
279.728357 
279.713839 
279.699318 
279.684795 
279.670269 
279.655741 
279.641209 
279.626676 
279.612140 
279.597601 
279.583060 
279.568516 
279.553969 
279.539420 
279.524868 
279.510314 
279.495757 
279.481198 
279.466636 
279.452071 
279.437504 
279.422935 
279.408362 
279.393787 
279.379210 
279.364630 
279.350047 
279.335462 
279.320874 
279.306283 
279.291690 
279.277095 
279.262496 
279.247896 
279.233292 
279.218686 
279.204077 
279.189466 
279.174852 
279.160236 
279.145617 
279.130995 
279.116371 
279.101744 
279.087114 
279.072482 
279.057847 
279.043210 
279.028570 
279.013927 
278.999282 
278.984634 
278.969983 
278.955330 
278.940674 
278.926016 
278.911355 
278.896691 
278.882025 
278.867356 
278.852684 
278.838010 
278.823333 
278.808654 
278.793971 
278.779287 
278.764599 
278.749909 
278.735216 
278.720521 
278.705823 
278.691122 
278.676419 
278.661713 
278.647004 
278.632293 
278.617579 
278.602863 
278.588143 
278.573421 
278.558697 
278.543970 
278.529240 
278.514507 
278.499772 
278.485034 
278.470293 
278.455550 
278.440804 
278.426055 
278.411304 
278.396550 
278.381794 
278.367034 
278.352272 
278.337508 
278.322740 
278.307970 
278.293197 
278.278422 
278.263644 
278.248863 
278.234080 
278.219293 
278.204505 
278.189713 
278.174919 
278.160122 
278.145322 
278.130520 
278.115715 
278.100907 
278.086096 
278.071283 
278.056467 
278.041649 
278.026827 
278.012003 
277.997177 
277.982347 
277.967515 
277.952680 
277.937842 
277.923002 
277.908159 
277.893313 
277.878465 
277.863614 
277.848760 
277.833903 
277.819043 
277.804181 
277.789316 
277.774449 
277.759579 
277.744705 
277.729830 
277.714951 
277.700070 
277.685186 
277.670299 
277.655409 
277.640517 
277.625622 
277.610724 
277.595824 
277.580921 
277.566015 
277.551106 
277.536194 
277.521280 
277.506363 
277.491443 
277.476521 
277.461595 
277.446667 
277.431736 
277.416803 
277.401866 
277.386927 
277.371985 
277.357041 
277.342093 
277.327143 
277.312190 
277.297234 
277.282275 
277.267314 
277.252350 
277.237383 
277.222413 
277.207441 
277.192465 
277.177487 
277.162506 
277.147523 
277.132536 
277.117547 
277.102555 
277.087560 
277.072563 
277.057562 
277.042559 
277.027553 
277.012544 
276.997532 
276.982518 
276.967501 
276.952480 
276.937458 
276.922432 
276.907403 
276.892372 
276.877338 
276.862301 
276.847261 
276.832218 
276.817173 
276.802125 
276.787074 
276.772020 
276.756963 
276.741903 
276.726841 
276.711776 
276.696707 
276.681637 
276.666563 
276.651486 
276.636407 
276.621324 
276.606239 
276.591151 
276.576060 
276.560967 
276.545870 
276.530771 
276.515669 
276.500564 
276.485456 
276.470345 
276.455231 
276.440115 
276.424995 
276.409873 
276.394748 
276.379620 
276.364489 
276.349355 
276.334219 
276.319079 
276.303937 
276.288792 
276.273644 
276.258493 
276.243339 
276.228182 
276.213023 
276.197860 
276.182695 
276.167527 
276.152355 
276.137181 
276.122004 
276.106825 
276.091642 
276.076456 
276.061268 
276.046076 
276.030882 
276.015685 
276.000485 
275.985282 
275.970076 
275.954867 
275.939655 
275.924441 
275.909223 
275.894003 
275.878779 
275.863553 
275.848324 
275.833092 
275.817857 
275.802619 
275.787378 
275.772134 
275.756887 
275.741637 
275.726385 
275.711129 
275.695871 
275.680609 
275.665345 
275.650078 
275.634807 
275.619534 
275.604258 
275.588979 
275.573697 
275.558412 
275.543124 
275.527833 
275.512539 
275.497243 
275.481943 
275.466640 
275.451335 
275.436026 
275.420714 
275.405400 
275.390082 
275.374762 
275.359439 
275.344112 
275.328783 
275.313450 
275.298115 
275.282777 
275.267436 
275.252091 
275.236744 
275.221394 
275.206041 
275.190685 
275.175325 
275.159963 
275.144598 
275.129230 
275.113859 
275.098485 
275.083108 
275.067728 
275.052344 
275.036958 
275.021569 
275.006177 
274.990782 
274.975384 
274.959983 
274.944579 
274.929171 
274.913761 
274.898348 
274.882932 
274.867513 
274.852090 
274.836665 
274.821237 
274.805805 
274.790371 
274.774934 
274.759493 
274.744050 
274.728603 
274.713154 
274.697701 
274.682246 
274.666787 
274.651326 
274.635861 
274.620393 
274.604922 
274.589449 
274.573972 
274.558492 
274.543009 
274.527523 
274.512034 
274.496541 
274.481046 
274.465548 
274.450047 
274.434542 
274.419035 
274.403524 
274.388011 
274.372494 
274.356974 
274.341451 
274.325925 
274.310396 
274.294864 
274.279329 
274.263791 
274.248250 
274.232705 
274.217158 
274.201607 
274.186054 
274.170497 
274.154937 
274.139374 
274.123808 
274.108239 
274.092667 
274.077091 
274.061513 
274.045932 
274.030347 
274.014759 
273.999168 
273.983574 
273.967977 
273.952377 
273.936774 
273.921167 
273.905558 
273.889945 
273.874329 
273.858710 
273.843088 
273.827463 
273.811835 
273.796203 
273.780569 
273.764931 
273.749290 
273.733646 
273.717999 
273.702349 
273.686695 
273.671039 
273.655379 
273.639716 
273.624050 
273.608381 
273.592708 
273.577033 
273.561354 
273.545672 
273.529987 
273.514299 
273.498608 
273.482914 
273.467216 
273.451515 
273.435811 
273.420104 
273.404394 
273.388680 
273.372963 
273.357244 
273.341521 
273.325794 
273.310065 
273.294332 
273.278596 
273.262858 
273.247115 
273.231370 
273.215621 
273.199870 
273.184115 
273.168356 
273.152595 
273.136831 
273.121063 
273.105292 
273.089518 
273.073740 
273.057959 
273.042176 
273.026389 
273.010598 
272.994805 
272.979008 
272.963208 
272.947405 
272.931598 
272.915789 
272.899976 
272.884160 
272.868341 
272.852518 
272.836692 
272.820863 
272.805031 
272.789195 
272.773356 
272.757514 
272.741669 
272.725821 
272.709969 
272.694114 
272.678255 
272.662394 
272.646529 
272.630661 
272.614790 
272.598915 
272.583037 
272.567156 
272.551271 
272.535384 
272.519493 
272.503598 
272.487701 
272.471800 
272.455896 
272.439989 
272.424078 
272.408164 
272.392247 
272.376326 
272.360402 
272.344475 
272.328545 
272.312611 
272.296674 
272.280734 
272.264790 
272.248843 
272.232893 
272.216939 
272.200982 
272.185022 
272.169059 
272.153092 
272.137122 
272.121148 
272.105172 
272.089191 
272.073208 
272.057221 
272.041231 
272.025238 
272.009241 
271.993241 
271.977237 
271.961231 
271.945220 
271.929207 
271.913190 
271.897170 
271.881146 
271.865120 
271.849089 
271.833056 
271.817019 
271.800979 
271.784935 
271.768888 
271.752838 
271.736784 
271.720727 
271.704666 
271.688602 
271.672535 
271.656464 
271.640390 
271.624313 
271.608232 
271.592148 
271.576061 
271.559970 
271.543875 
271.527778 
271.511677 
271.495572 
271.479464 
271.463353 
271.447238 
271.431120 
271.414999 
271.398874 
271.382746 
271.366614 
271.350479 
271.334340 
271.318198 
271.302053 
271.285904 
271.269752 
271.253596 
271.237437 
271.221275 
271.205109 
271.188939 
271.172767 
271.156590 
271.140411 
271.124227 
271.108041 
271.091851 
271.075657 
271.059461 
271.043260 
271.027056 
271.010849 
270.994638 
270.978424 
270.962207 
270.945986 
270.929761 
270.913533 
270.897301 
270.881066 
270.864828 
270.848586 
270.832341 
270.816092 
270.799840 
270.783584 
270.767324 
270.751062 
270.734795 
270.718525 
270.702252 
270.685975 
270.669695 
270.653411 
270.637124 
270.620833 
270.604539 
270.588241 
270.571940 
270.555635 
270.539327 
270.523015 
270.506700 
270.490381 
270.474058 
270.457733 
270.441403 
270.425070 
270.408734 
270.392394 
270.376050 
270.359703 
270.343352 
270.326998 
270.310641 
270.294279 
270.277914 
270.261546 
270.245174 
270.228799 
270.212420 
270.196037 
270.179651 
270.163261 
270.146868 
270.130471 
270.114071 
270.097667 
270.081260 
270.064848 
270.048434 
270.032016 
270.015594 
269.999168 
269.982739 
269.966307 
269.949871 
269.933431 
269.916988 
269.900541 
269.884090 
269.867636 
269.851178 
269.834717 
269.818252 
269.801784 
269.785311 
269.768836 
269.752356 
269.735873 
269.719387 
269.702896 
269.686403 
269.669905 
269.653404 
269.636899 
269.620391 
269.603879 
269.587363 
269.570844 
269.554321 
269.537795 
269.521264 
269.504731 
269.488193 
269.471652 
269.455107 
269.438559 
269.422007 
269.405451 
269.388892 
269.372329 
269.355762 
269.339191 
269.322617 
269.306040 
269.289458 
269.272873 
269.256284 
269.239692 
269.223096 
269.206496 
269.189892 
269.173285 
269.156674 
269.140060 
269.123442 
269.106820 
269.090194 
269.073565 
269.056931 
269.040295 
269.023654 
269.007010 
268.990362 
268.973710 
268.957055 
268.940396 
268.923733 
268.907067 
268.890397 
268.873723 
268.857045 
268.840363 
268.823678 
268.806989 
268.790297 
268.773600 
268.756900 
268.740196 
268.723489 
268.706777 
268.690062 
268.673343 
268.656621 
268.639894 
268.623164 
268.606430 
268.589692 
268.572951 
268.556206 
268.539457 
268.522704 
268.505947 
268.489187 
268.472423 
268.455655 
268.438883 
268.422107 
268.405328 
268.388545 
268.371758 
268.354968 
268.338173 
268.321375 
268.304573 
268.287767 
268.270957 
268.254143 
268.237326 
268.220505 
268.203680 
268.186851 
268.170018 
268.153182 
268.136342 
268.119497 
268.102650 
268.085798 
268.068942 
268.052083 
268.035219 
268.018352 
268.001481 
267.984606 
267.967727 
267.950845 
267.933958 
267.917068 
267.900174 
267.883276 
267.866374 
267.849468 
267.832559 
267.815645 
267.798728 
267.781806 
267.764881 
267.747952 
267.731019 
267.714082 
267.697142 
267.680197 
267.663249 
267.646296 
267.629340 
267.612380 
267.595416 
267.578448 
267.561476 
267.544500 
267.527520 
267.510536 
267.493549 
267.476557 
267.459562 
267.442562 
267.425559 
267.408552 
267.391541 
267.374526 
267.357507 
267.340484 
267.323457 
267.306426 
267.289391 
267.272352 
267.255309 
267.238263 
267.221212 
267.204158 
267.187099 
267.170036 
267.152970 
267.135899 
267.118825 
267.101746 
267.084664 
267.067578 
267.050487 
267.033393 
267.016295 
266.999192 
266.982086 
266.964975 
266.947861 
266.930743 
266.913620 
266.896494 
266.879364 
266.862229 
266.845091 
266.827948 
266.810802 
266.793652 
266.776497 
266.759339 
266.742176 
266.725010 
266.707839 
266.690664 
266.673486 
266.656303 
266.639116 
266.621925 
266.604730 
266.587531 
266.570329 
266.553121 
266.535910 
266.518695 
266.501476 
266.484253 
266.467025 
266.449794 
266.432558 
266.415319 
266.398075 
266.380827 
266.363576 
266.346320 
266.329060 
266.311796 
266.294527 
266.277255 
266.259979 
266.242698 
266.225413 
266.208125 
266.190832 
266.173535 
266.156234 
266.138929 
266.121619 
266.104306 
266.086988 
266.069667 
266.052341 
266.035011 
266.017677 
266.000339 
265.982996 
265.965650 
265.948299 
265.930944 
265.913585 
265.896222 
265.878855 
265.861483 
265.844107 
265.826728 
265.809344 
265.791956 
265.774563 
265.757167 
265.739766 
265.722361 
265.704952 
265.687539 
265.670121 
265.652700 
265.635274 
265.617844 
265.600410 
265.582971 
265.565529 
265.548082 
265.530631 
265.513175 
265.495716 
265.478252 
265.460784 
265.443312 
265.425836 
265.408355 
265.390870 
265.373381 
265.355888 
265.338390 
265.320888 
265.303382 
265.285872 
265.268357 
265.250838 
265.233315 
265.215788 
265.198256 
265.180720 
265.163180 
265.145636 
265.128087 
265.110534 
265.092976 
265.075415 
265.057849 
265.040279 
265.022704 
265.005126 
264.987543 
264.969955 
264.952364 
264.934768 
264.917167 
264.899563 
264.881954 
264.864341 
264.846723 
264.829101 
264.811475 
264.793844 
264.776209 
264.758570 
264.740927 
264.723279 
264.705627 
264.687970 
264.670309 
264.652644 
264.634974 
264.617300 
264.599622 
264.581939 
264.564252 
264.546561 
264.528865 
264.511164 
264.493460 
264.475751 
264.458038 
264.440320 
264.422598 
264.404871 
264.387140 
264.369405 
264.351665 
264.333921 
264.316172 
264.298419 
264.280662 
264.262900 
264.245134 
264.227363 
264.209588 
264.191809 
264.174025 
264.156237 
264.138444 
264.120647 
264.102845 
264.085039 
264.067228 
264.049413 
264.031594 
264.013770 
263.995941 
263.978109 
263.960271 
263.942429 
263.924583 
263.906732 
263.888877 
263.871017 
263.853153 
263.835285 
263.817411 
263.799534 
263.781652 
263.763765 
263.745874 
263.727978 
263.710078 
263.692173 
263.674264 
263.656350 
263.638432 
263.620509 
263.602582 
263.584650 
263.566714 
263.548773 
263.530827 
263.512877 
263.494923 
263.476964 
263.459000 
263.441032 
263.423059 
263.405082 
263.387100 
263.369113 
263.351122 
263.333127 
263.315126 
263.297122 
263.279112 
263.261098 
263.243080 
263.225057 
263.207029 
263.188997 
263.170960 
263.152918 
263.134872 
263.116822 
263.098766 
263.080706 
263.062642 
263.044572 
263.026499 
263.008420 
262.990337 
262.972249 
262.954157 
262.936060 
262.917958 
262.899852 
262.881741 
262.863625 
262.845505 
262.827380 
262.809251 
262.791116 
262.772977 
262.754834 
262.736685 
262.718532 
262.700375 
262.682212 
262.664045 
262.645874 
262.627697 
262.609516 
262.591330 
262.573140 
262.554944 
262.536745 
262.518540 
262.500330 
262.482116 
262.463897 
262.445674 
262.427446 
262.409212 
262.390975 
262.372732 
262.354485 
262.336233 
262.317976 
262.299714 
262.281448 
262.263177 
262.244901 
262.226621 
262.208335 
262.190045 
262.171750 
262.153451 
262.135146 
262.116837 
262.098523 
262.080204 
262.061880 
262.043552 
262.025218 
262.006880 
261.988537 
261.970190 
261.951837 
261.933480 
261.915118 
261.896751 
261.878379 
261.860002 
261.841620 
261.823234 
261.804843 
261.786447 
261.768046 
261.749640 
261.731229 
261.712814 
261.694394 
261.675968 
261.657538 
261.639103 
261.620663 
261.602219 
261.583769 
261.565314 
261.546855 
261.528391 
261.509921 
261.491447 
261.472968 
261.454484 
261.435995 
261.417502 
261.399003 
261.380499 
261.361991 
261.343477 
261.324959 
261.306435 
261.287907 
261.269374 
261.250836 
261.232292 
261.213744 
261.195191 
261.176633 
261.158070 
261.139502 
261.120929 
261.102351 
261.083768 
261.065180 
261.046588 
261.027990 
261.009387 
260.990779 
260.972166 
260.953548 
260.934925 
260.916297 
260.897664 
260.879026 
260.860383 
260.841735 
260.823082 
260.804424 
260.785761 
260.767093 
260.748420 
260.729741 
260.711058 
260.692370 
260.673676 
260.654978 
260.636274 
260.617566 
260.598852 
260.580133 
260.561409 
260.542680 
260.523946 
260.505207 
260.486463 
260.467713 
260.448959 
260.430199 
260.411435 
260.392665 
260.373890 
260.355110 
260.336325 
260.317535 
260.298739 
260.279939 
260.261133 
260.242322 
260.223506 
260.204685 
260.185859 
260.167027 
260.148191 
260.129349 
260.110502 
260.091650 
260.072792 
260.053930 
260.035062 
260.016189 
259.997311 
259.978428 
259.959539 
259.940646 
259.921747 
259.902843 
259.883933 
259.865019 
259.846099 
259.827174 
259.808244 
259.789308 
259.770367 
259.751421 
259.732470 
259.713514 
259.694552 
259.675585 
259.656613 
259.637635 
259.618653 
259.599664 
259.580671 
259.561673 
259.542669 
259.523659 
259.504645 
259.485625 
259.466600 
259.447570 
259.428534 
259.409493 
259.390447 
259.371395 
259.352338 
259.333276 
259.314208 
259.295135 
259.276057 
259.256973 
259.237884 
259.218789 
259.199690 
259.180585 
259.161474 
259.142358 
259.123237 
259.104110 
259.084979 
259.065841 
259.046698 
259.027550 
259.008397 
258.989238 
258.970073 
258.950904 
258.931728 
258.912548 
258.893362 
258.874170 
258.854974 
258.835771 
258.816563 
258.797350 
258.778132 
258.758908 
258.739678 
258.720443 
258.701203 
258.681957 
258.662705 
258.643448 
258.624186 
258.604918 
258.585645 
258.566366 
258.547082 
258.527792 
258.508497 
258.489196 
258.469889 
258.450578 
258.431260 
258.411937 
258.392609 
258.373275 
258.353935 
258.334590 
258.315240 
258.295884 
258.276522 
258.257155 
258.237782 
258.218403 
258.199019 
258.179630 
258.160235 
258.140834 
258.121428 
258.102016 
258.082598 
258.063175 
258.043747 
258.024312 
258.004872 
257.985427 
257.965976 
257.946519 
257.927057 
257.907589 
257.888115 
257.868636 
257.849151 
257.829660 
257.810164 
257.790662 
257.771154 
257.751641 
257.732122 
257.712597 
257.693067 
257.673531 
257.653989 
257.634442 
257.614889 
257.595330 
257.575765 
257.556195 
257.536619 
257.517038 
257.497450 
257.477857 
257.458258 
257.438654 
257.419043 
257.399427 
257.379805 
257.360178 
257.340544 
257.320905 
257.301260 
257.281610 
257.261953 
257.242291 
257.222623 
257.202949 
257.183269 
257.163584 
257.143893 
257.124196 
257.104493 
257.084784 
257.065069 
257.045349 
257.025623 
257.005891 
256.986153 
256.966409 
256.946660 
256.926904 
256.907143 
256.887376 
256.867603 
256.847824 
256.828039 
256.808248 
256.788452 
256.768649 
256.748841 
256.729027 
256.709207 
256.689380 
256.669548 
256.649710 
256.629867 
256.610017 
256.590161 
256.570299 
256.550432 
256.530558 
256.510679 
256.490793 
256.470902 
256.451004 
256.431101 
256.411192 
256.391276 
256.371355 
256.351428 
256.331494 
256.311555 
256.291610 
256.271658 
256.251701 
256.231737 
256.211768 
256.191793 
256.171811 
256.151824 
256.131830 
256.111830 
256.091825 
256.071813 
256.051795 
256.031771 
256.011741 
255.991705 
255.971663 
255.951615 
255.931561 
255.911500 
255.891434 
255.871361 
255.851282 
255.831198 
255.811107 
255.791009 
255.770906 
255.750797 
255.730681 
255.710560 
255.690432 
255.670298 
255.650158 
255.630011 
255.609859 
255.589700 
255.569535 
255.549364 
255.529187 
255.509004 
255.488814 
255.468618 
255.448416 
255.428208 
255.407994 
255.387773 
255.367546 
255.347313 
255.327073 
255.306828 
255.286576 
255.266317 
255.246053 
255.225782 
255.205505 
255.185222 
255.164932 
255.144636 
255.124334 
255.104026 
255.083711 
255.063390 
255.043063 
255.022729 
255.002389 
254.982043 
254.961690 
254.941331 
254.920965 
254.900594 
254.880216 
254.859831 
254.839440 
254.819043 
254.798640 
254.778230 
254.757813 
254.737391 
254.716961 
254.696526 
254.676084 
254.655636 
254.635181 
254.614720 
254.594252 
254.573778 
254.553297 
254.532810 
254.512317 
254.491817 
254.471311 
254.450798 
254.430279 
254.409753 
254.389221 
254.368682 
254.348137 
254.327585 
254.307027 
254.286462 
254.265891 
254.245313 
254.224729 
254.204138 
254.183540 
254.162936 
254.142326 
254.121709 
254.101085 
254.080455 
254.059818 
254.039175 
254.018525 
253.997869 
253.977206 
253.956536 
253.935860 
253.915177 
253.894487 
253.873791 
253.853089 
253.832379 
253.811663 
253.790941 
253.770211 
253.749475 
253.728733 
253.707983 
253.687227 
253.666465 
253.645695 
253.624919 
253.604137 
253.583347 
253.562551 
253.541748 
253.520939 
253.500123 
253.479300 
253.458470 
253.437634 
253.416790 
253.395940 
253.375084 
253.354220 
253.333350 
253.312473 
253.291589 
253.270699 
253.249801 
253.228897 
253.207986 
253.187068 
253.166144 
253.145212 
253.124274 
253.103329 
253.082377 
253.061418 
253.040453 
253.019480 
252.998501 
252.977515 
252.956522 
252.935522 
252.914515 
252.893501 
252.872481 
252.851453 
252.830419 
252.809377 
252.788329 
252.767274 
252.746212 
252.725143 
252.704067 
252.682984 
252.661894 
252.640797 
252.619693 
252.598582 
252.577465 
252.556340 
252.535208 
252.514069 
252.492924 
252.471771 
252.450611 
252.429444 
252.408270 
252.387089 
252.365901 
252.344706 
252.323504 
252.302295 
252.281079 
252.259856 
252.238626 
252.217388 
252.196144 
252.174892 
252.153633 
252.132368 
252.111095 
252.089815 
252.068527 
252.047233 
252.025932 
252.004623 
251.983307 
251.961985 
251.940654 
251.919317 
251.897973 
251.876621 
251.855262 
251.833896 
251.812523 
251.791143 
251.769755 
251.748360 
251.726958 
251.705549 
251.684132 
251.662709 
251.641278 
251.619839 
251.598394 
251.576941 
251.555481 
251.534013 
251.512538 
251.491056 
251.469567 
251.448070 
251.426566 
251.405055 
251.383537 
251.362011 
251.340477 
251.318937 
251.297389 
251.275833 
251.254270 
251.232700 
251.211123 
251.189538 
251.167946 
251.146346 
251.124739 
251.103124 
251.081502 
251.059873 
251.038236 
251.016592 
250.994940 
250.973281 
250.951614 
250.929940 
250.908258 
250.886569 
250.864872 
250.843168 
250.821457 
250.799738 
250.778011 
250.756277 
250.734535 
250.712786 
250.691029 
250.669265 
250.647493 
250.625713 
250.603926 
250.582132 
250.560329 
250.538520 
250.516702 
250.494877 
250.473045 
250.451204 
250.429356 
250.407501 
250.385638 
250.363767 
250.341888 
250.320002 
250.298108 
250.276207 
250.254298 
250.232381 
250.210456 
250.188524 
250.166584 
250.144636 
250.122681 
250.100718 
250.078747 
250.056768 
250.034782 
250.012787 
249.990785 
249.968776 
249.946758 
249.924733 
249.902700 
249.880659 
249.858610 
249.836554 
249.814489 
249.792417 
249.770337 
249.748249 
249.726153 
249.704049 
249.681938 
249.659819 
249.637691 
249.615556 
249.593413 
249.571262 
249.549103 
249.526936 
249.504761 
249.482579 
249.460388 
249.438189 
249.415983 
249.393768 
249.371546 
249.349315 
249.327077 
249.304830 
249.282576 
249.260313 
249.238043 
249.215764 
249.193478 
249.171183 
249.148880 
249.126570 
249.104251 
249.081924 
249.059589 
249.037246 
249.014895 
248.992535 
248.970168 
248.947793 
248.925409 
248.903017 
248.880617 
248.858209 
248.835793 
248.813369 
248.790936 
248.768495 
248.746047 
248.723589 
248.701124 
248.678651 
248.656169 
248.633679 
248.611181 
248.588674 
248.566159 
248.543636 
248.521105 
248.498566 
248.476018 
248.453462 
248.430897 
248.408325 
248.385744 
248.363154 
248.340557 
248.317951 
248.295336 
248.272713 
248.250082 
248.227443 
248.204795 
248.182139 
248.159474 
248.136801 
248.114120 
248.091430 
248.068732 
248.046025 
248.023310 
248.000586 
247.977854 
247.955113 
247.932364 
247.909607 
247.886841 
247.864066 
247.841283 
247.818492 
247.795692 
247.772883 
247.750066 
247.727240 
247.704406 
247.681563 
247.658712 
247.635852 
247.612983 
247.590106 
247.567220 
247.544326 
247.521423 
247.498511 
247.475591 
247.452662 
247.429724 
247.406778 
247.383823 
247.360859 
247.337887 
247.314906 
247.291916 
247.268917 
247.245910 
247.222894 
247.199869 
247.176836 
247.153794 
247.130743 
247.107683 
247.084614 
247.061537 
247.038450 
247.015355 
246.992252 
246.969139 
246.946017 
246.922887 
246.899748 
246.876600 
246.853443 
246.830277 
246.807102 
246.783918 
246.760726 
246.737524 
246.714314 
246.691094 
246.667866 
246.644629 
246.621382 
246.598127 
246.574863 
246.551590 
246.528307 
246.505016 
246.481716 
246.458407 
246.435088 
246.411761 
246.388424 
246.365079 
246.341724 
246.318361 
246.294988 
246.271606 
246.248215 
246.224815 
246.201406 
246.177987 
246.154560 
246.131123 
246.107677 
246.084222 
246.060758 
246.037284 
246.013802 
245.990310 
245.966809 
245.943299 
245.919779 
245.896250 
245.872712 
245.849165 
245.825608 
245.802042 
245.778467 
245.754883 
245.731289 
245.707685 
245.684073 
245.660451 
245.636820 
245.613179 
245.589529 
245.565870 
245.542201 
245.518523 
245.494835 
245.471138 
245.447432 
245.423716 
245.399991 
245.376256 
245.352512 
245.328758 
245.304995 
245.281222 
245.257440 
245.233648 
245.209846 
245.186036 
245.162215 
245.138385 
245.114546 
245.090696 
245.066838 
245.042969 
245.019091 
244.995204 
244.971307 
244.947400 
244.923483 
244.899557 
244.875621 
244.851676 
244.827720 
244.803755 
244.779781 
244.755796 
244.731802 
244.707798 
244.683785 
244.659761 
244.635728 
244.611685 
244.587633 
244.563570 
244.539498 
244.515415 
244.491323 
244.467221 
244.443110 
244.418988 
244.394857 
244.370715 
244.346564 
244.322403 
244.298232 
244.274051 
244.249860 
244.225659 
244.201448 
244.177227 
244.152996 
244.128755 
244.104504 
244.080243 
244.055972 
244.031691 
244.007400 
243.983099 
243.958788 
243.934467 
243.910136 
243.885794 
243.861443 
243.837081 
243.812709 
243.788327 
243.763935 
243.739533 
243.715120 
243.690698 
243.666265 
243.641822 
243.617369 
243.592905 
243.568431 
243.543947 
243.519453 
243.494948 
243.470433 
243.445908 
243.421373 
243.396827 
243.372271 
243.347704 
243.323127 
243.298540 
243.273943 
243.249335 
243.224716 
243.200087 
243.175448 
243.150798 
243.126138 
243.101468 
243.076787 
243.052095 
243.027393 
243.002681 
242.977957 
242.953224 
242.928480 
242.903725 
242.878960 
242.854184 
242.829397 
242.804600 
242.779793 
242.754975 
242.730146 
242.705306 
242.680456 
242.655595 
242.630723 
242.605841 
242.580948 
242.556045 
242.531130 
242.506205 
242.481269 
242.456322 
242.431365 
242.406397 
242.381418 
242.356428 
242.331427 
242.306416 
242.281393 
242.256360 
242.231316 
242.206261 
242.181195 
242.156118 
242.131031 
242.105932 
242.080822 
242.055702 
242.030570 
242.005428 
241.980274 
241.955110 
241.929934 
241.904748 
241.879550 
241.854341 
241.829121 
241.803891 
241.778649 
241.753396 
241.728131 
241.702856 
241.677570 
241.652272 
241.626963 
241.601643 
241.576312 
241.550970 
241.525616 
241.500251 
241.474875 
241.449488 
241.424089 
241.398679 
241.373258 
241.347825 
241.322381 
241.296926 
241.271460 
241.245982 
241.220492 
241.194992 
241.169480 
241.143956 
241.118421 
241.092875 
241.067317 
241.041747 
241.016167 
240.990574 
240.964970 
240.939355 
240.913728 
240.888090 
240.862440 
240.836778 
240.811105 
240.785420 
240.759724 
240.734015 
240.708296 
240.682564 
240.656821 
240.631067 
240.605300 
240.579522 
240.553732 
240.527931 
240.502117 
240.476292 
240.450455 
240.424606 
240.398746 
240.372874 
240.346989 
240.321093 
240.295185 
240.269266 
240.243334 
240.217390 
240.191435 
240.165467 
240.139488 
240.113496 
240.087493 
240.061478 
240.035450 
240.009411 
239.983360 
239.957296 
239.931221 
239.905133 
239.879033 
239.852921 
239.826797 
239.800661 
239.774513 
239.748353 
239.722180 
239.695995 
239.669798 
239.643589 
239.617368 
239.591134 
239.564888 
239.538630 
239.512359 
239.486076 
239.459781 
239.433474 
239.407154 
239.380821 
239.354477 
239.328120 
239.301750 
239.275368 
239.248974 
239.222567 
239.196148 
239.169716 
239.143272 
239.116815 
239.090345 
239.063864 
239.037369 
239.010862 
238.984342 
238.957810 
238.931265 
238.904707 
238.878137 
238.851554 
238.824959 
238.798350 
238.771729 
238.745096 
238.718449 
238.691790 
238.665118 
238.638433 
238.611735 
238.585024 
238.558301 
238.531565 
238.504816 
238.478054 
238.451279 
238.424491 
238.397690 
238.370876 
238.344049 
238.317210 
238.290357 
238.263491 
238.236612 
238.209720 
238.182815 
238.155897 
238.128966 
238.102022 
238.075064 
238.048094 
238.021110 
237.994113 
237.967103 
237.940079 
237.913043 
237.885993 
237.858929 
237.831853 
237.804763 
237.777660 
237.750544 
237.723414 
237.696271 
237.669114 
237.641944 
237.614761 
237.587564 
237.560354 
237.533130 
237.505893 
237.478642 
237.451378 
237.424100 
237.396808 
237.369503 
237.342185 
237.314853 
237.287507 
237.260147 
237.232774 
237.205387 
237.177987 
237.150573 
237.123145 
237.095703 
237.068247 
237.040778 
237.013295 
236.985798 
236.958287 
236.930763 
236.903224 
236.875672 
236.848105 
236.820525 
236.792931 
236.765323 
236.737701 
236.710064 
236.682414 
236.654750 
236.627072 
236.599379 
236.571673 
236.543952 
236.516218 
236.488469 
236.460706 
236.432928 
236.405137 
236.377331 
236.349511 
236.321677 
236.293829 
236.265966 
236.238089 
236.210198 
236.182292 
236.154372 
236.126437 
236.098488 
236.070525 
236.042547 
236.014555 
235.986548 
235.958527 
235.930491 
235.902441 
235.874376 
235.846296 
235.818202 
235.790093 
235.761970 
235.733832 
235.705679 
235.677512 
235.649330 
235.621133 
235.592921 
235.564695 
235.536453 
235.508197 
235.479926 
235.451640 
235.423340 
235.395024 
235.366694 
235.338348 
235.309988 
235.281613 
235.253222 
235.224817 
235.196396 
235.167961 
235.139510 
235.111045 
235.082564 
235.054068 
235.025557 
234.997030 
234.968489 
234.939932 
234.911360 
234.882773 
234.854170 
234.825553 
234.796919 
234.768271 
234.739607 
234.710928 
234.682233 
234.653523 
234.624797 
234.596056 
234.567299 
234.538527 
234.509740 
234.480936 
234.452118 
234.423283 
234.394433 
234.365567 
234.336686 
234.307789 
234.278876 
234.249948 
234.221003 
234.192043 
234.163067 
234.134076 
234.105068 
234.076045 
234.047005 
234.017950 
233.988879 
233.959792 
233.930689 
233.901570 
233.872435 
233.843283 
233.814116 
233.784933 
233.755733 
233.726518 
233.697286 
233.668038 
233.638774 
233.609494 
233.580197 
233.550884 
233.521555 
233.492209 
233.462847 
233.433469 
233.404075 
233.374664 
233.345236 
233.315792 
233.286332 
233.256855 
233.227361 
233.197851 
233.168325 
233.138781 
233.109222 
233.079645 
233.050052 
233.020442 
232.990815 
232.961172 
232.931512 
232.901835 
232.872141 
232.842431 
232.812703 
232.782959 
232.753198 
232.723420 
232.693624 
232.663812 
232.633983 
232.604137 
232.574274 
232.544393 
232.514496 
232.484581 
232.454649 
232.424700 
232.394734 
232.364751 
232.334750 
232.304732 
232.274697 
232.244644 
232.214574 
232.184487 
232.154382 
232.124260 
232.094120 
232.063963 
232.033788 
232.003596 
231.973386 
231.943159 
231.912913 
231.882651 
231.852370 
231.822072 
231.791756 
231.761423 
231.731071 
231.700702 
231.670315 
231.639910 
231.609488 
231.579047 
231.548588 
231.518112 
231.487617 
231.457104 
231.426574 
231.396025 
231.365458 
231.334873 
231.304270 
231.273649 
231.243009 
231.212351 
231.181675 
231.150981 
231.120268 
231.089537 
231.058788 
231.028020 
230.997234 
230.966429 
230.935606 
230.904764 
230.873904 
230.843025 
230.812128 
230.781211 
230.750277 
230.719323 
230.688351 
230.657360 
230.626350 
230.595322 
230.564275 
230.533208 
230.502123 
230.471019 
230.439896 
230.408754 
230.377593 
230.346413 
230.315214 
230.283996 
230.252759 
230.221503 
230.190227 
230.158932 
230.127618 
230.096285 
230.064932 
230.033560 
230.002168 
229.970758 
229.939327 
229.907878 
229.876409 
229.844920 
229.813412 
229.781884 
229.750336 
229.718769 
229.687183 
229.655576 
229.623950 
229.592304 
229.560638 
229.528953 
229.497247 
229.465522 
229.433776 
229.402011 
229.370226 
229.338421 
229.306595 
229.274750 
229.242885 
229.210999 
229.179093 
229.147167 
229.115221 
229.083254 
229.051267 
229.019260 
228.987232 
228.955184 
228.923116 
228.891027 
228.858918 
228.826788 
228.794637 
228.762466 
228.730274 
228.698061 
228.665828 
228.633574 
228.601300 
228.569004 
228.536688 
228.504350 
228.471992 
228.439613 
228.407213 
228.374792 
228.342350 
228.309887 
228.277402 
228.244897 
228.212370 
228.179822 
228.147253 
228.114662 
228.082050 
228.049417 
228.016763 
227.984087 
227.951389 
227.918670 
227.885930 
227.853168 
227.820384 
227.787578 
227.754751 
227.721903 
227.689032 
227.656140 
227.623226 
227.590289 
227.557332 
227.524352 
227.491350 
227.458326 
227.425280 
227.392212 
227.359122 
227.326009 
227.292875 
227.259718 
227.226539 
227.193338 
227.160114 
227.126868 
227.093599 
227.060308 
227.026995 
226.993659 
226.960300 
226.926919 
226.893515 
226.860088 
226.826639 
226.793167 
226.759672 
226.726154 
226.692613 
226.659050 
226.625463 
226.591853 
226.558221 
226.524565 
226.490886 
226.457184 
226.423459 
226.389710 
226.355938 
226.322143 
226.288324 
226.254482 
226.220617 
226.186728 
226.152816 
226.118879 
226.084920 
226.050936 
226.016929 
225.982899 
225.948844 
225.914766 
225.880663 
225.846537 
225.812387 
225.778213 
225.744014 
225.709792 
225.675546 
225.641275 
225.606980 
225.572661 
225.538318 
225.503950 
225.469558 
225.435142 
225.400701 
225.366235 
225.331745 
225.297230 
225.262691 
225.228127 
225.193538 
225.158925 
225.124286 
225.089623 
225.054935 
225.020222 
224.985483 
224.950720 
224.915932 
224.881118 
224.846280 
224.811416 
224.776527 
224.741612 
224.706672 
224.671707 
224.636716 
224.601700 
224.566658 
224.531591 
224.496498 
224.461379 
224.426234 
224.391064 
224.355868 
224.320646 
224.285398 
224.250124 
224.214824 
224.179498 
224.144145 
224.108767 
224.073362 
224.037931 
224.002474 
223.966990 
223.931480 
223.895944 
223.860380 
223.824791 
223.789174 
223.753531 
223.717862 
223.682165 
223.646442 
223.610692 
223.574915 
223.539110 
223.503279 
223.467421 
223.431536 
223.395623 
223.359683 
223.323716 
223.287722 
223.251700 
223.215651 
223.179574 
223.143470 
223.107338 
223.071178 
223.034991 
222.998776 
222.962533 
222.926262 
222.889964 
222.853637 
222.817282 
222.780899 
222.744489 
222.708049 
222.671582 
222.635086 
222.598562 
222.562010 
222.525429 
222.488820 
222.452182 
222.415515 
222.378820 
222.342096 
222.305343 
222.268561 
222.231750 
222.194910 
222.158042 
222.121144 
222.084217 
222.047261 
222.010275 
221.973261 
221.936216 
221.899143 
221.862040 
221.824907 
221.787745 
221.750553 
221.713331 
221.676080 
221.638798 
221.601487 
221.564146 
221.526775 
221.489373 
221.451942 
221.414480 
221.376988 
221.339466 
221.301913 
221.264330 
221.226716 
221.189072 
221.151397 
221.113691 
221.075954 
221.038187 
221.000389 
220.962560 
220.924699 
220.886808 
220.848886 
220.810932 
220.772947 
220.734931 
220.696883 
220.658804 
220.620693 
220.582551 
220.544377 
220.506171 
220.467933 
220.429664 
220.391362 
220.353029 
220.314663 
220.276266 
220.237836 
220.199374 
220.160879 
220.122353 
220.083793 
220.045201 
220.006577 
219.967920 
219.929230 
219.890507 
219.851751 
219.812963 
219.774141 
219.735286 
219.696398 
219.657477 
219.618522 
219.579534 
219.540513 
219.501458 
219.462370 
219.423248 
219.384092 
219.344902 
219.305678 
219.266421 
219.227129 
219.187803 
219.148443 
219.109049 
219.069621 
219.030158 
218.990660 
218.951128 
218.911562 
218.871960 
218.832324 
218.792653 
218.752947 
218.713206 
218.673430 
218.633619 
218.593772 
218.553891 
218.513973 
218.474021 
218.434032 
218.394008 
218.353949 
218.313853 
218.273722 
218.233555 
218.193351 
218.153112 
218.112836 
218.072524 
218.032176 
217.991791 
217.951370 
217.910912 
217.870418 
217.829886 
217.789318 
217.748713 
217.708071 
217.667391 
217.626675 
217.585921 
217.545130 
217.504301 
217.463435 
217.422531 
217.381590 
217.340611 
217.299594 
217.258538 
217.217445 
217.176314 
217.135144 
217.093936 
217.052690 
217.011405 
216.970082 
216.928720 
216.887319 
216.845879 
216.804401 
216.762883 
216.721326 
216.679730 
216.638094 
216.596420 
216.554705 
216.512951 
216.471158 
216.429324 
216.387451 
216.345538 
216.303585 
216.261591 
216.219558 
216.177483 
216.135369 
216.093214 
216.051018 
216.008782 
215.966504 
215.924186 
215.881827 
215.839426 
215.796985 
215.754502 
215.711977 
215.669411 
215.626804 
215.584154 
215.541463 
215.498730 
215.455955 
215.413138 
215.370278 
215.327376 
215.284432 
215.241445 
215.198415 
215.155343 
215.112228 
215.069069 
215.025868 
214.982623 
214.939336 
214.896004 
214.852630 
214.809211 
214.765749 
214.722243 
214.678693 
214.635099 
214.591461 
214.547779 
214.504052 
214.460280 
214.416464 
214.372604 
214.328698 
214.284747 
214.240752 
214.196711 
214.152625 
214.108493 
214.064316 
214.020093 
213.975825 
213.931511 
213.887150 
213.842744 
213.798291 
213.753792 
213.709246 
213.664654 
213.620015 
213.575329 
213.530596 
213.485816 
213.440989 
213.396115 
213.351193 
213.306223 
213.261206 
213.216141 
213.171028 
213.125867 
213.080658 
213.035400 
212.990094 
212.944739 
212.899336 
212.853883 
212.808382 
212.762832 
212.717232 
212.671583 
212.625884 
212.580136 
212.534338 
212.488490 
212.442592 
212.396644 
212.350645 
212.304596 
212.258497 
212.212347 
212.166145 
212.119893 
212.073590 
212.027235 
211.980829 
211.934372 
211.887862 
211.841301 
211.794688 
211.748023 
211.701305 
211.654535 
211.607713 
211.560837 
211.513909 
211.466928 
211.419894 
211.372806 
211.325665 
211.278470 
211.231222 
211.183919 
211.136563 
211.089152 
211.041687 
210.994167 
210.946593 
210.898964 
210.851280 
210.803541 
210.755746 
210.707896 
210.659990 
210.612029 
210.564012 
210.515938 
210.467808 
210.419622 
210.371379 
210.323080 
210.274723 
210.226310 
210.177839 
210.129311 
210.080725 
210.032082 
209.983380 
209.934621 
209.885803 
209.836927 
209.787992 
209.738998 
209.689945 
209.640834 
209.591663 
209.542432 
209.493142 
209.443792 
209.394382 
209.344912 
209.295381 
209.245790 
209.196138 
209.146425 
209.096651 
209.046816 
208.996919 
208.946961 
208.896940 
208.846858 
208.796713 
208.746506 
208.696237 
208.645904 
208.595509 
208.545050 
208.494528 
208.443943 
208.393293 
208.342580 
208.291802 
208.240961 
208.190054 
208.139083 
208.088046 
208.036945 
207.985778 
207.934546 
207.883247 
207.831883 
207.780453 
207.728956 
207.677392 
207.625762 
207.574064 
207.522299 
207.470467 
207.418567 
207.366599 
207.314563 
207.262458 
207.210285 
207.158043 
207.105732 
207.053352 
207.000903 
206.948383 
206.895794 
206.843134 
206.790404 
206.737604 
206.684732 
206.631790 
206.578776 
206.525691 
206.472533 
206.419304 
206.366003 
206.312628 
206.259182 
206.205662 
206.152069 
206.098402 
206.044662 
205.990847 
205.936959 
205.882996 
205.828958 
205.774845 
205.720657 
205.666393 
205.612054 
205.557638 
205.503146 
205.448578 
205.393933 
205.339211 
205.284411 
205.229534 
205.174579 
205.119546 
205.064434 
205.009244 
204.953974 
204.898625 
204.843197 
204.787689 
204.732101 
204.676433 
204.620684 
204.564853 
204.508942 
204.452949 
204.396874 
204.340718 
204.284478 
204.228156 
204.171751 
204.115263 
204.058691 
204.002036 
203.945296 
203.888471 
203.831562 
203.774567 
203.717487 
203.660322 
203.603070 
203.545732 
203.488307 
203.430795 
203.373196 
203.315509 
203.257734 
203.199871 
203.141919 
203.083878 
203.025747 
202.967527 
202.909218 
202.850817 
202.792326 
202.733744 
202.675071 
202.616306 
202.557449 
202.498499 
202.439456 
202.380321 
202.321092 
202.261769 
202.202352 
202.142840 
202.083233 
202.023531 
201.963734 
201.903840 
201.843850 
201.783763 
201.723578 
201.663297 
201.602917 
201.542439 
201.481862 
201.421185 
201.360410 
201.299534 
201.238558 
201.177482 
201.116304 
201.055024 
200.993643 
200.932159 
200.870572 
200.808883 
200.747089 
200.685192 
200.623190 
200.561083 
200.498870 
200.436552 
200.374128 
200.311597 
200.248959 
200.186213 
200.123359 
200.060397 
199.997326 
199.934145 
199.870855 
199.807454 
199.743943 
199.680320 
199.616586 
199.552739 
199.488780 
199.424707 
199.360521 
199.296221 
199.231806 
199.167276 
199.102630 
199.037868 
198.972990 
198.907994 
198.842881 
198.777649 
198.712299 
198.646830 
198.581241 
198.515531 
198.449701 
198.383749 
198.317675 
198.251479 
198.185160 
198.118718 
198.052151 
197.985459 
197.918642 
197.851700 
197.784631 
197.717435 
197.650111 
197.582660 
197.515079 
197.447369 
197.379530 
197.311559 
197.243458 
197.175224 
197.106859 
197.038360 
196.969728 
196.900961 
196.832060 
196.763023 
196.693849 
196.624539 
196.555091 
196.485506 
196.415781 
196.345917 
196.275912 
196.205767 
196.135480 
196.065051 
195.994479 
195.923764 
195.852904 
195.781898 
195.710748 
195.639450 
195.568005 
195.496413 
195.424671 
195.352781 
195.280740 
195.208547 
195.136204 
195.063707 
194.991058 
194.918254 
194.845295 
194.772181 
194.698910 
194.625482 
194.551896 
194.478151 
194.404246 
194.330181 
194.255954 
194.181564 
194.107012 
194.032296 
193.957414 
193.882367 
193.807154 
193.731773 
193.656223 
193.580504 
193.504615 
193.428554 
193.352321 
193.275916 
193.199336 
193.122581 
193.045651 
192.968543 
192.891258 
192.813793 
192.736149 
192.658324 
192.580317 
192.502127 
192.423753 
192.345194 
192.266449 
192.187516 
192.108396 
192.029086 
191.949586 
191.869894 
191.790010 
191.709932 
191.629660 
191.549191 
191.468525 
191.387661 
191.306597 
191.225333 
191.143866 
191.062197 
190.980323 
190.898244 
190.815958 
190.733464 
190.650761 
190.567847 
190.484722 
190.401383 
190.317830 
190.234060 
190.150074 
190.065869 
189.981445 
189.896799 
189.811930 
189.726838 
189.641520 
189.555975 
189.470202 
189.384199 
189.297964 
189.211497 
189.124795 
189.037858 
188.950683 
188.863269 
188.775615 
188.687719 
188.599579 
188.511194 
188.422561 
188.333680 
188.244549 
188.155166 
188.065529 
187.975637 
187.885487 
187.795079 
187.704410 
187.613478 
187.522282 
187.430819 
187.339089 
187.247089 
187.154817 
187.062271 
186.969449 
186.876350 
186.782971 
186.689310 
186.595366 
186.501136 
186.406617 
186.311809 
186.216709 
186.121315 
186.025624 
185.929634 
185.833344 
185.736750 
185.639851 
185.542644 
185.445127 
185.347298 
185.249154 
185.150692 
185.051911 
184.952808 
184.853380 
184.753624 
184.653539 
184.553122 
184.452369 
184.351278 
184.249847 
184.148073 
184.045953 
183.943484 
183.840664 
183.737488 
183.633956 
183.530063 
183.425807 
183.321184 
183.216192 
183.110827 
183.005086 
182.898966 
182.792464 
182.685577 
182.578301 
182.470632 
182.362568 
182.254105 
182.145239 
182.035967 
181.926286 
181.816190 
181.705678 
181.594745 
181.483387 
181.371600 
181.259381 
181.146725 
181.033628 
180.920087 
180.806097 
180.691654 
180.576754 
180.461391 
180.345563 
180.229264 
180.112490 
179.995236 
179.877497 
179.759270 
179.640548 
179.521327 
179.401602 
179.281368 
179.160620 
179.039353 
178.917560 
178.795238 
178.672380 
178.548980 
178.425034 
178.300535 
178.175478 
178.049857 
177.923664 
177.796896 
177.669544 
177.541603 
177.413066 
177.283927 
177.154179 
177.023815 
176.892829 
176.761212 
176.628959 
176.496061 
176.362512 
176.228303 
176.093427 
175.957877 
175.821643 
175.684719 
175.547094 
175.408763 
175.269714 
175.129941 
174.989433 
174.848182 
174.706178 
174.563412 
174.419875 
174.275555 
174.130444 
173.984531 
173.837805 
173.690256 
173.541873 
173.392644 
173.242559 
173.091605 
172.939772 
172.787045 
172.633414 
172.478866 
172.323387 
172.166965 
172.009586 
171.851235 
171.691900 
171.531565 
171.370215 
171.207836 
171.044412 
170.879927 
170.714365 
170.547709 
170.379942 
170.211047 
170.041006 
169.869800 
169.697411 
169.523819 
169.349004 
169.172947 
168.995626 
168.817021 
168.637108 
168.455866 
168.273272 
168.089301 
167.903929 
167.717132 
167.528883 
167.339155 
167.147922 
166.955156 
166.760826 
166.564905 
166.367360 
166.168160 
165.967273 
165.764665 
165.560301 
165.354146 
165.146162 
164.936312 
164.724556 
164.510854 
164.295163 
164.077439 
163.857639 
163.635715 
163.411619 
163.185302 
162.956711 
162.725793 
162.492492 
162.256751 
162.018510 
161.777706 
161.534274 
161.288148 
161.039258 
160.787530 
160.532888 
160.275255 
160.014546 
159.750676 
159.483555 
159.213090 
158.939181 
158.661726 
158.380618 
158.095743 
157.806984 
157.514216 
157.217308 
156.916124 
156.610518 
156.300340 
155.985427 
155.665611 
155.340713 
155.010544 
154.674903 
154.333576 
153.986339 
153.632951 
153.273157 
152.906685 
152.533242 
152.152519 
151.764181 
151.367873 
150.963208 
150.549774 
150.127125 
149.694776 
149.252205 
148.798843 
148.334072 
147.857215 
147.367531 
146.864209 
146.346351 
145.812968 
145.262958 
144.695098 
144.108015 
143.500167 
142.869813 
142.214971 
141.533377 
140.822424 
140.079091 
139.299845 
138.480516 
137.616135 
136.700708 
135.726910 
134.685646 
133.565424 
132.351407 
131.023947 
129.556197 
127.910007 
126.028348 
123.819958 
121.123889 
117.610023 
112.386394 
100.048342 
NaN
NaN
NaN
NaN
NaN
NaN
NaN
NaN
NaN
NaN
NaN
NaN
NaN
NaN
NaN
NaN
NaN
NaN
NaN
NaN
NaN
NaN
NaN
NaN
NaN
NaN
NaN
NaN
NaN
NaN
NaN
NaN
NaN
NaN
NaN
NaN
NaN
NaN
NaN
