330.024645 
330.014446 
330.004246 
329.994045 
329.983844 
329.973642 
329.963439 
329.953236 
329.943032 
329.932828 
329.922623 
329.912417 
329.902210 
329.892003 
329.881795 
329.871587 
329.861378 
329.851168 
329.840958 
329.830747 
329.820535 
329.810323 
329.800110 
329.789896 
329.779682 
329.769467 
329.759251 
329.749035 
329.738818 
329.728601 
329.718383 
329.708164 
329.697944 
329.687724 
329.677503 
329.667282 
329.657060 
329.646837 
329.636614 
329.626390 
329.616165 
329.605940 
329.595714 
329.585487 
329.575260 
329.565032 
329.554803 
329.544574 
329.534344 
329.524114 
329.513883 
329.503651 
329.493418 
329.483185 
329.472951 
329.462717 
329.452482 
329.442246 
329.432009 
329.421772 
329.411535 
329.401296 
329.391057 
329.380817 
329.370577 
329.360336 
329.350094 
329.339852 
329.329609 
329.319366 
329.309121 
329.298876 
329.288631 
329.278384 
329.268138 
329.257890 
329.247642 
329.237393 
329.227143 
329.216893 
329.206642 
329.196391 
329.186139 
329.175886 
329.165632 
329.155378 
329.145123 
329.134868 
329.124612 
329.114355 
329.104098 
329.093840 
329.083581 
329.073321 
329.063061 
329.052801 
329.042539 
329.032277 
329.022015 
329.011751 
329.001487 
328.991223 
328.980957 
328.970691 
328.960425 
328.950157 
328.939889 
328.929621 
328.919351 
328.909081 
328.898811 
328.888539 
328.878267 
328.867995 
328.857722 
328.847448 
328.837173 
328.826898 
328.816622 
328.806345 
328.796068 
328.785790 
328.775512 
328.765232 
328.754952 
328.744672 
328.734391 
328.724109 
328.713826 
328.703543 
328.693259 
328.682975 
328.672689 
328.662404 
328.652117 
328.641830 
328.631542 
328.621253 
328.610964 
328.600674 
328.590384 
328.580093 
328.569801 
328.559508 
328.549215 
328.538921 
328.528627 
328.518332 
328.508036 
328.497739 
328.487442 
328.477144 
328.466846 
328.456546 
328.446247 
328.435946 
328.425645 
328.415343 
328.405040 
328.394737 
328.384433 
328.374129 
328.363824 
328.353518 
328.343211 
328.332904 
328.322596 
328.312288 
328.301978 
328.291669 
328.281358 
328.271047 
328.260735 
328.250422 
328.240109 
328.229795 
328.219481 
328.209165 
328.198849 
328.188533 
328.178216 
328.167898 
328.157579 
328.147260 
328.136940 
328.126619 
328.116298 
328.105976 
328.095653 
328.085330 
328.075006 
328.064681 
328.054356 
328.044030 
328.033703 
328.023376 
328.013048 
328.002719 
327.992390 
327.982060 
327.971729 
327.961398 
327.951066 
327.940733 
327.930400 
327.920066 
327.909731 
327.899395 
327.889059 
327.878723 
327.868385 
327.858047 
327.847708 
327.837369 
327.827029 
327.816688 
327.806346 
327.796004 
327.785661 
327.775318 
327.764973 
327.754628 
327.744283 
327.733937 
327.723590 
327.713242 
327.702894 
327.692545 
327.682195 
327.671845 
327.661494 
327.651142 
327.640790 
327.630437 
327.620083 
327.609729 
327.599374 
327.589018 
327.578662 
327.568304 
327.557947 
327.547588 
327.537229 
327.526869 
327.516509 
327.506147 
327.495786 
327.485423 
327.475060 
327.464696 
327.454331 
327.443966 
327.433600 
327.423233 
327.412866 
327.402498 
327.392129 
327.381760 
327.371390 
327.361019 
327.350648 
327.340276 
327.329903 
327.319530 
327.309155 
327.298781 
327.288405 
327.278029 
327.267652 
327.257274 
327.246896 
327.236517 
327.226138 
327.215757 
327.205376 
327.194995 
327.184612 
327.174229 
327.163845 
327.153461 
327.143076 
327.132690 
327.122304 
327.111917 
327.101529 
327.091140 
327.080751 
327.070361 
327.059970 
327.049579 
327.039187 
327.028795 
327.018401 
327.008007 
326.997612 
326.987217 
326.976821 
326.966424 
326.956027 
326.945629 
326.935230 
326.924830 
326.914430 
326.904029 
326.893627 
326.883225 
326.872822 
326.862418 
326.852014 
326.841609 
326.831203 
326.820797 
326.810390 
326.799982 
326.789573 
326.779164 
326.768754 
326.758344 
326.747933 
326.737521 
326.727108 
326.716695 
326.706281 
326.695866 
326.685450 
326.675034 
326.664617 
326.654200 
326.643782 
326.633363 
326.622943 
326.612523 
326.602102 
326.591680 
326.581258 
326.570835 
326.560411 
326.549987 
326.539562 
326.529136 
326.518709 
326.508282 
326.497854 
326.487426 
326.476996 
326.466566 
326.456136 
326.445704 
326.435272 
326.424839 
326.414406 
326.403972 
326.393537 
326.383101 
326.372665 
326.362228 
326.351791 
326.341352 
326.330913 
326.320473 
326.310033 
326.299592 
326.289150 
326.278707 
326.268264 
326.257820 
326.247376 
326.236930 
326.226484 
326.216038 
326.205590 
326.195142 
326.184693 
326.174244 
326.163793 
326.153343 
326.142891 
326.132439 
326.121986 
326.111532 
326.101077 
326.090622 
326.080166 
326.069710 
326.059253 
326.048795 
326.038336 
326.027877 
326.017417 
326.006956 
325.996495 
325.986032 
325.975570 
325.965106 
325.954642 
325.944177 
325.933711 
325.923245 
325.912778 
325.902310 
325.891841 
325.881372 
325.870902 
325.860432 
325.849960 
325.839488 
325.829016 
325.818542 
325.808068 
325.797593 
325.787118 
325.776642 
325.766165 
325.755687 
325.745209 
325.734730 
325.724250 
325.713769 
325.703288 
325.692806 
325.682324 
325.671841 
325.661357 
325.650872 
325.640386 
325.629900 
325.619413 
325.608926 
325.598438 
325.587949 
325.577459 
325.566969 
325.556478 
325.545986 
325.535493 
325.525000 
325.514506 
325.504011 
325.493516 
325.483020 
325.472523 
325.462026 
325.451528 
325.441029 
325.430529 
325.420029 
325.409528 
325.399026 
325.388524 
325.378021 
325.367517 
325.357012 
325.346507 
325.336001 
325.325494 
325.314987 
325.304478 
325.293970 
325.283460 
325.272950 
325.262439 
325.251927 
325.241415 
325.230902 
325.220388 
325.209873 
325.199358 
325.188842 
325.178325 
325.167808 
325.157290 
325.146771 
325.136251 
325.125731 
325.115210 
325.104688 
325.094166 
325.083643 
325.073119 
325.062594 
325.052069 
325.041543 
325.031016 
325.020489 
325.009961 
324.999432 
324.988902 
324.978372 
324.967841 
324.957309 
324.946776 
324.936243 
324.925709 
324.915175 
324.904639 
324.894103 
324.883567 
324.873029 
324.862491 
324.851952 
324.841412 
324.830872 
324.820331 
324.809789 
324.799246 
324.788703 
324.778159 
324.767615 
324.757069 
324.746523 
324.735976 
324.725429 
324.714880 
324.704331 
324.693781 
324.683231 
324.672680 
324.662128 
324.651575 
324.641022 
324.630468 
324.619913 
324.609357 
324.598801 
324.588244 
324.577687 
324.567128 
324.556569 
324.546009 
324.535449 
324.524887 
324.514325 
324.503762 
324.493199 
324.482635 
324.472070 
324.461504 
324.450938 
324.440371 
324.429803 
324.419234 
324.408665 
324.398095 
324.387524 
324.376953 
324.366380 
324.355807 
324.345234 
324.334659 
324.324084 
324.313508 
324.302932 
324.292355 
324.281777 
324.271198 
324.260618 
324.250038 
324.239457 
324.228875 
324.218293 
324.207710 
324.197126 
324.186542 
324.175956 
324.165370 
324.154783 
324.144196 
324.133608 
324.123019 
324.112429 
324.101839 
324.091247 
324.080655 
324.070063 
324.059470 
324.048875 
324.038281 
324.027685 
324.017089 
324.006492 
323.995894 
323.985296 
323.974696 
323.964096 
323.953496 
323.942894 
323.932292 
323.921689 
323.911086 
323.900481 
323.889876 
323.879270 
323.868664 
323.858057 
323.847448 
323.836840 
323.826230 
323.815620 
323.805009 
323.794397 
323.783785 
323.773172 
323.762558 
323.751943 
323.741328 
323.730712 
323.720095 
323.709477 
323.698859 
323.688240 
323.677620 
323.666999 
323.656378 
323.645756 
323.635133 
323.624510 
323.613886 
323.603261 
323.592635 
323.582009 
323.571381 
323.560753 
323.550125 
323.539495 
323.528865 
323.518234 
323.507603 
323.496970 
323.486337 
323.475703 
323.465069 
323.454433 
323.443797 
323.433161 
323.422523 
323.411885 
323.401246 
323.390606 
323.379965 
323.369324 
323.358682 
323.348039 
323.337396 
323.326752 
323.316107 
323.305461 
323.294814 
323.284167 
323.273519 
323.262871 
323.252221 
323.241571 
323.230920 
323.220268 
323.209616 
323.198963 
323.188309 
323.177654 
323.166999 
323.156343 
323.145686 
323.135028 
323.124370 
323.113710 
323.103051 
323.092390 
323.081729 
323.071066 
323.060404 
323.049740 
323.039076 
323.028410 
323.017745 
323.007078 
322.996411 
322.985743 
322.975074 
322.964404 
322.953734 
322.943063 
322.932391 
322.921718 
322.911045 
322.900371 
322.889696 
322.879020 
322.868344 
322.857667 
322.846989 
322.836310 
322.825631 
322.814951 
322.804270 
322.793588 
322.782906 
322.772223 
322.761539 
322.750854 
322.740169 
322.729483 
322.718796 
322.708108 
322.697420 
322.686731 
322.676041 
322.665350 
322.654659 
322.643967 
322.633274 
322.622580 
322.611886 
322.601191 
322.590495 
322.579798 
322.569101 
322.558402 
322.547703 
322.537004 
322.526303 
322.515602 
322.504900 
322.494197 
322.483494 
322.472790 
322.462085 
322.451379 
322.440672 
322.429965 
322.419257 
322.408548 
322.397839 
322.387128 
322.376417 
322.365706 
322.354993 
322.344280 
322.333566 
322.322851 
322.312135 
322.301419 
322.290702 
322.279984 
322.269265 
322.258546 
322.247825 
322.237105 
322.226383 
322.215660 
322.204937 
322.194213 
322.183488 
322.172763 
322.162037 
322.151310 
322.140582 
322.129853 
322.119124 
322.108394 
322.097663 
322.086931 
322.076199 
322.065466 
322.054732 
322.043997 
322.033262 
322.022526 
322.011789 
322.001051 
321.990313 
321.979573 
321.968833 
321.958093 
321.947351 
321.936609 
321.925866 
321.915122 
321.904377 
321.893632 
321.882886 
321.872139 
321.861391 
321.850643 
321.839894 
321.829144 
321.818393 
321.807641 
321.796889 
321.786136 
321.775382 
321.764628 
321.753872 
321.743116 
321.732359 
321.721602 
321.710843 
321.700084 
321.689324 
321.678563 
321.667802 
321.657040 
321.646277 
321.635513 
321.624748 
321.613983 
321.603217 
321.592450 
321.581682 
321.570914 
321.560144 
321.549374 
321.538604 
321.527832 
321.517060 
321.506287 
321.495513 
321.484738 
321.473963 
321.463187 
321.452410 
321.441632 
321.430854 
321.420074 
321.409294 
321.398514 
321.387732 
321.376950 
321.366166 
321.355383 
321.344598 
321.333812 
321.323026 
321.312239 
321.301451 
321.290663 
321.279873 
321.269083 
321.258292 
321.247501 
321.236708 
321.225915 
321.215121 
321.204326 
321.193531 
321.182734 
321.171937 
321.161139 
321.150341 
321.139541 
321.128741 
321.117940 
321.107138 
321.096336 
321.085532 
321.074728 
321.063923 
321.053118 
321.042311 
321.031504 
321.020696 
321.009887 
320.999077 
320.988267 
320.977456 
320.966644 
320.955831 
320.945018 
320.934203 
320.923388 
320.912573 
320.901756 
320.890938 
320.880120 
320.869301 
320.858482 
320.847661 
320.836840 
320.826018 
320.815195 
320.804371 
320.793546 
320.782721 
320.771895 
320.761068 
320.750241 
320.739412 
320.728583 
320.717753 
320.706922 
320.696091 
320.685259 
320.674425 
320.663592 
320.652757 
320.641921 
320.631085 
320.620248 
320.609410 
320.598572 
320.587732 
320.576892 
320.566051 
320.555209 
320.544367 
320.533523 
320.522679 
320.511834 
320.500988 
320.490142 
320.479295 
320.468447 
320.457598 
320.446748 
320.435897 
320.425046 
320.414194 
320.403341 
320.392488 
320.381633 
320.370778 
320.359922 
320.349065 
320.338208 
320.327349 
320.316490 
320.305630 
320.294769 
320.283908 
320.273045 
320.262182 
320.251318 
320.240454 
320.229588 
320.218722 
320.207855 
320.196987 
320.186118 
320.175248 
320.164378 
320.153507 
320.142635 
320.131762 
320.120889 
320.110015 
320.099140 
320.088264 
320.077387 
320.066510 
320.055631 
320.044752 
320.033872 
320.022992 
320.012110 
320.001228 
319.990345 
319.979461 
319.968577 
319.957691 
319.946805 
319.935918 
319.925030 
319.914141 
319.903252 
319.892362 
319.881471 
319.870579 
319.859686 
319.848793 
319.837898 
319.827003 
319.816107 
319.805211 
319.794313 
319.783415 
319.772516 
319.761616 
319.750715 
319.739814 
319.728912 
319.718009 
319.707105 
319.696200 
319.685295 
319.674388 
319.663481 
319.652573 
319.641665 
319.630755 
319.619845 
319.608934 
319.598022 
319.587109 
319.576195 
319.565281 
319.554366 
319.543450 
319.532533 
319.521616 
319.510697 
319.499778 
319.488858 
319.477937 
319.467016 
319.456093 
319.445170 
319.434246 
319.423321 
319.412396 
319.401469 
319.390542 
319.379614 
319.368685 
319.357755 
319.346825 
319.335893 
319.324961 
319.314028 
319.303095 
319.292160 
319.281225 
319.270289 
319.259352 
319.248414 
319.237475 
319.226536 
319.215595 
319.204654 
319.193713 
319.182770 
319.171826 
319.160882 
319.149937 
319.138991 
319.128044 
319.117097 
319.106148 
319.095199 
319.084249 
319.073298 
319.062347 
319.051394 
319.040441 
319.029487 
319.018532 
319.007577 
318.996620 
318.985663 
318.974705 
318.963746 
318.952786 
318.941825 
318.930864 
318.919902 
318.908938 
318.897975 
318.887010 
318.876044 
318.865078 
318.854111 
318.843143 
318.832174 
318.821205 
318.810234 
318.799263 
318.788291 
318.777318 
318.766344 
318.755370 
318.744394 
318.733418 
318.722441 
318.711464 
318.700485 
318.689505 
318.678525 
318.667544 
318.656562 
318.645579 
318.634596 
318.623612 
318.612626 
318.601640 
318.590653 
318.579666 
318.568677 
318.557688 
318.546698 
318.535707 
318.524715 
318.513722 
318.502729 
318.491735 
318.480740 
318.469744 
318.458747 
318.447749 
318.436751 
318.425752 
318.414752 
318.403751 
318.392749 
318.381747 
318.370743 
318.359739 
318.348734 
318.337728 
318.326722 
318.315714 
318.304706 
318.293697 
318.282687 
318.271676 
318.260664 
318.249652 
318.238639 
318.227624 
318.216609 
318.205594 
318.194577 
318.183560 
318.172541 
318.161522 
318.150502 
318.139482 
318.128460 
318.117437 
318.106414 
318.095390 
318.084365 
318.073339 
318.062313 
318.051285 
318.040257 
318.029228 
318.018198 
318.007167 
317.996136 
317.985103 
317.974070 
317.963036 
317.952001 
317.940965 
317.929929 
317.918891 
317.907853 
317.896814 
317.885774 
317.874733 
317.863691 
317.852649 
317.841606 
317.830562 
317.819517 
317.808471 
317.797424 
317.786377 
317.775328 
317.764279 
317.753229 
317.742178 
317.731127 
317.720074 
317.709021 
317.697967 
317.686911 
317.675856 
317.664799 
317.653741 
317.642683 
317.631624 
317.620564 
317.609503 
317.598441 
317.587378 
317.576315 
317.565251 
317.554185 
317.543120 
317.532053 
317.520985 
317.509917 
317.498847 
317.487777 
317.476706 
317.465634 
317.454561 
317.443488 
317.432413 
317.421338 
317.410262 
317.399185 
317.388107 
317.377029 
317.365949 
317.354869 
317.343788 
317.332706 
317.321623 
317.310539 
317.299455 
317.288369 
317.277283 
317.266196 
317.255108 
317.244019 
317.232929 
317.221839 
317.210748 
317.199655 
317.188562 
317.177468 
317.166374 
317.155278 
317.144182 
317.133084 
317.121986 
317.110887 
317.099787 
317.088687 
317.077585 
317.066483 
317.055380 
317.044275 
317.033170 
317.022065 
317.010958 
316.999851 
316.988742 
316.977633 
316.966523 
316.955412 
316.944300 
316.933188 
316.922074 
316.910960 
316.899845 
316.888728 
316.877612 
316.866494 
316.855375 
316.844256 
316.833135 
316.822014 
316.810892 
316.799769 
316.788646 
316.777521 
316.766395 
316.755269 
316.744142 
316.733014 
316.721885 
316.710755 
316.699625 
316.688493 
316.677361 
316.666228 
316.655094 
316.643959 
316.632823 
316.621686 
316.610549 
316.599411 
316.588271 
316.577131 
316.565990 
316.554849 
316.543706 
316.532562 
316.521418 
316.510273 
316.499127 
316.487980 
316.476832 
316.465683 
316.454534 
316.443383 
316.432232 
316.421080 
316.409927 
316.398773 
316.387618 
316.376463 
316.365306 
316.354149 
316.342991 
316.331832 
316.320672 
316.309511 
316.298349 
316.287187 
316.276023 
316.264859 
316.253694 
316.242528 
316.231361 
316.220193 
316.209025 
316.197855 
316.186685 
316.175514 
316.164342 
316.153169 
316.141995 
316.130820 
316.119645 
316.108469 
316.097291 
316.086113 
316.074934 
316.063754 
316.052573 
316.041392 
316.030209 
316.019026 
316.007842 
315.996657 
315.985471 
315.974284 
315.963096 
315.951907 
315.940718 
315.929528 
315.918336 
315.907144 
315.895951 
315.884757 
315.873563 
315.862367 
315.851171 
315.839973 
315.828775 
315.817576 
315.806376 
315.795175 
315.783973 
315.772771 
315.761567 
315.750363 
315.739158 
315.727952 
315.716745 
315.705537 
315.694328 
315.683118 
315.671908 
315.660697 
315.649484 
315.638271 
315.627057 
315.615842 
315.604626 
315.593410 
315.582192 
315.570974 
315.559755 
315.548534 
315.537313 
315.526091 
315.514869 
315.503645 
315.492420 
315.481195 
315.469969 
315.458741 
315.447513 
315.436284 
315.425054 
315.413824 
315.402592 
315.391359 
315.380126 
315.368892 
315.357657 
315.346420 
315.335184 
315.323946 
315.312707 
315.301467 
315.290227 
315.278985 
315.267743 
315.256500 
315.245256 
315.234011 
315.222765 
315.211519 
315.200271 
315.189023 
315.177773 
315.166523 
315.155272 
315.144020 
315.132767 
315.121513 
315.110258 
315.099003 
315.087746 
315.076489 
315.065231 
315.053972 
315.042712 
315.031451 
315.020189 
315.008926 
314.997663 
314.986398 
314.975133 
314.963866 
314.952599 
314.941331 
314.930062 
314.918792 
314.907522 
314.896250 
314.884977 
314.873704 
314.862430 
314.851155 
314.839878 
314.828601 
314.817324 
314.806045 
314.794765 
314.783485 
314.772203 
314.760921 
314.749637 
314.738353 
314.727068 
314.715782 
314.704495 
314.693208 
314.681919 
314.670629 
314.659339 
314.648048 
314.636755 
314.625462 
314.614168 
314.602873 
314.591577 
314.580281 
314.568983 
314.557684 
314.546385 
314.535085 
314.523783 
314.512481 
314.501178 
314.489874 
314.478569 
314.467264 
314.455957 
314.444649 
314.433341 
314.422032 
314.410721 
314.399410 
314.388098 
314.376785 
314.365471 
314.354156 
314.342841 
314.331524 
314.320207 
314.308888 
314.297569 
314.286249 
314.274927 
314.263605 
314.252283 
314.240959 
314.229634 
314.218308 
314.206982 
314.195654 
314.184326 
314.172996 
314.161666 
314.150335 
314.139003 
314.127670 
314.116336 
314.105002 
314.093666 
314.082329 
314.070992 
314.059654 
314.048314 
314.036974 
314.025633 
314.014291 
314.002948 
313.991604 
313.980259 
313.968914 
313.957567 
313.946219 
313.934871 
313.923522 
313.912171 
313.900820 
313.889468 
313.878115 
313.866761 
313.855406 
313.844051 
313.832694 
313.821337 
313.809978 
313.798619 
313.787258 
313.775897 
313.764535 
313.753172 
313.741808 
313.730443 
313.719077 
313.707710 
313.696343 
313.684974 
313.673605 
313.662234 
313.650863 
313.639491 
313.628118 
313.616743 
313.605368 
313.593993 
313.582616 
313.571238 
313.559859 
313.548480 
313.537099 
313.525718 
313.514335 
313.502952 
313.491568 
313.480183 
313.468796 
313.457410 
313.446022 
313.434633 
313.423243 
313.411852 
313.400461 
313.389068 
313.377675 
313.366280 
313.354885 
313.343489 
313.332092 
313.320694 
313.309295 
313.297895 
313.286494 
313.275092 
313.263689 
313.252286 
313.240881 
313.229475 
313.218069 
313.206662 
313.195253 
313.183844 
313.172434 
313.161023 
313.149611 
313.138198 
313.126784 
313.115369 
313.103954 
313.092537 
313.081119 
313.069701 
313.058281 
313.046861 
313.035440 
313.024018 
313.012594 
313.001170 
312.989745 
312.978319 
312.966892 
312.955464 
312.944036 
312.932606 
312.921175 
312.909744 
312.898311 
312.886878 
312.875443 
312.864008 
312.852572 
312.841135 
312.829696 
312.818257 
312.806817 
312.795376 
312.783935 
312.772492 
312.761048 
312.749603 
312.738158 
312.726711 
312.715264 
312.703815 
312.692366 
312.680915 
312.669464 
312.658012 
312.646559 
312.635105 
312.623650 
312.612194 
312.600737 
312.589279 
312.577820 
312.566361 
312.554900 
312.543438 
312.531976 
312.520512 
312.509048 
312.497582 
312.486116 
312.474649 
312.463181 
312.451711 
312.440241 
312.428770 
312.417298 
312.405825 
312.394351 
312.382877 
312.371401 
312.359924 
312.348446 
312.336968 
312.325488 
312.314008 
312.302526 
312.291044 
312.279560 
312.268076 
312.256591 
312.245105 
312.233617 
312.222129 
312.210640 
312.199150 
312.187659 
312.176167 
312.164675 
312.153181 
312.141686 
312.130190 
312.118694 
312.107196 
312.095697 
312.084198 
312.072697 
312.061196 
312.049694 
312.038190 
312.026686 
312.015181 
312.003675 
311.992167 
311.980659 
311.969150 
311.957640 
311.946129 
311.934617 
311.923105 
311.911591 
311.900076 
311.888560 
311.877043 
311.865526 
311.854007 
311.842488 
311.830967 
311.819446 
311.807923 
311.796400 
311.784875 
311.773350 
311.761824 
311.750296 
311.738768 
311.727239 
311.715709 
311.704178 
311.692646 
311.681113 
311.669579 
311.658044 
311.646508 
311.634971 
311.623433 
311.611895 
311.600355 
311.588814 
311.577272 
311.565730 
311.554186 
311.542642 
311.531096 
311.519550 
311.508002 
311.496454 
311.484904 
311.473354 
311.461803 
311.450250 
311.438697 
311.427143 
311.415588 
311.404032 
311.392474 
311.380916 
311.369357 
311.357797 
311.346236 
311.334674 
311.323111 
311.311548 
311.299983 
311.288417 
311.276850 
311.265282 
311.253713 
311.242144 
311.230573 
311.219001 
311.207429 
311.195855 
311.184281 
311.172705 
311.161128 
311.149551 
311.137972 
311.126393 
311.114813 
311.103231 
311.091649 
311.080066 
311.068481 
311.056896 
311.045310 
311.033722 
311.022134 
311.010545 
310.998955 
310.987364 
310.975772 
310.964178 
310.952584 
310.940989 
310.929393 
310.917796 
310.906198 
310.894599 
310.882999 
310.871398 
310.859796 
310.848194 
310.836590 
310.824985 
310.813379 
310.801772 
310.790164 
310.778556 
310.766946 
310.755335 
310.743723 
310.732111 
310.720497 
310.708882 
310.697267 
310.685650 
310.674032 
310.662414 
310.650794 
310.639174 
310.627552 
310.615930 
310.604306 
310.592682 
310.581056 
310.569430 
310.557802 
310.546174 
310.534544 
310.522914 
310.511282 
310.499650 
310.488017 
310.476382 
310.464747 
310.453110 
310.441473 
310.429835 
310.418195 
310.406555 
310.394914 
310.383272 
310.371628 
310.359984 
310.348339 
310.336692 
310.325045 
310.313397 
310.301748 
310.290098 
310.278446 
310.266794 
310.255141 
310.243487 
310.231831 
310.220175 
310.208518 
310.196860 
310.185201 
310.173541 
310.161879 
310.150217 
310.138554 
310.126890 
310.115225 
310.103559 
310.091892 
310.080223 
310.068554 
310.056884 
310.045213 
310.033541 
310.021868 
310.010194 
309.998518 
309.986842 
309.975165 
309.963487 
309.951808 
309.940128 
309.928447 
309.916765 
309.905081 
309.893397 
309.881712 
309.870026 
309.858339 
309.846651 
309.834962 
309.823272 
309.811580 
309.799888 
309.788195 
309.776501 
309.764806 
309.753110 
309.741412 
309.729714 
309.718015 
309.706315 
309.694614 
309.682911 
309.671208 
309.659504 
309.647799 
309.636093 
309.624385 
309.612677 
309.600968 
309.589257 
309.577546 
309.565834 
309.554121 
309.542406 
309.530691 
309.518975 
309.507257 
309.495539 
309.483820 
309.472099 
309.460378 
309.448655 
309.436932 
309.425208 
309.413482 
309.401756 
309.390028 
309.378300 
309.366570 
309.354840 
309.343108 
309.331376 
309.319642 
309.307908 
309.296172 
309.284436 
309.272698 
309.260959 
309.249220 
309.237479 
309.225737 
309.213995 
309.202251 
309.190506 
309.178760 
309.167014 
309.155266 
309.143517 
309.131767 
309.120016 
309.108265 
309.096512 
309.084758 
309.073003 
309.061247 
309.049490 
309.037732 
309.025973 
309.014213 
309.002452 
308.990690 
308.978927 
308.967163 
308.955397 
308.943631 
308.931864 
308.920096 
308.908327 
308.896556 
308.884785 
308.873013 
308.861239 
308.849465 
308.837690 
308.825913 
308.814136 
308.802357 
308.790578 
308.778797 
308.767016 
308.755233 
308.743449 
308.731665 
308.719879 
308.708092 
308.696305 
308.684516 
308.672726 
308.660935 
308.649143 
308.637350 
308.625557 
308.613762 
308.601966 
308.590169 
308.578371 
308.566571 
308.554771 
308.542970 
308.531168 
308.519365 
308.507561 
308.495755 
308.483949 
308.472142 
308.460333 
308.448524 
308.436713 
308.424902 
308.413089 
308.401276 
308.389461 
308.377645 
308.365829 
308.354011 
308.342192 
308.330372 
308.318551 
308.306730 
308.294907 
308.283083 
308.271258 
308.259432 
308.247605 
308.235776 
308.223947 
308.212117 
308.200286 
308.188454 
308.176620 
308.164786 
308.152950 
308.141114 
308.129276 
308.117438 
308.105598 
308.093758 
308.081916 
308.070073 
308.058229 
308.046385 
308.034539 
308.022692 
308.010844 
307.998995 
307.987145 
307.975294 
307.963442 
307.951588 
307.939734 
307.927879 
307.916022 
307.904165 
307.892307 
307.880447 
307.868587 
307.856725 
307.844862 
307.832999 
307.821134 
307.809268 
307.797401 
307.785533 
307.773664 
307.761794 
307.749923 
307.738051 
307.726178 
307.714304 
307.702429 
307.690552 
307.678675 
307.666796 
307.654917 
307.643036 
307.631155 
307.619272 
307.607388 
307.595504 
307.583618 
307.571731 
307.559843 
307.547954 
307.536064 
307.524173 
307.512281 
307.500387 
307.488493 
307.476598 
307.464701 
307.452804 
307.440905 
307.429006 
307.417105 
307.405203 
307.393300 
307.381397 
307.369492 
307.357586 
307.345679 
307.333771 
307.321861 
307.309951 
307.298040 
307.286128 
307.274214 
307.262300 
307.250384 
307.238468 
307.226550 
307.214631 
307.202711 
307.190790 
307.178868 
307.166945 
307.155021 
307.143096 
307.131170 
307.119243 
307.107314 
307.095385 
307.083454 
307.071523 
307.059590 
307.047656 
307.035722 
307.023786 
307.011849 
306.999911 
306.987972 
306.976032 
306.964091 
306.952148 
306.940205 
306.928260 
306.916315 
306.904368 
306.892421 
306.880472 
306.868522 
306.856571 
306.844619 
306.832666 
306.820712 
306.808757 
306.796801 
306.784843 
306.772885 
306.760926 
306.748965 
306.737003 
306.725041 
306.713077 
306.701112 
306.689146 
306.677179 
306.665211 
306.653242 
306.641271 
306.629300 
306.617328 
306.605354 
306.593379 
306.581404 
306.569427 
306.557449 
306.545470 
306.533490 
306.521509 
306.509527 
306.497544 
306.485559 
306.473574 
306.461587 
306.449600 
306.437611 
306.425621 
306.413630 
306.401638 
306.389645 
306.377651 
306.365656 
306.353659 
306.341662 
306.329664 
306.317664 
306.305663 
306.293662 
306.281659 
306.269655 
306.257650 
306.245644 
306.233636 
306.221628 
306.209619 
306.197608 
306.185597 
306.173584 
306.161570 
306.149555 
306.137539 
306.125522 
306.113504 
306.101485 
306.089465 
306.077443 
306.065421 
306.053397 
306.041372 
306.029346 
306.017320 
306.005292 
305.993262 
305.981232 
305.969201 
305.957169 
305.945135 
305.933100 
305.921065 
305.909028 
305.896990 
305.884951 
305.872911 
305.860870 
305.848827 
305.836784 
305.824740 
305.812694 
305.800647 
305.788599 
305.776550 
305.764500 
305.752449 
305.740397 
305.728344 
305.716289 
305.704234 
305.692177 
305.680119 
305.668061 
305.656001 
305.643939 
305.631877 
305.619814 
305.607750 
305.595684 
305.583618 
305.571550 
305.559481 
305.547411 
305.535340 
305.523268 
305.511195 
305.499120 
305.487045 
305.474968 
305.462890 
305.450812 
305.438732 
305.426651 
305.414568 
305.402485 
305.390401 
305.378315 
305.366229 
305.354141 
305.342052 
305.329962 
305.317871 
305.305779 
305.293686 
305.281591 
305.269496 
305.257399 
305.245301 
305.233202 
305.221102 
305.209001 
305.196899 
305.184795 
305.172691 
305.160585 
305.148479 
305.136371 
305.124262 
305.112152 
305.100041 
305.087928 
305.075815 
305.063700 
305.051585 
305.039468 
305.027350 
305.015231 
305.003111 
304.990989 
304.978867 
304.966743 
304.954619 
304.942493 
304.930366 
304.918238 
304.906109 
304.893978 
304.881847 
304.869714 
304.857581 
304.845446 
304.833310 
304.821173 
304.809034 
304.796895 
304.784755 
304.772613 
304.760470 
304.748326 
304.736181 
304.724035 
304.711888 
304.699740 
304.687590 
304.675440 
304.663288 
304.651135 
304.638981 
304.626826 
304.614669 
304.602512 
304.590353 
304.578194 
304.566033 
304.553871 
304.541708 
304.529543 
304.517378 
304.505211 
304.493044 
304.480875 
304.468705 
304.456534 
304.444362 
304.432188 
304.420014 
304.407838 
304.395661 
304.383483 
304.371304 
304.359124 
304.346943 
304.334760 
304.322576 
304.310392 
304.298206 
304.286019 
304.273830 
304.261641 
304.249451 
304.237259 
304.225066 
304.212872 
304.200677 
304.188481 
304.176284 
304.164085 
304.151885 
304.139685 
304.127483 
304.115279 
304.103075 
304.090870 
304.078663 
304.066456 
304.054247 
304.042037 
304.029826 
304.017613 
304.005400 
303.993185 
303.980969 
303.968753 
303.956534 
303.944315 
303.932095 
303.919873 
303.907651 
303.895427 
303.883202 
303.870976 
303.858748 
303.846520 
303.834290 
303.822060 
303.809828 
303.797595 
303.785360 
303.773125 
303.760888 
303.748651 
303.736412 
303.724172 
303.711931 
303.699688 
303.687445 
303.675200 
303.662954 
303.650707 
303.638459 
303.626210 
303.613959 
303.601708 
303.589455 
303.577201 
303.564946 
303.552690 
303.540432 
303.528174 
303.515914 
303.503653 
303.491391 
303.479128 
303.466863 
303.454598 
303.442331 
303.430063 
303.417794 
303.405523 
303.393252 
303.380979 
303.368706 
303.356431 
303.344155 
303.331877 
303.319599 
303.307319 
303.295038 
303.282756 
303.270473 
303.258189 
303.245903 
303.233617 
303.221329 
303.209040 
303.196750 
303.184458 
303.172166 
303.159872 
303.147577 
303.135281 
303.122984 
303.110686 
303.098386 
303.086085 
303.073783 
303.061480 
303.049176 
303.036871 
303.024564 
303.012256 
302.999947 
302.987637 
302.975326 
302.963013 
302.950699 
302.938384 
302.926068 
302.913751 
302.901433 
302.889113 
302.876792 
302.864470 
302.852147 
302.839823 
302.827497 
302.815170 
302.802842 
302.790513 
302.778183 
302.765852 
302.753519 
302.741185 
302.728850 
302.716514 
302.704176 
302.691838 
302.679498 
302.667157 
302.654815 
302.642472 
302.630127 
302.617781 
302.605434 
302.593086 
302.580737 
302.568386 
302.556035 
302.543682 
302.531328 
302.518973 
302.506616 
302.494258 
302.481900 
302.469540 
302.457178 
302.444816 
302.432452 
302.420087 
302.407721 
302.395354 
302.382986 
302.370616 
302.358245 
302.345873 
302.333500 
302.321126 
302.308750 
302.296373 
302.283995 
302.271616 
302.259236 
302.246854 
302.234471 
302.222087 
302.209702 
302.197316 
302.184928 
302.172539 
302.160149 
302.147758 
302.135366 
302.122972 
302.110577 
302.098181 
302.085784 
302.073385 
302.060986 
302.048585 
302.036183 
302.023779 
302.011375 
301.998969 
301.986562 
301.974154 
301.961745 
301.949334 
301.936923 
301.924510 
301.912095 
301.899680 
301.887263 
301.874846 
301.862427 
301.850006 
301.837585 
301.825162 
301.812738 
301.800313 
301.787887 
301.775460 
301.763031 
301.750601 
301.738170 
301.725737 
301.713304 
301.700869 
301.688433 
301.675996 
301.663557 
301.651118 
301.638677 
301.626234 
301.613791 
301.601347 
301.588901 
301.576454 
301.564006 
301.551556 
301.539105 
301.526654 
301.514200 
301.501746 
301.489291 
301.476834 
301.464376 
301.451917 
301.439456 
301.426994 
301.414532 
301.402067 
301.389602 
301.377135 
301.364668 
301.352199 
301.339728 
301.327257 
301.314784 
301.302310 
301.289835 
301.277359 
301.264881 
301.252402 
301.239922 
301.227441 
301.214958 
301.202474 
301.189989 
301.177503 
301.165015 
301.152527 
301.140037 
301.127546 
301.115053 
301.102559 
301.090065 
301.077568 
301.065071 
301.052572 
301.040073 
301.027572 
301.015069 
301.002566 
300.990061 
300.977555 
300.965048 
300.952539 
300.940029 
300.927518 
300.915006 
300.902493 
300.889978 
300.877462 
300.864945 
300.852426 
300.839906 
300.827386 
300.814863 
300.802340 
300.789815 
300.777289 
300.764762 
300.752234 
300.739704 
300.727173 
300.714641 
300.702108 
300.689573 
300.677037 
300.664500 
300.651962 
300.639422 
300.626881 
300.614339 
300.601796 
300.589251 
300.576705 
300.564158 
300.551610 
300.539060 
300.526509 
300.513957 
300.501404 
300.488849 
300.476293 
300.463736 
300.451177 
300.438618 
300.426057 
300.413495 
300.400931 
300.388367 
300.375801 
300.363233 
300.350665 
300.338095 
300.325524 
300.312952 
300.300378 
300.287804 
300.275228 
300.262650 
300.250072 
300.237492 
300.224911 
300.212329 
300.199745 
300.187160 
300.174574 
300.161987 
300.149398 
300.136808 
300.124217 
300.111624 
300.099031 
300.086436 
300.073839 
300.061242 
300.048643 
300.036043 
300.023442 
300.010839 
299.998235 
299.985630 
299.973024 
299.960416 
299.947807 
299.935197 
299.922586 
299.909973 
299.897359 
299.884744 
299.872127 
299.859509 
299.846890 
299.834270 
299.821648 
299.809025 
299.796401 
299.783775 
299.771149 
299.758521 
299.745891 
299.733261 
299.720629 
299.707996 
299.695361 
299.682725 
299.670088 
299.657450 
299.644811 
299.632170 
299.619528 
299.606884 
299.594240 
299.581594 
299.568946 
299.556298 
299.543648 
299.530997 
299.518345 
299.505691 
299.493036 
299.480380 
299.467722 
299.455063 
299.442403 
299.429742 
299.417079 
299.404415 
299.391750 
299.379084 
299.366416 
299.353747 
299.341076 
299.328405 
299.315732 
299.303057 
299.290382 
299.277705 
299.265027 
299.252347 
299.239667 
299.226985 
299.214301 
299.201617 
299.188931 
299.176244 
299.163555 
299.150865 
299.138174 
299.125482 
299.112788 
299.100093 
299.087397 
299.074699 
299.062001 
299.049300 
299.036599 
299.023896 
299.011192 
298.998487 
298.985780 
298.973072 
298.960363 
298.947652 
298.934940 
298.922227 
298.909513 
298.896797 
298.884080 
298.871361 
298.858642 
298.845921 
298.833198 
298.820475 
298.807750 
298.795023 
298.782296 
298.769567 
298.756837 
298.744105 
298.731373 
298.718638 
298.705903 
298.693166 
298.680428 
298.667689 
298.654948 
298.642206 
298.629463 
298.616718 
298.603973 
298.591225 
298.578477 
298.565727 
298.552976 
298.540223 
298.527470 
298.514714 
298.501958 
298.489200 
298.476441 
298.463681 
298.450919 
298.438156 
298.425392 
298.412626 
298.399859 
298.387091 
298.374321 
298.361550 
298.348778 
298.336004 
298.323229 
298.310453 
298.297676 
298.284897 
298.272116 
298.259335 
298.246552 
298.233768 
298.220982 
298.208196 
298.195407 
298.182618 
298.169827 
298.157035 
298.144241 
298.131447 
298.118650 
298.105853 
298.093054 
298.080254 
298.067453 
298.054650 
298.041846 
298.029040 
298.016233 
298.003425 
297.990616 
297.977805 
297.964993 
297.952179 
297.939365 
297.926549 
297.913731 
297.900912 
297.888092 
297.875271 
297.862448 
297.849624 
297.836798 
297.823971 
297.811143 
297.798314 
297.785483 
297.772651 
297.759817 
297.746982 
297.734146 
297.721308 
297.708469 
297.695629 
297.682788 
297.669945 
297.657100 
297.644255 
297.631408 
297.618559 
297.605710 
297.592859 
297.580006 
297.567152 
297.554297 
297.541441 
297.528583 
297.515724 
297.502864 
297.490002 
297.477139 
297.464274 
297.451408 
297.438541 
297.425672 
297.412802 
297.399931 
297.387059 
297.374185 
297.361309 
297.348432 
297.335554 
297.322675 
297.309794 
297.296912 
297.284029 
297.271144 
297.258258 
297.245370 
297.232481 
297.219591 
297.206699 
297.193806 
297.180912 
297.168016 
297.155119 
297.142220 
297.129321 
297.116419 
297.103517 
297.090613 
297.077708 
297.064801 
297.051893 
297.038984 
297.026073 
297.013161 
297.000247 
296.987332 
296.974416 
296.961499 
296.948580 
296.935659 
296.922738 
296.909815 
296.896890 
296.883964 
296.871037 
296.858109 
296.845179 
296.832247 
296.819315 
296.806381 
296.793445 
296.780508 
296.767570 
296.754631 
296.741690 
296.728747 
296.715804 
296.702859 
296.689912 
296.676964 
296.664015 
296.651065 
296.638113 
296.625159 
296.612205 
296.599249 
296.586291 
296.573332 
296.560372 
296.547410 
296.534447 
296.521483 
296.508517 
296.495550 
296.482581 
296.469612 
296.456640 
296.443667 
296.430693 
296.417718 
296.404741 
296.391763 
296.378783 
296.365802 
296.352820 
296.339836 
296.326851 
296.313864 
296.300876 
296.287887 
296.274896 
296.261904 
296.248910 
296.235915 
296.222919 
296.209921 
296.196922 
296.183921 
296.170919 
296.157916 
296.144911 
296.131905 
296.118898 
296.105889 
296.092878 
296.079867 
296.066853 
296.053839 
296.040823 
296.027806 
296.014787 
296.001767 
295.988745 
295.975722 
295.962698 
295.949672 
295.936645 
295.923616 
295.910587 
295.897555 
295.884522 
295.871488 
295.858453 
295.845416 
295.832377 
295.819337 
295.806296 
295.793253 
295.780209 
295.767164 
295.754117 
295.741069 
295.728019 
295.714968 
295.701915 
295.688861 
295.675806 
295.662749 
295.649691 
295.636632 
295.623571 
295.610508 
295.597444 
295.584379 
295.571312 
295.558244 
295.545175 
295.532104 
295.519031 
295.505958 
295.492882 
295.479806 
295.466728 
295.453648 
295.440567 
295.427485 
295.414401 
295.401316 
295.388230 
295.375142 
295.362052 
295.348961 
295.335869 
295.322775 
295.309680 
295.296584 
295.283486 
295.270386 
295.257285 
295.244183 
295.231079 
295.217974 
295.204867 
295.191759 
295.178650 
295.165539 
295.152427 
295.139313 
295.126198 
295.113081 
295.099963 
295.086844 
295.073723 
295.060601 
295.047477 
295.034351 
295.021225 
295.008097 
294.994967 
294.981836 
294.968704 
294.955570 
294.942435 
294.929298 
294.916160 
294.903020 
294.889879 
294.876736 
294.863592 
294.850447 
294.837300 
294.824152 
294.811002 
294.797851 
294.784698 
294.771544 
294.758389 
294.745232 
294.732073 
294.718913 
294.705752 
294.692589 
294.679425 
294.666259 
294.653092 
294.639924 
294.626754 
294.613582 
294.600409 
294.587235 
294.574059 
294.560882 
294.547703 
294.534523 
294.521341 
294.508158 
294.494973 
294.481787 
294.468600 
294.455411 
294.442220 
294.429029 
294.415835 
294.402640 
294.389444 
294.376246 
294.363047 
294.349847 
294.336644 
294.323441 
294.310236 
294.297029 
294.283821 
294.270612 
294.257401 
294.244189 
294.230975 
294.217759 
294.204543 
294.191324 
294.178105 
294.164884 
294.151661 
294.138437 
294.125211 
294.111984 
294.098756 
294.085526 
294.072294 
294.059061 
294.045827 
294.032591 
294.019353 
294.006114 
293.992874 
293.979632 
293.966389 
293.953144 
293.939898 
293.926650 
293.913401 
293.900150 
293.886898 
293.873645 
293.860389 
293.847133 
293.833875 
293.820615 
293.807354 
293.794092 
293.780828 
293.767562 
293.754295 
293.741027 
293.727757 
293.714485 
293.701212 
293.687938 
293.674662 
293.661384 
293.648105 
293.634825 
293.621543 
293.608260 
293.594975 
293.581689 
293.568401 
293.555111 
293.541821 
293.528528 
293.515234 
293.501939 
293.488642 
293.475344 
293.462044 
293.448743 
293.435440 
293.422136 
293.408830 
293.395523 
293.382214 
293.368904 
293.355592 
293.342278 
293.328964 
293.315647 
293.302330 
293.289010 
293.275689 
293.262367 
293.249043 
293.235718 
293.222391 
293.209063 
293.195733 
293.182402 
293.169069 
293.155734 
293.142398 
293.129061 
293.115722 
293.102382 
293.089040 
293.075696 
293.062351 
293.049005 
293.035657 
293.022307 
293.008956 
292.995604 
292.982250 
292.968894 
292.955537 
292.942179 
292.928819 
292.915457 
292.902094 
292.888729 
292.875363 
292.861995 
292.848626 
292.835255 
292.821883 
292.808509 
292.795134 
292.781757 
292.768379 
292.754999 
292.741618 
292.728235 
292.714850 
292.701464 
292.688077 
292.674688 
292.661297 
292.647905 
292.634511 
292.621116 
292.607720 
292.594321 
292.580922 
292.567520 
292.554117 
292.540713 
292.527307 
292.513900 
292.500491 
292.487080 
292.473668 
292.460255 
292.446840 
292.433423 
292.420005 
292.406585 
292.393164 
292.379741 
292.366317 
292.352891 
292.339464 
292.326035 
292.312604 
292.299172 
292.285739 
292.272304 
292.258867 
292.245429 
292.231989 
292.218548 
292.205105 
292.191661 
292.178215 
292.164767 
292.151318 
292.137868 
292.124415 
292.110962 
292.097507 
292.084050 
292.070591 
292.057132 
292.043670 
292.030207 
292.016743 
292.003277 
291.989809 
291.976340 
291.962869 
291.949397 
291.935923 
291.922447 
291.908970 
291.895492 
291.882012 
291.868530 
291.855047 
291.841562 
291.828076 
291.814588 
291.801098 
291.787607 
291.774115 
291.760620 
291.747125 
291.733627 
291.720129 
291.706628 
291.693126 
291.679623 
291.666117 
291.652611 
291.639103 
291.625593 
291.612081 
291.598568 
291.585054 
291.571538 
291.558020 
291.544501 
291.530980 
291.517457 
291.503933 
291.490408 
291.476881 
291.463352 
291.449822 
291.436290 
291.422756 
291.409221 
291.395685 
291.382147 
291.368607 
291.355065 
291.341522 
291.327978 
291.314432 
291.300884 
291.287335 
291.273784 
291.260232 
291.246678 
291.233122 
291.219565 
291.206006 
291.192446 
291.178884 
291.165320 
291.151755 
291.138188 
291.124620 
291.111050 
291.097479 
291.083906 
291.070331 
291.056755 
291.043177 
291.029597 
291.016016 
291.002434 
290.988849 
290.975263 
290.961676 
290.948087 
290.934496 
290.920904 
290.907310 
290.893715 
290.880118 
290.866519 
290.852919 
290.839317 
290.825714 
290.812109 
290.798502 
290.784894 
290.771284 
290.757672 
290.744059 
290.730445 
290.716828 
290.703210 
290.689591 
290.675970 
290.662347 
290.648723 
290.635097 
290.621469 
290.607840 
290.594209 
290.580577 
290.566943 
290.553307 
290.539670 
290.526031 
290.512391 
290.498748 
290.485105 
290.471459 
290.457812 
290.444164 
290.430514 
290.416862 
290.403209 
290.389553 
290.375897 
290.362238 
290.348579 
290.334917 
290.321254 
290.307589 
290.293923 
290.280255 
290.266585 
290.252914 
290.239241 
290.225566 
290.211890 
290.198212 
290.184533 
290.170852 
290.157169 
290.143485 
290.129799 
290.116111 
290.102422 
290.088731 
290.075038 
290.061344 
290.047649 
290.033951 
290.020252 
290.006551 
289.992849 
289.979145 
289.965439 
289.951732 
289.938023 
289.924313 
289.910601 
289.896887 
289.883171 
289.869454 
289.855735 
289.842015 
289.828293 
289.814569 
289.800844 
289.787117 
289.773388 
289.759658 
289.745926 
289.732193 
289.718457 
289.704721 
289.690982 
289.677242 
289.663500 
289.649757 
289.636011 
289.622265 
289.608516 
289.594766 
289.581014 
289.567261 
289.553506 
289.539749 
289.525991 
289.512231 
289.498469 
289.484705 
289.470940 
289.457174 
289.443405 
289.429635 
289.415864 
289.402090 
289.388315 
289.374539 
289.360760 
289.346980 
289.333199 
289.319415 
289.305630 
289.291843 
289.278055 
289.264265 
289.250473 
289.236680 
289.222885 
289.209088 
289.195290 
289.181490 
289.167688 
289.153885 
289.140080 
289.126273 
289.112464 
289.098654 
289.084842 
289.071029 
289.057214 
289.043397 
289.029578 
289.015758 
289.001936 
288.988113 
288.974287 
288.960461 
288.946632 
288.932802 
288.918970 
288.905136 
288.891301 
288.877463 
288.863625 
288.849784 
288.835942 
288.822098 
288.808253 
288.794406 
288.780557 
288.766706 
288.752854 
288.739000 
288.725144 
288.711287 
288.697428 
288.683567 
288.669705 
288.655841 
288.641975 
288.628107 
288.614238 
288.600367 
288.586494 
288.572620 
288.558744 
288.544866 
288.530987 
288.517106 
288.503223 
288.489338 
288.475452 
288.461564 
288.447674 
288.433783 
288.419890 
288.405995 
288.392098 
288.378200 
288.364300 
288.350398 
288.336495 
288.322590 
288.308683 
288.294775 
288.280864 
288.266953 
288.253039 
288.239124 
288.225206 
288.211288 
288.197367 
288.183445 
288.169521 
288.155595 
288.141668 
288.127739 
288.113808 
288.099875 
288.085941 
288.072005 
288.058067 
288.044128 
288.030186 
288.016244 
288.002299 
287.988353 
287.974404 
287.960455 
287.946503 
287.932550 
287.918595 
287.904638 
287.890679 
287.876719 
287.862757 
287.848793 
287.834828 
287.820861 
287.806892 
287.792921 
287.778949 
287.764975 
287.750999 
287.737021 
287.723042 
287.709061 
287.695078 
287.681093 
287.667107 
287.653119 
287.639129 
287.625138 
287.611144 
287.597149 
287.583153 
287.569154 
287.555154 
287.541152 
287.527148 
287.513142 
287.499135 
287.485126 
287.471115 
287.457103 
287.443088 
287.429072 
287.415055 
287.401035 
287.387014 
287.372991 
287.358966 
287.344939 
287.330911 
287.316881 
287.302849 
287.288815 
287.274780 
287.260743 
287.246704 
287.232663 
287.218621 
287.204576 
287.190530 
287.176483 
287.162433 
287.148382 
287.134329 
287.120274 
287.106217 
287.092159 
287.078099 
287.064037 
287.049973 
287.035908 
287.021841 
287.007772 
286.993701 
286.979628 
286.965554 
286.951478 
286.937400 
286.923320 
286.909239 
286.895156 
286.881071 
286.866984 
286.852895 
286.838805 
286.824713 
286.810619 
286.796523 
286.782426 
286.768327 
286.754225 
286.740123 
286.726018 
286.711912 
286.697803 
286.683693 
286.669582 
286.655468 
286.641353 
286.627235 
286.613117 
286.598996 
286.584873 
286.570749 
286.556623 
286.542495 
286.528365 
286.514234 
286.500100 
286.485965 
286.471828 
286.457689 
286.443549 
286.429407 
286.415262 
286.401116 
286.386969 
286.372819 
286.358668 
286.344515 
286.330360 
286.316203 
286.302044 
286.287884 
286.273722 
286.259558 
286.245392 
286.231224 
286.217055 
286.202883 
286.188710 
286.174535 
286.160359 
286.146180 
286.132000 
286.117818 
286.103634 
286.089448 
286.075260 
286.061071 
286.046880 
286.032686 
286.018492 
286.004295 
285.990096 
285.975896 
285.961694 
285.947490 
285.933284 
285.919076 
285.904867 
285.890655 
285.876442 
285.862227 
285.848010 
285.833792 
285.819571 
285.805349 
285.791125 
285.776899 
285.762671 
285.748441 
285.734210 
285.719976 
285.705741 
285.691504 
285.677265 
285.663024 
285.648782 
285.634537 
285.620291 
285.606043 
285.591793 
285.577541 
285.563288 
285.549032 
285.534775 
285.520516 
285.506255 
285.491992 
285.477727 
285.463461 
285.449192 
285.434922 
285.420650 
285.406376 
285.392100 
285.377823 
285.363543 
285.349262 
285.334979 
285.320693 
285.306406 
285.292118 
285.277827 
285.263534 
285.249240 
285.234944 
285.220646 
285.206346 
285.192044 
285.177740 
285.163435 
285.149127 
285.134818 
285.120507 
285.106194 
285.091879 
285.077562 
285.063243 
285.048923 
285.034600 
285.020276 
285.005950 
284.991622 
284.977292 
284.962960 
284.948627 
284.934291 
284.919954 
284.905614 
284.891273 
284.876930 
284.862585 
284.848239 
284.833890 
284.819539 
284.805187 
284.790833 
284.776476 
284.762118 
284.747758 
284.733396 
284.719033 
284.704667 
284.690299 
284.675930 
284.661559 
284.647185 
284.632810 
284.618433 
284.604054 
284.589674 
284.575291 
284.560906 
284.546520 
284.532131 
284.517741 
284.503349 
284.488955 
284.474559 
284.460161 
284.445761 
284.431359 
284.416956 
284.402550 
284.388143 
284.373734 
284.359322 
284.344909 
284.330494 
284.316077 
284.301658 
284.287238 
284.272815 
284.258390 
284.243964 
284.229535 
284.215105 
284.200673 
284.186239 
284.171803 
284.157365 
284.142925 
284.128483 
284.114039 
284.099593 
284.085146 
284.070696 
284.056245 
284.041791 
284.027336 
284.012879 
283.998420 
283.983959 
283.969496 
283.955031 
283.940564 
283.926095 
283.911624 
283.897152 
283.882677 
283.868201 
283.853722 
283.839242 
283.824759 
283.810275 
283.795789 
283.781301 
283.766811 
283.752319 
283.737825 
283.723329 
283.708831 
283.694331 
283.679829 
283.665326 
283.650820 
283.636313 
283.621803 
283.607292 
283.592778 
283.578263 
283.563746 
283.549226 
283.534705 
283.520182 
283.505657 
283.491130 
283.476601 
283.462070 
283.447537 
283.433002 
283.418465 
283.403927 
283.389386 
283.374843 
283.360298 
283.345752 
283.331203 
283.316653 
283.302100 
283.287546 
283.272989 
283.258431 
283.243870 
283.229308 
283.214744 
283.200177 
283.185609 
283.171039 
283.156467 
283.141893 
283.127316 
283.112738 
283.098158 
283.083576 
283.068992 
283.054406 
283.039818 
283.025228 
283.010636 
282.996042 
282.981446 
282.966848 
282.952248 
282.937647 
282.923043 
282.908437 
282.893829 
282.879219 
282.864608 
282.849994 
282.835378 
282.820760 
282.806140 
282.791519 
282.776895 
282.762269 
282.747641 
282.733012 
282.718380 
282.703746 
282.689111 
282.674473 
282.659833 
282.645191 
282.630548 
282.615902 
282.601254 
282.586605 
282.571953 
282.557299 
282.542643 
282.527986 
282.513326 
282.498664 
282.484000 
282.469335 
282.454667 
282.439997 
282.425325 
282.410652 
282.395976 
282.381298 
282.366618 
282.351936 
282.337252 
282.322566 
282.307878 
282.293188 
282.278496 
282.263802 
282.249106 
282.234408 
282.219708 
282.205006 
282.190302 
282.175596 
282.160888 
282.146178 
282.131466 
282.116751 
282.102035 
282.087317 
282.072596 
282.057874 
282.043150 
282.028423 
282.013695 
281.998964 
281.984232 
281.969497 
281.954760 
281.940022 
281.925281 
281.910538 
281.895794 
281.881047 
281.866298 
281.851547 
281.836794 
281.822039 
281.807282 
281.792523 
281.777762 
281.762998 
281.748233 
281.733466 
281.718697 
281.703925 
281.689152 
281.674376 
281.659599 
281.644819 
281.630037 
281.615253 
281.600468 
281.585680 
281.570890 
281.556098 
281.541304 
281.526508 
281.511710 
281.496909 
281.482107 
281.467303 
281.452496 
281.437688 
281.422877 
281.408065 
281.393250 
281.378433 
281.363614 
281.348793 
281.333970 
281.319145 
281.304318 
281.289489 
281.274657 
281.259824 
281.244989 
281.230151 
281.215311 
281.200470 
281.185626 
281.170780 
281.155932 
281.141082 
281.126230 
281.111376 
281.096519 
281.081661 
281.066800 
281.051938 
281.037073 
281.022206 
281.007337 
280.992467 
280.977593 
280.962718 
280.947841 
280.932962 
280.918080 
280.903197 
280.888311 
280.873423 
280.858534 
280.843642 
280.828748 
280.813851 
280.798953 
280.784053 
280.769150 
280.754246 
280.739339 
280.724430 
280.709519 
280.694606 
280.679691 
280.664774 
280.649854 
280.634933 
280.620009 
280.605084 
280.590156 
280.575226 
280.560294 
280.545360 
280.530423 
280.515485 
280.500544 
280.485602 
280.470657 
280.455710 
280.440761 
280.425810 
280.410856 
280.395901 
280.380943 
280.365983 
280.351022 
280.336058 
280.321091 
280.306123 
280.291153 
280.276180 
280.261206 
280.246229 
280.231250 
280.216269 
280.201286 
280.186300 
280.171313 
280.156323 
280.141331 
280.126337 
280.111341 
280.096343 
280.081343 
280.066340 
280.051335 
280.036328 
280.021320 
280.006308 
279.991295 
279.976280 
279.961262 
279.946242 
279.931220 
279.916196 
279.901170 
279.886142 
279.871111 
279.856078 
279.841043 
279.826006 
279.810967 
279.795926 
279.780882 
279.765836 
279.750788 
279.735738 
279.720686 
279.705632 
279.690575 
279.675516 
279.660455 
279.645392 
279.630327 
279.615260 
279.600190 
279.585118 
279.570044 
279.554968 
279.539890 
279.524809 
279.509726 
279.494641 
279.479554 
279.464465 
279.449373 
279.434280 
279.419184 
279.404086 
279.388986 
279.373883 
279.358779 
279.343672 
279.328563 
279.313452 
279.298338 
279.283223 
279.268105 
279.252985 
279.237863 
279.222738 
279.207612 
279.192483 
279.177352 
279.162218 
279.147083 
279.131945 
279.116806 
279.101663 
279.086519 
279.071373 
279.056224 
279.041073 
279.025920 
279.010765 
278.995607 
278.980447 
278.965285 
278.950121 
278.934955 
278.919786 
278.904615 
278.889442 
278.874267 
278.859089 
278.843909 
278.828727 
278.813543 
278.798357 
278.783168 
278.767977 
278.752784 
278.737589 
278.722391 
278.707191 
278.691989 
278.676785 
278.661578 
278.646370 
278.631158 
278.615945 
278.600730 
278.585512 
278.570292 
278.555070 
278.539845 
278.524618 
278.509389 
278.494158 
278.478925 
278.463689 
278.448451 
278.433211 
278.417968 
278.402724 
278.387477 
278.372227 
278.356976 
278.341722 
278.326466 
278.311208 
278.295947 
278.280684 
278.265419 
278.250152 
278.234882 
278.219611 
278.204336 
278.189060 
278.173781 
278.158500 
278.143217 
278.127932 
278.112644 
278.097354 
278.082062 
278.066767 
278.051470 
278.036171 
278.020870 
278.005566 
277.990260 
277.974952 
277.959641 
277.944328 
277.929013 
277.913696 
277.898376 
277.883054 
277.867730 
277.852403 
277.837074 
277.821743 
277.806410 
277.791074 
277.775736 
277.760396 
277.745053 
277.729708 
277.714361 
277.699012 
277.683660 
277.668306 
277.652949 
277.637590 
277.622229 
277.606866 
277.591500 
277.576132 
277.560762 
277.545390 
277.530015 
277.514638 
277.499258 
277.483876 
277.468492 
277.453106 
277.437717 
277.422326 
277.406932 
277.391537 
277.376139 
277.360738 
277.345336 
277.329931 
277.314523 
277.299114 
277.283701 
277.268287 
277.252871 
277.237452 
277.222030 
277.206607 
277.191181 
277.175752 
277.160322 
277.144889 
277.129453 
277.114016 
277.098575 
277.083133 
277.067688 
277.052241 
277.036792 
277.021340 
277.005886 
276.990430 
276.974971 
276.959510 
276.944046 
276.928580 
276.913112 
276.897642 
276.882169 
276.866694 
276.851216 
276.835736 
276.820254 
276.804769 
276.789282 
276.773793 
276.758301 
276.742807 
276.727310 
276.711811 
276.696310 
276.680806 
276.665300 
276.649792 
276.634281 
276.618768 
276.603253 
276.587735 
276.572215 
276.556692 
276.541167 
276.525640 
276.510110 
276.494578 
276.479043 
276.463506 
276.447967 
276.432426 
276.416882 
276.401335 
276.385786 
276.370235 
276.354681 
276.339125 
276.323567 
276.308006 
276.292443 
276.276877 
276.261309 
276.245739 
276.230166 
276.214591 
276.199014 
276.183434 
276.167851 
276.152266 
276.136679 
276.121090 
276.105498 
276.089903 
276.074306 
276.058707 
276.043105 
276.027501 
276.011895 
275.996286 
275.980675 
275.965061 
275.949445 
275.933826 
275.918205 
275.902582 
275.886956 
275.871327 
275.855697 
275.840064 
275.824428 
275.808790 
275.793150 
275.777507 
275.761861 
275.746214 
275.730564 
275.714911 
275.699256 
275.683598 
275.667939 
275.652276 
275.636611 
275.620944 
275.605274 
275.589602 
275.573928 
275.558251 
275.542571 
275.526889 
275.511205 
275.495518 
275.479829 
275.464137 
275.448443 
275.432746 
275.417047 
275.401346 
275.385641 
275.369935 
275.354226 
275.338515 
275.322801 
275.307084 
275.291366 
275.275644 
275.259921 
275.244194 
275.228466 
275.212734 
275.197001 
275.181265 
275.165526 
275.149785 
275.134042 
275.118295 
275.102547 
275.086796 
275.071043 
275.055287 
275.039528 
275.023767 
275.008004 
274.992238 
274.976470 
274.960699 
274.944925 
274.929149 
274.913371 
274.897590 
274.881807 
274.866021 
274.850233 
274.834442 
274.818648 
274.802853 
274.787054 
274.771253 
274.755450 
274.739644 
274.723836 
274.708025 
274.692211 
274.676395 
274.660577 
274.644756 
274.628933 
274.613107 
274.597278 
274.581447 
274.565614 
274.549777 
274.533939 
274.518098 
274.502254 
274.486408 
274.470559 
274.454708 
274.438854 
274.422998 
274.407139 
274.391278 
274.375414 
274.359548 
274.343679 
274.327807 
274.311933 
274.296057 
274.280178 
274.264296 
274.248412 
274.232525 
274.216636 
274.200744 
274.184850 
274.168953 
274.153053 
274.137151 
274.121247 
274.105339 
274.089430 
274.073517 
274.057603 
274.041685 
274.025765 
274.009843 
273.993918 
273.977990 
273.962060 
273.946127 
273.930192 
273.914254 
273.898314 
273.882371 
273.866425 
273.850477 
273.834526 
273.818573 
273.802617 
273.786658 
273.770697 
273.754734 
273.738767 
273.722799 
273.706827 
273.690853 
273.674877 
273.658897 
273.642916 
273.626931 
273.610944 
273.594955 
273.578963 
273.562968 
273.546971 
273.530971 
273.514968 
273.498963 
273.482955 
273.466945 
273.450932 
273.434917 
273.418899 
273.402878 
273.386854 
273.370828 
273.354800 
273.338769 
273.322735 
273.306698 
273.290659 
273.274618 
273.258574 
273.242527 
273.226477 
273.210425 
273.194370 
273.178313 
273.162253 
273.146190 
273.130125 
273.114057 
273.097986 
273.081913 
273.065837 
273.049759 
273.033678 
273.017594 
273.001508 
272.985419 
272.969327 
272.953233 
272.937136 
272.921036 
272.904934 
272.888829 
272.872722 
272.856612 
272.840499 
272.824383 
272.808265 
272.792144 
272.776021 
272.759895 
272.743766 
272.727634 
272.711500 
272.695364 
272.679224 
272.663082 
272.646937 
272.630790 
272.614640 
272.598487 
272.582332 
272.566173 
272.550013 
272.533849 
272.517683 
272.501514 
272.485343 
272.469169 
272.452992 
272.436812 
272.420630 
272.404445 
272.388257 
272.372067 
272.355874 
272.339678 
272.323480 
272.307279 
272.291075 
272.274869 
272.258659 
272.242447 
272.226233 
272.210016 
272.193796 
272.177573 
272.161348 
272.145119 
272.128889 
272.112655 
272.096419 
272.080180 
272.063938 
272.047694 
272.031447 
272.015197 
271.998944 
271.982689 
271.966431 
271.950170 
271.933907 
271.917641 
271.901372 
271.885100 
271.868826 
271.852549 
271.836269 
271.819986 
271.803701 
271.787413 
271.771122 
271.754829 
271.738533 
271.722234 
271.705932 
271.689627 
271.673320 
271.657010 
271.640698 
271.624382 
271.608064 
271.591743 
271.575419 
271.559093 
271.542763 
271.526431 
271.510097 
271.493759 
271.477419 
271.461076 
271.444730 
271.428381 
271.412030 
271.395676 
271.379319 
271.362959 
271.346597 
271.330232 
271.313864 
271.297493 
271.281119 
271.264743 
271.248364 
271.231982 
271.215597 
271.199210 
271.182819 
271.166426 
271.150030 
271.133632 
271.117230 
271.100826 
271.084419 
271.068009 
271.051597 
271.035181 
271.018763 
271.002342 
270.985918 
270.969492 
270.953062 
270.936630 
270.920195 
270.903757 
270.887316 
270.870873 
270.854426 
270.837977 
270.821525 
270.805071 
270.788613 
270.772153 
270.755689 
270.739223 
270.722754 
270.706283 
270.689808 
270.673331 
270.656850 
270.640367 
270.623881 
270.607393 
270.590901 
270.574407 
270.557910 
270.541409 
270.524907 
270.508401 
270.491892 
270.475381 
270.458866 
270.442349 
270.425829 
270.409306 
270.392781 
270.376252 
270.359721 
270.343186 
270.326649 
270.310109 
270.293566 
270.277020 
270.260472 
270.243920 
270.227366 
270.210809 
270.194248 
270.177686 
270.161120 
270.144551 
270.127979 
270.111405 
270.094827 
270.078247 
270.061664 
270.045078 
270.028489 
270.011897 
269.995303 
269.978705 
269.962104 
269.945501 
269.928895 
269.912286 
269.895674 
269.879059 
269.862441 
269.845820 
269.829196 
269.812570 
269.795940 
269.779308 
269.762672 
269.746034 
269.729393 
269.712749 
269.696102 
269.679452 
269.662799 
269.646144 
269.629485 
269.612823 
269.596159 
269.579491 
269.562821 
269.546148 
269.529472 
269.512792 
269.496110 
269.479425 
269.462737 
269.446046 
269.429353 
269.412656 
269.395956 
269.379253 
269.362548 
269.345839 
269.329128 
269.312413 
269.295696 
269.278975 
269.262252 
269.245526 
269.228797 
269.212064 
269.195329 
269.178591 
269.161850 
269.145106 
269.128359 
269.111609 
269.094856 
269.078100 
269.061341 
269.044579 
269.027814 
269.011046 
268.994275 
268.977502 
268.960725 
268.943945 
268.927162 
268.910377 
268.893588 
268.876796 
268.860001 
268.843204 
268.826403 
268.809599 
268.792792 
268.775983 
268.759170 
268.742354 
268.725536 
268.708714 
268.691889 
268.675061 
268.658231 
268.641397 
268.624560 
268.607720 
268.590877 
268.574032 
268.557183 
268.540331 
268.523476 
268.506618 
268.489757 
268.472893 
268.456026 
268.439156 
268.422283 
268.405407 
268.388528 
268.371645 
268.354760 
268.337872 
268.320981 
268.304086 
268.287189 
268.270288 
268.253385 
268.236478 
268.219569 
268.202656 
268.185740 
268.168822 
268.151900 
268.134975 
268.118047 
268.101116 
268.084182 
268.067245 
268.050305 
268.033361 
268.016415 
267.999465 
267.982513 
267.965557 
267.948599 
267.931637 
267.914672 
267.897704 
267.880733 
267.863759 
267.846782 
267.829802 
267.812818 
267.795832 
267.778843 
267.761850 
267.744854 
267.727855 
267.710853 
267.693848 
267.676840 
267.659829 
267.642815 
267.625797 
267.608777 
267.591753 
267.574726 
267.557696 
267.540663 
267.523627 
267.506588 
267.489546 
267.472500 
267.455452 
267.438400 
267.421345 
267.404287 
267.387226 
267.370161 
267.353094 
267.336024 
267.318950 
267.301873 
267.284793 
267.267710 
267.250624 
267.233534 
267.216442 
267.199346 
267.182247 
267.165145 
267.148040 
267.130932 
267.113820 
267.096706 
267.079588 
267.062467 
267.045343 
267.028215 
267.011085 
266.993951 
266.976815 
266.959675 
266.942531 
266.925385 
266.908236 
266.891083 
266.873927 
266.856768 
266.839606 
266.822440 
266.805272 
266.788100 
266.770925 
266.753747 
266.736565 
266.719381 
266.702193 
266.685002 
266.667808 
266.650610 
266.633410 
266.616206 
266.598999 
266.581788 
266.564575 
266.547358 
266.530138 
266.512915 
266.495689 
266.478460 
266.461227 
266.443991 
266.426752 
266.409509 
266.392263 
266.375014 
266.357762 
266.340507 
266.323248 
266.305986 
266.288721 
266.271453 
266.254181 
266.236907 
266.219629 
266.202347 
266.185063 
266.167775 
266.150484 
266.133189 
266.115892 
266.098591 
266.081287 
266.063979 
266.046669 
266.029355 
266.012037 
265.994717 
265.977393 
265.960066 
265.942736 
265.925402 
265.908066 
265.890725 
265.873382 
265.856035 
265.838685 
265.821332 
265.803975 
265.786616 
265.769252 
265.751886 
265.734516 
265.717143 
265.699767 
265.682387 
265.665004 
265.647618 
265.630228 
265.612835 
265.595439 
265.578040 
265.560637 
265.543231 
265.525821 
265.508408 
265.490992 
265.473573 
265.456150 
265.438724 
265.421294 
265.403862 
265.386426 
265.368986 
265.351543 
265.334097 
265.316648 
265.299195 
265.281739 
265.264279 
265.246817 
265.229350 
265.211881 
265.194408 
265.176932 
265.159452 
265.141969 
265.124483 
265.106993 
265.089500 
265.072004 
265.054504 
265.037001 
265.019494 
265.001984 
264.984471 
264.966954 
264.949434 
264.931911 
264.914384 
264.896853 
264.879320 
264.861783 
264.844242 
264.826699 
264.809152 
264.791601 
264.774047 
264.756490 
264.738929 
264.721365 
264.703797 
264.686226 
264.668652 
264.651074 
264.633493 
264.615908 
264.598320 
264.580728 
264.563133 
264.545535 
264.527933 
264.510328 
264.492719 
264.475107 
264.457492 
264.439873 
264.422251 
264.404625 
264.386995 
264.369363 
264.351727 
264.334087 
264.316444 
264.298797 
264.281148 
264.263494 
264.245837 
264.228177 
264.210513 
264.192846 
264.175175 
264.157501 
264.139823 
264.122142 
264.104458 
264.086770 
264.069078 
264.051383 
264.033685 
264.015983 
263.998277 
263.980568 
263.962856 
263.945140 
263.927420 
263.909697 
263.891971 
263.874241 
263.856508 
263.838771 
263.821030 
263.803286 
263.785539 
263.767788 
263.750034 
263.732276 
263.714514 
263.696749 
263.678981 
263.661209 
263.643433 
263.625654 
263.607871 
263.590085 
263.572295 
263.554502 
263.536705 
263.518905 
263.501101 
263.483294 
263.465483 
263.447668 
263.429850 
263.412029 
263.394204 
263.376375 
263.358543 
263.340707 
263.322868 
263.305025 
263.287178 
263.269328 
263.251474 
263.233617 
263.215756 
263.197892 
263.180024 
263.162153 
263.144278 
263.126399 
263.108517 
263.090631 
263.072741 
263.054848 
263.036952 
263.019052 
263.001148 
262.983240 
262.965329 
262.947415 
262.929497 
262.911575 
262.893649 
262.875720 
262.857788 
262.839851 
262.821911 
262.803968 
262.786021 
262.768070 
262.750116 
262.732157 
262.714196 
262.696231 
262.678262 
262.660289 
262.642313 
262.624333 
262.606350 
262.588362 
262.570372 
262.552377 
262.534379 
262.516377 
262.498372 
262.480363 
262.462350 
262.444334 
262.426314 
262.408290 
262.390263 
262.372232 
262.354197 
262.336158 
262.318116 
262.300071 
262.282021 
262.263968 
262.245911 
262.227851 
262.209787 
262.191719 
262.173647 
262.155572 
262.137493 
262.119410 
262.101324 
262.083234 
262.065140 
262.047042 
262.028941 
262.010836 
261.992728 
261.974615 
261.956499 
261.938379 
261.920256 
261.902129 
261.883998 
261.865863 
261.847724 
261.829582 
261.811436 
261.793287 
261.775133 
261.756976 
261.738815 
261.720650 
261.702482 
261.684310 
261.666134 
261.647954 
261.629771 
261.611583 
261.593392 
261.575198 
261.556999 
261.538797 
261.520591 
261.502381 
261.484167 
261.465950 
261.447729 
261.429504 
261.411275 
261.393043 
261.374806 
261.356566 
261.338322 
261.320074 
261.301823 
261.283568 
261.265308 
261.247046 
261.228779 
261.210508 
261.192234 
261.173956 
261.155674 
261.137388 
261.119098 
261.100805 
261.082507 
261.064206 
261.045901 
261.027592 
261.009280 
260.990963 
260.972643 
260.954319 
260.935991 
260.917659 
260.899323 
260.880983 
260.862640 
260.844293 
260.825942 
260.807587 
260.789228 
260.770865 
260.752498 
260.734128 
260.715753 
260.697375 
260.678993 
260.660607 
260.642217 
260.623823 
260.605426 
260.587024 
260.568619 
260.550209 
260.531796 
260.513379 
260.494958 
260.476533 
260.458104 
260.439671 
260.421235 
260.402794 
260.384349 
260.365901 
260.347449 
260.328992 
260.310532 
260.292068 
260.273600 
260.255128 
260.236652 
260.218172 
260.199688 
260.181201 
260.162709 
260.144213 
260.125714 
260.107210 
260.088703 
260.070191 
260.051676 
260.033156 
260.014633 
259.996106 
259.977574 
259.959039 
259.940500 
259.921957 
259.903409 
259.884858 
259.866303 
259.847744 
259.829181 
259.810614 
259.792043 
259.773467 
259.754888 
259.736305 
259.717718 
259.699127 
259.680532 
259.661933 
259.643329 
259.624722 
259.606111 
259.587496 
259.568877 
259.550253 
259.531626 
259.512995 
259.494359 
259.475720 
259.457076 
259.438429 
259.419777 
259.401122 
259.382462 
259.363799 
259.345131 
259.326459 
259.307783 
259.289103 
259.270419 
259.251731 
259.233039 
259.214343 
259.195643 
259.176939 
259.158230 
259.139518 
259.120801 
259.102081 
259.083356 
259.064627 
259.045894 
259.027157 
259.008416 
258.989671 
258.970921 
258.952168 
258.933410 
258.914649 
258.895883 
258.877113 
258.858339 
258.839561 
258.820779 
258.801992 
258.783202 
258.764407 
258.745609 
258.726806 
258.707999 
258.689187 
258.670372 
258.651553 
258.632729 
258.613901 
258.595069 
258.576233 
258.557393 
258.538549 
258.519700 
258.500847 
258.481990 
258.463129 
258.444264 
258.425394 
258.406521 
258.387643 
258.368761 
258.349875 
258.330984 
258.312090 
258.293191 
258.274288 
258.255381 
258.236470 
258.217554 
258.198634 
258.179710 
258.160782 
258.141849 
258.122913 
258.103972 
258.085027 
258.066077 
258.047124 
258.028166 
258.009204 
257.990238 
257.971267 
257.952292 
257.933313 
257.914330 
257.895342 
257.876351 
257.857354 
257.838354 
257.819350 
257.800341 
257.781328 
257.762310 
257.743289 
257.724263 
257.705232 
257.686198 
257.667159 
257.648116 
257.629069 
257.610017 
257.590961 
257.571901 
257.552836 
257.533767 
257.514694 
257.495617 
257.476535 
257.457449 
257.438358 
257.419263 
257.400164 
257.381061 
257.361953 
257.342841 
257.323725 
257.304604 
257.285479 
257.266349 
257.247215 
257.228077 
257.208935 
257.189788 
257.170637 
257.151481 
257.132321 
257.113157 
257.093988 
257.074815 
257.055638 
257.036456 
257.017270 
256.998079 
256.978884 
256.959685 
256.940481 
256.921273 
256.902061 
256.882844 
256.863622 
256.844397 
256.825166 
256.805932 
256.786693 
256.767450 
256.748202 
256.728949 
256.709693 
256.690432 
256.671166 
256.651896 
256.632622 
256.613343 
256.594060 
256.574772 
256.555480 
256.536183 
256.516882 
256.497577 
256.478267 
256.458952 
256.439633 
256.420310 
256.400982 
256.381649 
256.362313 
256.342971 
256.323626 
256.304275 
256.284920 
256.265561 
256.246197 
256.226829 
256.207456 
256.188079 
256.168697 
256.149311 
256.129920 
256.110525 
256.091125 
256.071721 
256.052312 
256.032898 
256.013480 
255.994058 
255.974631 
255.955199 
255.935763 
255.916322 
255.896877 
255.877427 
255.857973 
255.838514 
255.819051 
255.799583 
255.780110 
255.760633 
255.741151 
255.721665 
255.702174 
255.682679 
255.663179 
255.643674 
255.624165 
255.604651 
255.585132 
255.565609 
255.546082 
255.526550 
255.507013 
255.487471 
255.467925 
255.448374 
255.428819 
255.409259 
255.389695 
255.370125 
255.350551 
255.330973 
255.311390 
255.291802 
255.272210 
255.252613 
255.233011 
255.213404 
255.193793 
255.174178 
255.154557 
255.134932 
255.115302 
255.095668 
255.076029 
255.056385 
255.036737 
255.017084 
254.997426 
254.977763 
254.958096 
254.938424 
254.918747 
254.899066 
254.879380 
254.859689 
254.839994 
254.820294 
254.800589 
254.780879 
254.761165 
254.741446 
254.721722 
254.701993 
254.682260 
254.662522 
254.642779 
254.623031 
254.603279 
254.583522 
254.563760 
254.543993 
254.524222 
254.504446 
254.484665 
254.464879 
254.445089 
254.425293 
254.405493 
254.385688 
254.365879 
254.346064 
254.326245 
254.306421 
254.286592 
254.266758 
254.246920 
254.227077 
254.207228 
254.187375 
254.167518 
254.147655 
254.127788 
254.107915 
254.088038 
254.068156 
254.048269 
254.028378 
254.008481 
253.988580 
253.968674 
253.948762 
253.928846 
253.908926 
253.889000 
253.869069 
253.849134 
253.829193 
253.809248 
253.789298 
253.769343 
253.749383 
253.729418 
253.709448 
253.689474 
253.669494 
253.649510 
253.629520 
253.609526 
253.589527 
253.569523 
253.549514 
253.529499 
253.509480 
253.489457 
253.469428 
253.449394 
253.429355 
253.409311 
253.389263 
253.369209 
253.349150 
253.329087 
253.309018 
253.288945 
253.268866 
253.248783 
253.228694 
253.208601 
253.188502 
253.168399 
253.148290 
253.128177 
253.108059 
253.087935 
253.067807 
253.047673 
253.027534 
253.007391 
252.987242 
252.967089 
252.946930 
252.926766 
252.906598 
252.886424 
252.866245 
252.846061 
252.825872 
252.805678 
252.785479 
252.765275 
252.745066 
252.724851 
252.704632 
252.684407 
252.664178 
252.643943 
252.623704 
252.603459 
252.583209 
252.562954 
252.542694 
252.522428 
252.502158 
252.481883 
252.461602 
252.441316 
252.421025 
252.400729 
252.380428 
252.360122 
252.339811 
252.319494 
252.299172 
252.278846 
252.258514 
252.238176 
252.217834 
252.197486 
252.177134 
252.156776 
252.136413 
252.116045 
252.095671 
252.075293 
252.054909 
252.034520 
252.014126 
251.993726 
251.973322 
251.952912 
251.932497 
251.912076 
251.891651 
251.871220 
251.850784 
251.830343 
251.809897 
251.789445 
251.768988 
251.748526 
251.728058 
251.707586 
251.687108 
251.666624 
251.646136 
251.625642 
251.605143 
251.584639 
251.564129 
251.543614 
251.523094 
251.502568 
251.482038 
251.461502 
251.440960 
251.420413 
251.399861 
251.379304 
251.358741 
251.338173 
251.317600 
251.297021 
251.276437 
251.255848 
251.235253 
251.214653 
251.194048 
251.173437 
251.152821 
251.132199 
251.111572 
251.090940 
251.070302 
251.049659 
251.029011 
251.008357 
250.987698 
250.967033 
250.946363 
250.925688 
250.905007 
250.884321 
250.863629 
250.842932 
250.822230 
250.801522 
250.780809 
250.760090 
250.739366 
250.718636 
250.697901 
250.677160 
250.656414 
250.635663 
250.614906 
250.594143 
250.573375 
250.552602 
250.531823 
250.511039 
250.490249 
250.469454 
250.448653 
250.427846 
250.407035 
250.386217 
250.365394 
250.344566 
250.323732 
250.302893 
250.282048 
250.261197 
250.240341 
250.219480 
250.198612 
250.177740 
250.156861 
250.135978 
250.115088 
250.094193 
250.073293 
250.052387 
250.031475 
250.010558 
249.989635 
249.968707 
249.947773 
249.926833 
249.905888 
249.884937 
249.863980 
249.843018 
249.822051 
249.801077 
249.780098 
249.759114 
249.738124 
249.717128 
249.696126 
249.675119 
249.654106 
249.633088 
249.612064 
249.591034 
249.569998 
249.548957 
249.527910 
249.506858 
249.485799 
249.464736 
249.443666 
249.422591 
249.401510 
249.380423 
249.359330 
249.338232 
249.317128 
249.296019 
249.274903 
249.253782 
249.232655 
249.211523 
249.190384 
249.169240 
249.148090 
249.126935 
249.105773 
249.084606 
249.063433 
249.042254 
249.021070 
248.999880 
248.978684 
248.957482 
248.936274 
248.915060 
248.893841 
248.872616 
248.851385 
248.830148 
248.808906 
248.787657 
248.766403 
248.745143 
248.723877 
248.702605 
248.681327 
248.660044 
248.638754 
248.617459 
248.596158 
248.574851 
248.553538 
248.532219 
248.510894 
248.489564 
248.468227 
248.446885 
248.425537 
248.404182 
248.382822 
248.361456 
248.340084 
248.318706 
248.297322 
248.275932 
248.254537 
248.233135 
248.211727 
248.190313 
248.168894 
248.147468 
248.126037 
248.104599 
248.083156 
248.061706 
248.040251 
248.018789 
247.997322 
247.975848 
247.954368 
247.932883 
247.911391 
247.889894 
247.868390 
247.846880 
247.825365 
247.803843 
247.782315 
247.760781 
247.739241 
247.717695 
247.696143 
247.674585 
247.653021 
247.631451 
247.609874 
247.588292 
247.566703 
247.545108 
247.523508 
247.501901 
247.480288 
247.458669 
247.437043 
247.415412 
247.393774 
247.372131 
247.350481 
247.328825 
247.307163 
247.285495 
247.263820 
247.242139 
247.220453 
247.198760 
247.177060 
247.155355 
247.133644 
247.111926 
247.090202 
247.068472 
247.046735 
247.024993 
247.003244 
246.981489 
246.959727 
246.937960 
246.916186 
246.894406 
246.872620 
246.850827 
246.829029 
246.807223 
246.785412 
246.763594 
246.741771 
246.719940 
246.698104 
246.676261 
246.654412 
246.632557 
246.610695 
246.588827 
246.566952 
246.545072 
246.523185 
246.501291 
246.479392 
246.457485 
246.435573 
246.413654 
246.391729 
246.369798 
246.347860 
246.325915 
246.303965 
246.282008 
246.260044 
246.238074 
246.216098 
246.194115 
246.172126 
246.150131 
246.128129 
246.106120 
246.084106 
246.062084 
246.040057 
246.018023 
245.995982 
245.973935 
245.951881 
245.929821 
245.907755 
245.885682 
245.863602 
245.841516 
245.819424 
245.797325 
245.775219 
245.753107 
245.730989 
245.708864 
245.686732 
245.664594 
245.642449 
245.620298 
245.598140 
245.575976 
245.553805 
245.531628 
245.509444 
245.487253 
245.465056 
245.442852 
245.420641 
245.398424 
245.376201 
245.353971 
245.331734 
245.309490 
245.287240 
245.264983 
245.242720 
245.220450 
245.198173 
245.175890 
245.153600 
245.131303 
245.109000 
245.086690 
245.064373 
245.042050 
245.019720 
244.997383 
244.975039 
244.952689 
244.930332 
244.907968 
244.885598 
244.863221 
244.840837 
244.818446 
244.796049 
244.773645 
244.751234 
244.728816 
244.706392 
244.683961 
244.661523 
244.639078 
244.616626 
244.594168 
244.571703 
244.549231 
244.526752 
244.504266 
244.481774 
244.459274 
244.436768 
244.414255 
244.391735 
244.369208 
244.346675 
244.324134 
244.301587 
244.279033 
244.256472 
244.233904 
244.211329 
244.188747 
244.166158 
244.143562 
244.120960 
244.098350 
244.075734 
244.053110 
244.030480 
244.007843 
243.985198 
243.962547 
243.939889 
243.917224 
243.894552 
243.871872 
243.849186 
243.826493 
243.803793 
243.781086 
243.758372 
243.735650 
243.712922 
243.690187 
243.667445 
243.644695 
243.621939 
243.599175 
243.576405 
243.553627 
243.530842 
243.508051 
243.485252 
243.462446 
243.439633 
243.416812 
243.393985 
243.371151 
243.348309 
243.325460 
243.302604 
243.279741 
243.256871 
243.233994 
243.211110 
243.188218 
243.165319 
243.142413 
243.119500 
243.096580 
243.073652 
243.050717 
243.027775 
243.004826 
242.981869 
242.958906 
242.935935 
242.912957 
242.889971 
242.866979 
242.843979 
242.820971 
242.797957 
242.774935 
242.751906 
242.728870 
242.705826 
242.682775 
242.659717 
242.636651 
242.613578 
242.590498 
242.567410 
242.544315 
242.521213 
242.498103 
242.474986 
242.451862 
242.428730 
242.405591 
242.382444 
242.359290 
242.336128 
242.312960 
242.289783 
242.266600 
242.243409 
242.220210 
242.197004 
242.173791 
242.150570 
242.127341 
242.104106 
242.080862 
242.057612 
242.034353 
242.011087 
241.987814 
241.964533 
241.941245 
241.917949 
241.894646 
241.871335 
241.848016 
241.824690 
241.801357 
241.778016 
241.754667 
241.731311 
241.707947 
241.684575 
241.661196 
241.637810 
241.614415 
241.591013 
241.567604 
241.544187 
241.520762 
241.497329 
241.473889 
241.450442 
241.426986 
241.403523 
241.380052 
241.356574 
241.333088 
241.309594 
241.286092 
241.262583 
241.239066 
241.215541 
241.192009 
241.168468 
241.144920 
241.121365 
241.097801 
241.074230 
241.050651 
241.027064 
241.003469 
240.979867 
240.956257 
240.932639 
240.909013 
240.885379 
240.861737 
240.838088 
240.814431 
240.790766 
240.767093 
240.743412 
240.719723 
240.696027 
240.672322 
240.648610 
240.624889 
240.601161 
240.577425 
240.553681 
240.529929 
240.506169 
240.482401 
240.458625 
240.434842 
240.411050 
240.387250 
240.363442 
240.339626 
240.315803 
240.291971 
240.268131 
240.244283 
240.220428 
240.196564 
240.172692 
240.148812 
240.124924 
240.101028 
240.077123 
240.053211 
240.029291 
240.005362 
239.981426 
239.957481 
239.933528 
239.909567 
239.885598 
239.861621 
239.837636 
239.813642 
239.789640 
239.765631 
239.741613 
239.717586 
239.693552 
239.669509 
239.645458 
239.621399 
239.597332 
239.573257 
239.549173 
239.525081 
239.500980 
239.476872 
239.452755 
239.428630 
239.404497 
239.380355 
239.356205 
239.332046 
239.307880 
239.283705 
239.259522 
239.235330 
239.211130 
239.186922 
239.162705 
239.138480 
239.114246 
239.090004 
239.065754 
239.041495 
239.017228 
238.992953 
238.968669 
238.944376 
238.920075 
238.895766 
238.871448 
238.847122 
238.822787 
238.798444 
238.774092 
238.749732 
238.725363 
238.700986 
238.676600 
238.652206 
238.627803 
238.603392 
238.578972 
238.554543 
238.530106 
238.505660 
238.481206 
238.456743 
238.432272 
238.407791 
238.383303 
238.358805 
238.334299 
238.309785 
238.285261 
238.260729 
238.236188 
238.211639 
238.187081 
238.162514 
238.137939 
238.113354 
238.088761 
238.064160 
238.039549 
238.014930 
237.990302 
237.965665 
237.941020 
237.916366 
237.891702 
237.867031 
237.842350 
237.817660 
237.792962 
237.768255 
237.743539 
237.718814 
237.694080 
237.669337 
237.644586 
237.619825 
237.595056 
237.570278 
237.545491 
237.520695 
237.495890 
237.471076 
237.446253 
237.421421 
237.396580 
237.371730 
237.346871 
237.322004 
237.297127 
237.272241 
237.247346 
237.222442 
237.197529 
237.172607 
237.147676 
237.122736 
237.097787 
237.072829 
237.047861 
237.022885 
236.997899 
236.972905 
236.947901 
236.922888 
236.897866 
236.872834 
236.847794 
236.822744 
236.797685 
236.772617 
236.747540 
236.722454 
236.697358 
236.672253 
236.647139 
236.622016 
236.596883 
236.571741 
236.546590 
236.521430 
236.496260 
236.471081 
236.445892 
236.420695 
236.395488 
236.370271 
236.345046 
236.319810 
236.294566 
236.269312 
236.244049 
236.218776 
236.193494 
236.168203 
236.142902 
236.117591 
236.092272 
236.066942 
236.041604 
236.016255 
235.990898 
235.965530 
235.940154 
235.914768 
235.889372 
235.863966 
235.838552 
235.813127 
235.787693 
235.762250 
235.736797 
235.711334 
235.685862 
235.660380 
235.634888 
235.609387 
235.583876 
235.558356 
235.532826 
235.507286 
235.481736 
235.456177 
235.430608 
235.405030 
235.379441 
235.353843 
235.328236 
235.302618 
235.276991 
235.251354 
235.225707 
235.200050 
235.174384 
235.148707 
235.123021 
235.097325 
235.071620 
235.045904 
235.020178 
234.994443 
234.968698 
234.942943 
234.917177 
234.891402 
234.865618 
234.839823 
234.814018 
234.788203 
234.762378 
234.736544 
234.710699 
234.684844 
234.658980 
234.633105 
234.607220 
234.581325 
234.555420 
234.529506 
234.503581 
234.477645 
234.451700 
234.425745 
234.399780 
234.373804 
234.347818 
234.321823 
234.295817 
234.269801 
234.243774 
234.217738 
234.191691 
234.165634 
234.139567 
234.113490 
234.087402 
234.061304 
234.035196 
234.009077 
233.982949 
233.956810 
233.930660 
233.904501 
233.878331 
233.852150 
233.825960 
233.799759 
233.773547 
233.747325 
233.721093 
233.694850 
233.668597 
233.642334 
233.616060 
233.589775 
233.563481 
233.537175 
233.510859 
233.484533 
233.458196 
233.431849 
233.405491 
233.379122 
233.352743 
233.326354 
233.299954 
233.273543 
233.247122 
233.220690 
233.194247 
233.167794 
233.141330 
233.114855 
233.088370 
233.061874 
233.035367 
233.008850 
232.982322 
232.955783 
232.929234 
232.902673 
232.876102 
232.849521 
232.822928 
232.796324 
232.769710 
232.743085 
232.716449 
232.689802 
232.663145 
232.636476 
232.609797 
232.583107 
232.556406 
232.529693 
232.502970 
232.476236 
232.449491 
232.422736 
232.395969 
232.369191 
232.342402 
232.315602 
232.288791 
232.261969 
232.235136 
232.208292 
232.181436 
232.154570 
232.127693 
232.100804 
232.073905 
232.046994 
232.020072 
231.993139 
231.966194 
231.939239 
231.912272 
231.885294 
231.858305 
231.831305 
231.804293 
231.777270 
231.750236 
231.723190 
231.696134 
231.669065 
231.641986 
231.614895 
231.587793 
231.560680 
231.533555 
231.506418 
231.479271 
231.452111 
231.424941 
231.397759 
231.370565 
231.343360 
231.316144 
231.288916 
231.261676 
231.234425 
231.207163 
231.179889 
231.152603 
231.125306 
231.097997 
231.070677 
231.043345 
231.016001 
230.988646 
230.961279 
230.933900 
230.906510 
230.879108 
230.851694 
230.824268 
230.796831 
230.769382 
230.741921 
230.714449 
230.686965 
230.659468 
230.631960 
230.604441 
230.576909 
230.549366 
230.521810 
230.494243 
230.466664 
230.439073 
230.411470 
230.383855 
230.356228 
230.328589 
230.300938 
230.273275 
230.245600 
230.217913 
230.190214 
230.162503 
230.134780 
230.107045 
230.079298 
230.051538 
230.023767 
229.995983 
229.968187 
229.940379 
229.912559 
229.884727 
229.856882 
229.829025 
229.801156 
229.773275 
229.745381 
229.717475 
229.689557 
229.661627 
229.633684 
229.605729 
229.577761 
229.549781 
229.521789 
229.493784 
229.465767 
229.437737 
229.409695 
229.381641 
229.353574 
229.325495 
229.297403 
229.269298 
229.241181 
229.213051 
229.184909 
229.156755 
229.128587 
229.100407 
229.072215 
229.044010 
229.015792 
228.987561 
228.959318 
228.931062 
228.902793 
228.874512 
228.846218 
228.817911 
228.789591 
228.761259 
228.732914 
228.704555 
228.676185 
228.647801 
228.619404 
228.590994 
228.562572 
228.534137 
228.505688 
228.477227 
228.448753 
228.420265 
228.391765 
228.363252 
228.334725 
228.306186 
228.277634 
228.249068 
228.220490 
228.191898 
228.163293 
228.134675 
228.106044 
228.077400 
228.048742 
228.020071 
227.991387 
227.962690 
227.933980 
227.905256 
227.876519 
227.847769 
227.819005 
227.790228 
227.761438 
227.732634 
227.703817 
227.674986 
227.646142 
227.617285 
227.588414 
227.559530 
227.530632 
227.501720 
227.472796 
227.443857 
227.414905 
227.385940 
227.356960 
227.327968 
227.298961 
227.269941 
227.240908 
227.211860 
227.182799 
227.153724 
227.124636 
227.095534 
227.066418 
227.037288 
227.008144 
226.978987 
226.949816 
226.920630 
226.891432 
226.862219 
226.832992 
226.803751 
226.774497 
226.745228 
226.715945 
226.686649 
226.657338 
226.628014 
226.598675 
226.569322 
226.539955 
226.510574 
226.481179 
226.451770 
226.422347 
226.392909 
226.363458 
226.333992 
226.304512 
226.275017 
226.245509 
226.215986 
226.186448 
226.156897 
226.127331 
226.097751 
226.068156 
226.038547 
226.008923 
225.979285 
225.949633 
225.919966 
225.890285 
225.860589 
225.830879 
225.801154 
225.771414 
225.741660 
225.711892 
225.682108 
225.652310 
225.622498 
225.592671 
225.562829 
225.532972 
225.503101 
225.473214 
225.443313 
225.413398 
225.383467 
225.353522 
225.323561 
225.293586 
225.263596 
225.233591 
225.203571 
225.173536 
225.143487 
225.113422 
225.083342 
225.053247 
225.023137 
224.993012 
224.962872 
224.932717 
224.902546 
224.872361 
224.842160 
224.811944 
224.781713 
224.751467 
224.721205 
224.690928 
224.660636 
224.630329 
224.600006 
224.569668 
224.539314 
224.508945 
224.478561 
224.448161 
224.417746 
224.387315 
224.356869 
224.326407 
224.295930 
224.265437 
224.234928 
224.204404 
224.173864 
224.143309 
224.112738 
224.082151 
224.051548 
224.020930 
223.990296 
223.959646 
223.928981 
223.898299 
223.867602 
223.836889 
223.806160 
223.775415 
223.744654 
223.713877 
223.683084 
223.652275 
223.621451 
223.590610 
223.559753 
223.528880 
223.497991 
223.467085 
223.436164 
223.405226 
223.374272 
223.343302 
223.312316 
223.281313 
223.250295 
223.219259 
223.188208 
223.157140 
223.126056 
223.094955 
223.063838 
223.032704 
223.001554 
222.970388 
222.939205 
222.908005 
222.876789 
222.845556 
222.814307 
222.783041 
222.751758 
222.720459 
222.689143 
222.657810 
222.626460 
222.595094 
222.563711 
222.532311 
222.500894 
222.469460 
222.438010 
222.406542 
222.375058 
222.343556 
222.312038 
222.280502 
222.248950 
222.217380 
222.185793 
222.154190 
222.122569 
222.090930 
222.059275 
222.027603 
221.995913 
221.964206 
221.932481 
221.900740 
221.868981 
221.837204 
221.805411 
221.773599 
221.741771 
221.709925 
221.678061 
221.646180 
221.614281 
221.582365 
221.550431 
221.518480 
221.486511 
221.454524 
221.422520 
221.390497 
221.358458 
221.326400 
221.294324 
221.262231 
221.230120 
221.197991 
221.165844 
221.133679 
221.101496 
221.069295 
221.037076 
221.004839 
220.972584 
220.940311 
220.908020 
220.875710 
220.843383 
220.811037 
220.778673 
220.746291 
220.713890 
220.681472 
220.649034 
220.616579 
220.584105 
220.551613 
220.519102 
220.486573 
220.454025 
220.421459 
220.388874 
220.356270 
220.323648 
220.291007 
220.258348 
220.225670 
220.192973 
220.160258 
220.127523 
220.094770 
220.061998 
220.029207 
219.996397 
219.963569 
219.930721 
219.897854 
219.864969 
219.832064 
219.799140 
219.766197 
219.733235 
219.700254 
219.667254 
219.634234 
219.601195 
219.568137 
219.535060 
219.501963 
219.468847 
219.435711 
219.402556 
219.369382 
219.336188 
219.302974 
219.269741 
219.236489 
219.203217 
219.169925 
219.136613 
219.103282 
219.069931 
219.036561 
219.003170 
218.969760 
218.936330 
218.902880 
218.869410 
218.835920 
218.802410 
218.768880 
218.735330 
218.701760 
218.668170 
218.634560 
218.600929 
218.567279 
218.533608 
218.499917 
218.466205 
218.432473 
218.398721 
218.364949 
218.331156 
218.297342 
218.263508 
218.229654 
218.195779 
218.161884 
218.127967 
218.094030 
218.060073 
218.026095 
217.992096 
217.958076 
217.924035 
217.889974 
217.855891 
217.821788 
217.787664 
217.753518 
217.719352 
217.685165 
217.650956 
217.616727 
217.582476 
217.548204 
217.513911 
217.479597 
217.445261 
217.410904 
217.376525 
217.342126 
217.307704 
217.273262 
217.238797 
217.204312 
217.169804 
217.135275 
217.100725 
217.066152 
217.031558 
216.996942 
216.962305 
216.927645 
216.892964 
216.858261 
216.823536 
216.788788 
216.754019 
216.719228 
216.684415 
216.649579 
216.614722 
216.579842 
216.544940 
216.510016 
216.475069 
216.440100 
216.405109 
216.370095 
216.335059 
216.300000 
216.264919 
216.229815 
216.194689 
216.159540 
216.124368 
216.089174 
216.053957 
216.018717 
215.983454 
215.948168 
215.912859 
215.877528 
215.842173 
215.806795 
215.771395 
215.735971 
215.700524 
215.665054 
215.629560 
215.594043 
215.558503 
215.522940 
215.487353 
215.451743 
215.416109 
215.380452 
215.344772 
215.309067 
215.273339 
215.237588 
215.201812 
215.166013 
215.130190 
215.094343 
215.058473 
215.022578 
214.986660 
214.950717 
214.914750 
214.878760 
214.842745 
214.806706 
214.770643 
214.734555 
214.698443 
214.662307 
214.626146 
214.589961 
214.553752 
214.517518 
214.481259 
214.444976 
214.408668 
214.372336 
214.335979 
214.299597 
214.263190 
214.226758 
214.190301 
214.153820 
214.117313 
214.080781 
214.044225 
214.007643 
213.971036 
213.934403 
213.897746 
213.861063 
213.824354 
213.787621 
213.750861 
213.714077 
213.677267 
213.640431 
213.603569 
213.566682 
213.529769 
213.492830 
213.455866 
213.418876 
213.381859 
213.344817 
213.307749 
213.270654 
213.233534 
213.196387 
213.159214 
213.122015 
213.084789 
213.047538 
213.010259 
212.972955 
212.935623 
212.898266 
212.860881 
212.823470 
212.786033 
212.748568 
212.711077 
212.673559 
212.636014 
212.598442 
212.560843 
212.523217 
212.485564 
212.447883 
212.410176 
212.372441 
212.334679 
212.296890 
212.259073 
212.221229 
212.183357 
212.145458 
212.107531 
212.069576 
212.031594 
211.993583 
211.955545 
211.917480 
211.879386 
211.841264 
211.803114 
211.764936 
211.726730 
211.688496 
211.650233 
211.611942 
211.573623 
211.535275 
211.496899 
211.458495 
211.420061 
211.381600 
211.343109 
211.304590 
211.266042 
211.227465 
211.188859 
211.150224 
211.111560 
211.072867 
211.034145 
210.995393 
210.956612 
210.917802 
210.878963 
210.840094 
210.801196 
210.762268 
210.723311 
210.684324 
210.645307 
210.606260 
210.567184 
210.528077 
210.488941 
210.449775 
210.410578 
210.371352 
210.332095 
210.292808 
210.253491 
210.214143 
210.174765 
210.135356 
210.095917 
210.056447 
210.016946 
209.977415 
209.937853 
209.898260 
209.858636 
209.818981 
209.779295 
209.739577 
209.699829 
209.660049 
209.620239 
209.580396 
209.540522 
209.500617 
209.460680 
209.420712 
209.380712 
209.340680 
209.300616 
209.260520 
209.220392 
209.180233 
209.140041 
209.099817 
209.059561 
209.019272 
208.978951 
208.938598 
208.898212 
208.857794 
208.817343 
208.776859 
208.736343 
208.695793 
208.655211 
208.614596 
208.573947 
208.533266 
208.492551 
208.451804 
208.411022 
208.370208 
208.329360 
208.288478 
208.247563 
208.206614 
208.165631 
208.124615 
208.083564 
208.042480 
208.001362 
207.960209 
207.919022 
207.877801 
207.836546 
207.795256 
207.753932 
207.712573 
207.671180 
207.629752 
207.588289 
207.546791 
207.505258 
207.463691 
207.422088 
207.380450 
207.338777 
207.297068 
207.255324 
207.213545 
207.171730 
207.129879 
207.087993 
207.046071 
207.004113 
206.962119 
206.920089 
206.878023 
206.835921 
206.793782 
206.751607 
206.709396 
206.667148 
206.624864 
206.582543 
206.540185 
206.497790 
206.455359 
206.412890 
206.370384 
206.327842 
206.285262 
206.242644 
206.199989 
206.157297 
206.114567 
206.071800 
206.028994 
205.986151 
205.943270 
205.900351 
205.857394 
205.814398 
205.771364 
205.728292 
205.685182 
205.642033 
205.598845 
205.555618 
205.512353 
205.469049 
205.425706 
205.382324 
205.338902 
205.295442 
205.251942 
205.208402 
205.164823 
205.121204 
205.077546 
205.033848 
204.990110 
204.946332 
204.902513 
204.858655 
204.814756 
204.770817 
204.726838 
204.682818 
204.638757 
204.594655 
204.550513 
204.506330 
204.462105 
204.417840 
204.373533 
204.329184 
204.284795 
204.240364 
204.195891 
204.151376 
204.106820 
204.062221 
204.017581 
203.972898 
203.928173 
203.883406 
203.838596 
203.793744 
203.748849 
203.703911 
203.658931 
203.613907 
203.568840 
203.523731 
203.478577 
203.433381 
203.388141 
203.342857 
203.297529 
203.252158 
203.206743 
203.161283 
203.115780 
203.070232 
203.024640 
202.979003 
202.933322 
202.887596 
202.841825 
202.796010 
202.750149 
202.704243 
202.658291 
202.612295 
202.566252 
202.520165 
202.474031 
202.427851 
202.381626 
202.335354 
202.289037 
202.242673 
202.196262 
202.149805 
202.103301 
202.056750 
202.010153 
201.963508 
201.916817 
201.870077 
201.823291 
201.776457 
201.729575 
201.682646 
201.635668 
201.588643 
201.541569 
201.494447 
201.447277 
201.400058 
201.352790 
201.305474 
201.258109 
201.210694 
201.163231 
201.115718 
201.068156 
201.020544 
200.972882 
200.925171 
200.877409 
200.829598 
200.781736 
200.733824 
200.685861 
200.637847 
200.589783 
200.541668 
200.493502 
200.445285 
200.397016 
200.348696 
200.300324 
200.251900 
200.203425 
200.154897 
200.106318 
200.057686 
200.009001 
199.960264 
199.911474 
199.862631 
199.813735 
199.764786 
199.715784 
199.666728 
199.617618 
199.568455 
199.519238 
199.469966 
199.420641 
199.371261 
199.321826 
199.272337 
199.222792 
199.173193 
199.123539 
199.073829 
199.024064 
198.974243 
198.924366 
198.874434 
198.824445 
198.774400 
198.724298 
198.674140 
198.623925 
198.573653 
198.523325 
198.472938 
198.422495 
198.371994 
198.321435 
198.270818 
198.220143 
198.169410 
198.118618 
198.067768 
198.016859 
197.965891 
197.914863 
197.863777 
197.812631 
197.761425 
197.710160 
197.658835 
197.607449 
197.556003 
197.504497 
197.452929 
197.401301 
197.349612 
197.297861 
197.246050 
197.194176 
197.142240 
197.090243 
197.038183 
196.986061 
196.933877 
196.881629 
196.829319 
196.776945 
196.724508 
196.672008 
196.619444 
196.566816 
196.514124 
196.461367 
196.408546 
196.355660 
196.302709 
196.249693 
196.196612 
196.143465 
196.090253 
196.036974 
195.983630 
195.930219 
195.876741 
195.823197 
195.769585 
195.715907 
195.662161 
195.608347 
195.554466 
195.500516 
195.446498 
195.392412 
195.338257 
195.284033 
195.229740 
195.175377 
195.120945 
195.066443 
195.011871 
194.957228 
194.902515 
194.847731 
194.792877 
194.737951 
194.682953 
194.627884 
194.572743 
194.517530 
194.462245 
194.406886 
194.351455 
194.295951 
194.240374 
194.184722 
194.128997 
194.073198 
194.017325 
193.961377 
193.905354 
193.849256 
193.793082 
193.736833 
193.680508 
193.624107 
193.567629 
193.511075 
193.454444 
193.397736 
193.340950 
193.284087 
193.227146 
193.170126 
193.113028 
193.055851 
192.998595 
192.941259 
192.883844 
192.826350 
192.768774 
192.711119 
192.653383 
192.595565 
192.537667 
192.479686 
192.421624 
192.363480 
192.305253 
192.246943 
192.188551 
192.130075 
192.071515 
192.012871 
191.954143 
191.895331 
191.836433 
191.777451 
191.718383 
191.659229 
191.599989 
191.540662 
191.481249 
191.421748 
191.362161 
191.302485 
191.242722 
191.182870 
191.122929 
191.062900 
191.002781 
190.942572 
190.882273 
190.821884 
190.761404 
190.700833 
190.640171 
190.579417 
190.518571 
190.457632 
190.396601 
190.335476 
190.274258 
190.212946 
190.151540 
190.090039 
190.028444 
189.966752 
189.904966 
189.843083 
189.781104 
189.719027 
189.656854 
189.594583 
189.532214 
189.469747 
189.407181 
189.344516 
189.281752 
189.218887 
189.155922 
189.092857 
189.029690 
188.966422 
188.903051 
188.839579 
188.776004 
188.712325 
188.648543 
188.584657 
188.520666 
188.456571 
188.392370 
188.328064 
188.263651 
188.199132 
188.134505 
188.069771 
188.004930 
187.939979 
187.874920 
187.809752 
187.744474 
187.679085 
187.613586 
187.547976 
187.482254 
187.416420 
187.350474 
187.284414 
187.218241 
187.151954 
187.085552 
187.019035 
186.952403 
186.885655 
186.818790 
186.751808 
186.684709 
186.617491 
186.550155 
186.482700 
186.415125 
186.347430 
186.279615 
186.211678 
186.143619 
186.075438 
186.007134 
185.938707 
185.870156 
185.801480 
185.732680 
185.663753 
185.594701 
185.525521 
185.456214 
185.386779 
185.317216 
185.247523 
185.177701 
185.107749 
185.037665 
184.967450 
184.897103 
184.826622 
184.756009 
184.685261 
184.614379 
184.543361 
184.472208 
184.400918 
184.329490 
184.257925 
184.186221 
184.114378 
184.042395 
183.970271 
183.898006 
183.825599 
183.753049 
183.680356 
183.607519 
183.534537 
183.461410 
183.388136 
183.314716 
183.241148 
183.167431 
183.093566 
183.019550 
182.945384 
182.871066 
182.796596 
182.721973 
182.647197 
182.572266 
182.497180 
182.421937 
182.346538 
182.270981 
182.195265 
182.119390 
182.043355 
181.967159 
181.890801 
181.814280 
181.737595 
181.660747 
181.583732 
181.506552 
181.429205 
181.351689 
181.274005 
181.196150 
181.118126 
181.039929 
180.961560 
180.883017 
180.804300 
180.725407 
180.646338 
180.567092 
180.487667 
180.408063 
180.328279 
180.248313 
180.168165 
180.087833 
180.007317 
179.926615 
179.845727 
179.764651 
179.683387 
179.601933 
179.520288 
179.438451 
179.356420 
179.274196 
179.191776 
179.109160 
179.026346 
178.943334 
178.860121 
178.776707 
178.693091 
178.609271 
178.525246 
178.441016 
178.356578 
178.271931 
178.187075 
178.102007 
178.016728 
177.931234 
177.845525 
177.759601 
177.673458 
177.587096 
177.500514 
177.413710 
177.326683 
177.239432 
177.151954 
177.064249 
176.976314 
176.888150 
176.799753 
176.711124 
176.622259 
176.533158 
176.443818 
176.354240 
176.264420 
176.174357 
176.084050 
175.993497 
175.902697 
175.811647 
175.720346 
175.628793 
175.536985 
175.444922 
175.352600 
175.260019 
175.167176 
175.074070 
174.980699 
174.887061 
174.793155 
174.698977 
174.604527 
174.509803 
174.414802 
174.319523 
174.223963 
174.128121 
174.031994 
173.935581 
173.838879 
173.741886 
173.644600 
173.547020 
173.449142 
173.350964 
173.252485 
173.153701 
173.054612 
172.955213 
172.855504 
172.755482 
172.655143 
172.554487 
172.453510 
172.352209 
172.250583 
172.148629 
172.046344 
171.943725 
171.840770 
171.737477 
171.633842 
171.529862 
171.425536 
171.320859 
171.215830 
171.110446 
171.004702 
170.898597 
170.792128 
170.685291 
170.578083 
170.470501 
170.362542 
170.254203 
170.145480 
170.036371 
169.926871 
169.816978 
169.706687 
169.595996 
169.484901 
169.373399 
169.261485 
169.149156 
169.036408 
168.923238 
168.809642 
168.695615 
168.581154 
168.466254 
168.350912 
168.235124 
168.118885 
168.002191 
167.885038 
167.767421 
167.649336 
167.530779 
167.411744 
167.292227 
167.172224 
167.051729 
166.930738 
166.809245 
166.687246 
166.564736 
166.441709 
166.318160 
166.194084 
166.069475 
165.944328 
165.818637 
165.692396 
165.565600 
165.438242 
165.310317 
165.181819 
165.052740 
164.923076 
164.792819 
164.661963 
164.530502 
164.398427 
164.265734 
164.132414 
163.998460 
163.863866 
163.728623 
163.592724 
163.456162 
163.318929 
163.181016 
163.042416 
162.903120 
162.763120 
162.622408 
162.480974 
162.338809 
162.195905 
162.052253 
161.907842 
161.762663 
161.616707 
161.469963 
161.322420 
161.174070 
161.024900 
160.874900 
160.724060 
160.572366 
160.419809 
160.266376 
160.112054 
159.956833 
159.800698 
159.643637 
159.485637 
159.326685 
159.166766 
159.005866 
158.843972 
158.681067 
158.517138 
158.352168 
158.186142 
158.019044 
157.850856 
157.681562 
157.511144 
157.339585 
157.166866 
156.992968 
156.817872 
156.641559 
156.464007 
156.285196 
156.105105 
155.923712 
155.740994 
155.556928 
155.371490 
155.184656 
154.996400 
154.806697 
154.615520 
154.422841 
154.228633 
154.032866 
153.835511 
153.636536 
153.435910 
153.233600 
153.029573 
152.823793 
152.616224 
152.406830 
152.195572 
151.982410 
151.767304 
151.550211 
151.331087 
151.109887 
150.886564 
150.661070 
150.433354 
150.203364 
149.971045 
149.736342 
149.499197 
149.259548 
149.017332 
148.772485 
148.524938 
148.274621 
148.021458 
147.765374 
147.506288 
147.244117 
146.978772 
146.710163 
146.438193 
146.162764 
145.883770 
145.601101 
145.314642 
145.024273 
144.729866 
144.431289 
144.128400 
143.821051 
143.509087 
143.192343 
142.870644 
142.543806 
142.211635 
141.873922 
141.530450 
141.180983 
140.825274 
140.463057 
140.094050 
139.717949 
139.334430 
138.943146 
138.543723 
138.135757 
137.718814 
137.292425 
136.856078 
136.409222 
135.951252 
135.481510 
134.999275 
134.503754 
133.994073 
133.469266 
132.928261 
132.369859 
131.792724 
131.195347 
130.576026 
129.932822 
129.263519 
128.565563 
127.835991 
127.071333 
126.267490 
125.419572 
124.521666 
123.566534 
122.545168 
121.446152 
120.254698 
118.951136 
117.508443 
115.887944 
114.031276 
111.843775 
109.155067 
105.603452 
100.136685 
82.010120 
NaN
NaN
NaN
NaN
NaN
NaN
NaN
NaN
NaN
NaN
NaN
NaN
NaN
NaN
NaN
NaN
NaN
NaN
NaN
NaN
NaN
NaN
NaN
NaN
NaN
NaN
NaN
NaN
NaN
NaN
NaN
NaN
NaN
NaN
NaN
NaN
NaN
NaN
