330.059596 
330.047737 
330.035878 
330.024019 
330.012158 
330.000297 
329.988435 
329.976573 
329.964710 
329.952846 
329.940982 
329.929117 
329.917251 
329.905385 
329.893518 
329.881650 
329.869782 
329.857913 
329.846043 
329.834173 
329.822302 
329.810431 
329.798558 
329.786685 
329.774812 
329.762938 
329.751063 
329.739187 
329.727311 
329.715434 
329.703556 
329.691678 
329.679799 
329.667920 
329.656040 
329.644159 
329.632277 
329.620395 
329.608512 
329.596629 
329.584745 
329.572860 
329.560974 
329.549088 
329.537201 
329.525314 
329.513426 
329.501537 
329.489648 
329.477757 
329.465867 
329.453975 
329.442083 
329.430190 
329.418297 
329.406403 
329.394508 
329.382613 
329.370717 
329.358820 
329.346922 
329.335024 
329.323126 
329.311226 
329.299326 
329.287425 
329.275524 
329.263622 
329.251719 
329.239816 
329.227912 
329.216007 
329.204101 
329.192195 
329.180289 
329.168381 
329.156473 
329.144564 
329.132655 
329.120745 
329.108834 
329.096923 
329.085011 
329.073098 
329.061184 
329.049270 
329.037356 
329.025440 
329.013524 
329.001607 
328.989690 
328.977772 
328.965853 
328.953934 
328.942014 
328.930093 
328.918171 
328.906249 
328.894326 
328.882403 
328.870479 
328.858554 
328.846629 
328.834702 
328.822776 
328.810848 
328.798920 
328.786991 
328.775062 
328.763132 
328.751201 
328.739269 
328.727337 
328.715404 
328.703471 
328.691537 
328.679602 
328.667666 
328.655730 
328.643793 
328.631855 
328.619917 
328.607978 
328.596039 
328.584098 
328.572158 
328.560216 
328.548274 
328.536331 
328.524387 
328.512443 
328.500498 
328.488552 
328.476606 
328.464659 
328.452711 
328.440763 
328.428814 
328.416864 
328.404914 
328.392963 
328.381011 
328.369059 
328.357105 
328.345152 
328.333197 
328.321242 
328.309286 
328.297330 
328.285373 
328.273415 
328.261456 
328.249497 
328.237537 
328.225577 
328.213616 
328.201654 
328.189691 
328.177728 
328.165764 
328.153799 
328.141834 
328.129868 
328.117902 
328.105934 
328.093966 
328.081998 
328.070028 
328.058058 
328.046088 
328.034116 
328.022144 
328.010171 
327.998198 
327.986224 
327.974249 
327.962273 
327.950297 
327.938320 
327.926343 
327.914365 
327.902386 
327.890406 
327.878426 
327.866445 
327.854463 
327.842481 
327.830498 
327.818514 
327.806530 
327.794545 
327.782559 
327.770573 
327.758586 
327.746598 
327.734610 
327.722620 
327.710631 
327.698640 
327.686649 
327.674657 
327.662665 
327.650671 
327.638677 
327.626683 
327.614687 
327.602691 
327.590695 
327.578697 
327.566699 
327.554701 
327.542701 
327.530701 
327.518700 
327.506699 
327.494697 
327.482694 
327.470690 
327.458686 
327.446681 
327.434676 
327.422669 
327.410662 
327.398655 
327.386646 
327.374637 
327.362627 
327.350617 
327.338606 
327.326594 
327.314582 
327.302568 
327.290555 
327.278540 
327.266525 
327.254509 
327.242492 
327.230475 
327.218457 
327.206438 
327.194419 
327.182399 
327.170378 
327.158357 
327.146334 
327.134312 
327.122288 
327.110264 
327.098239 
327.086213 
327.074187 
327.062160 
327.050132 
327.038104 
327.026075 
327.014045 
327.002015 
326.989984 
326.977952 
326.965919 
326.953886 
326.941852 
326.929817 
326.917782 
326.905746 
326.893709 
326.881672 
326.869634 
326.857595 
326.845556 
326.833515 
326.821475 
326.809433 
326.797391 
326.785348 
326.773304 
326.761260 
326.749215 
326.737169 
326.725123 
326.713075 
326.701028 
326.688979 
326.676930 
326.664880 
326.652829 
326.640778 
326.628726 
326.616673 
326.604620 
326.592566 
326.580511 
326.568455 
326.556399 
326.544342 
326.532285 
326.520226 
326.508167 
326.496108 
326.484047 
326.471986 
326.459925 
326.447862 
326.435799 
326.423735 
326.411670 
326.399605 
326.387539 
326.375472 
326.363405 
326.351337 
326.339268 
326.327199 
326.315128 
326.303057 
326.290986 
326.278914 
326.266840 
326.254767 
326.242692 
326.230617 
326.218541 
326.206465 
326.194388 
326.182310 
326.170231 
326.158152 
326.146072 
326.133991 
326.121910 
326.109827 
326.097745 
326.085661 
326.073577 
326.061492 
326.049406 
326.037320 
326.025233 
326.013145 
326.001056 
325.988967 
325.976877 
325.964787 
325.952695 
325.940603 
325.928510 
325.916417 
325.904323 
325.892228 
325.880132 
325.868036 
325.855939 
325.843841 
325.831743 
325.819644 
325.807544 
325.795444 
325.783342 
325.771241 
325.759138 
325.747035 
325.734930 
325.722826 
325.710720 
325.698614 
325.686507 
325.674400 
325.662291 
325.650182 
325.638072 
325.625962 
325.613851 
325.601739 
325.589626 
325.577513 
325.565399 
325.553284 
325.541169 
325.529053 
325.516936 
325.504818 
325.492700 
325.480581 
325.468461 
325.456341 
325.444220 
325.432098 
325.419976 
325.407852 
325.395728 
325.383604 
325.371478 
325.359352 
325.347225 
325.335098 
325.322969 
325.310840 
325.298711 
325.286580 
325.274449 
325.262317 
325.250185 
325.238052 
325.225918 
325.213783 
325.201648 
325.189511 
325.177375 
325.165237 
325.153099 
325.140960 
325.128820 
325.116680 
325.104538 
325.092397 
325.080254 
325.068111 
325.055967 
325.043822 
325.031677 
325.019530 
325.007384 
324.995236 
324.983088 
324.970939 
324.958789 
324.946638 
324.934487 
324.922335 
324.910183 
324.898029 
324.885875 
324.873720 
324.861565 
324.849409 
324.837252 
324.825094 
324.812936 
324.800776 
324.788617 
324.776456 
324.764295 
324.752133 
324.739970 
324.727807 
324.715642 
324.703478 
324.691312 
324.679146 
324.666978 
324.654811 
324.642642 
324.630473 
324.618303 
324.606132 
324.593961 
324.581789 
324.569616 
324.557442 
324.545268 
324.533093 
324.520917 
324.508741 
324.496564 
324.484386 
324.472207 
324.460028 
324.447848 
324.435667 
324.423485 
324.411303 
324.399120 
324.386936 
324.374752 
324.362567 
324.350381 
324.338194 
324.326007 
324.313819 
324.301630 
324.289440 
324.277250 
324.265059 
324.252867 
324.240675 
324.228482 
324.216288 
324.204093 
324.191898 
324.179701 
324.167505 
324.155307 
324.143109 
324.130910 
324.118710 
324.106510 
324.094308 
324.082106 
324.069904 
324.057700 
324.045496 
324.033291 
324.021086 
324.008879 
323.996672 
323.984464 
323.972256 
323.960047 
323.947837 
323.935626 
323.923415 
323.911202 
323.898989 
323.886776 
323.874561 
323.862346 
323.850130 
323.837914 
323.825696 
323.813478 
323.801260 
323.789040 
323.776820 
323.764599 
323.752377 
323.740155 
323.727931 
323.715707 
323.703483 
323.691257 
323.679031 
323.666804 
323.654577 
323.642348 
323.630119 
323.617890 
323.605659 
323.593428 
323.581196 
323.568963 
323.556729 
323.544495 
323.532260 
323.520024 
323.507788 
323.495551 
323.483313 
323.471074 
323.458835 
323.446594 
323.434354 
323.422112 
323.409870 
323.397626 
323.385383 
323.373138 
323.360893 
323.348647 
323.336400 
323.324152 
323.311904 
323.299655 
323.287405 
323.275155 
323.262903 
323.250651 
323.238399 
323.226145 
323.213891 
323.201636 
323.189380 
323.177124 
323.164867 
323.152609 
323.140350 
323.128090 
323.115830 
323.103569 
323.091308 
323.079045 
323.066782 
323.054518 
323.042254 
323.029988 
323.017722 
323.005455 
322.993188 
322.980919 
322.968650 
322.956380 
322.944110 
322.931838 
322.919566 
322.907293 
322.895020 
322.882745 
322.870470 
322.858195 
322.845918 
322.833641 
322.821363 
322.809084 
322.796804 
322.784524 
322.772243 
322.759961 
322.747678 
322.735395 
322.723111 
322.710826 
322.698541 
322.686254 
322.673967 
322.661680 
322.649391 
322.637102 
322.624812 
322.612521 
322.600229 
322.587937 
322.575644 
322.563350 
322.551056 
322.538760 
322.526464 
322.514167 
322.501870 
322.489571 
322.477272 
322.464973 
322.452672 
322.440371 
322.428069 
322.415766 
322.403462 
322.391158 
322.378853 
322.366547 
322.354240 
322.341933 
322.329625 
322.317316 
322.305006 
322.292696 
322.280385 
322.268073 
322.255760 
322.243447 
322.231133 
322.218818 
322.206502 
322.194186 
322.181869 
322.169551 
322.157232 
322.144913 
322.132592 
322.120271 
322.107950 
322.095627 
322.083304 
322.070980 
322.058655 
322.046330 
322.034003 
322.021676 
322.009349 
321.997020 
321.984691 
321.972361 
321.960030 
321.947698 
321.935366 
321.923033 
321.910699 
321.898364 
321.886029 
321.873693 
321.861356 
321.849018 
321.836680 
321.824341 
321.812001 
321.799660 
321.787319 
321.774976 
321.762633 
321.750290 
321.737945 
321.725600 
321.713254 
321.700907 
321.688559 
321.676211 
321.663862 
321.651512 
321.639161 
321.626810 
321.614458 
321.602105 
321.589751 
321.577397 
321.565042 
321.552686 
321.540329 
321.527971 
321.515613 
321.503254 
321.490894 
321.478534 
321.466172 
321.453810 
321.441447 
321.429084 
321.416719 
321.404354 
321.391988 
321.379621 
321.367254 
321.354886 
321.342517 
321.330147 
321.317776 
321.305405 
321.293033 
321.280660 
321.268286 
321.255912 
321.243537 
321.231161 
321.218784 
321.206407 
321.194028 
321.181649 
321.169270 
321.156889 
321.144508 
321.132126 
321.119743 
321.107359 
321.094975 
321.082589 
321.070203 
321.057817 
321.045429 
321.033041 
321.020652 
321.008262 
320.995871 
320.983480 
320.971088 
320.958695 
320.946301 
320.933907 
320.921512 
320.909116 
320.896719 
320.884321 
320.871923 
320.859524 
320.847124 
320.834723 
320.822322 
320.809920 
320.797517 
320.785113 
320.772708 
320.760303 
320.747897 
320.735490 
320.723082 
320.710674 
320.698265 
320.685855 
320.673444 
320.661032 
320.648620 
320.636207 
320.623793 
320.611378 
320.598963 
320.586547 
320.574130 
320.561712 
320.549293 
320.536874 
320.524454 
320.512033 
320.499611 
320.487189 
320.474766 
320.462342 
320.449917 
320.437491 
320.425065 
320.412638 
320.400210 
320.387781 
320.375352 
320.362922 
320.350490 
320.338059 
320.325626 
320.313193 
320.300758 
320.288323 
320.275888 
320.263451 
320.251014 
320.238576 
320.226137 
320.213697 
320.201257 
320.188816 
320.176373 
320.163931 
320.151487 
320.139043 
320.126598 
320.114152 
320.101705 
320.089257 
320.076809 
320.064360 
320.051910 
320.039459 
320.027008 
320.014556 
320.002103 
319.989649 
319.977194 
319.964739 
319.952283 
319.939826 
319.927368 
319.914909 
319.902450 
319.889990 
319.877529 
319.865067 
319.852605 
319.840141 
319.827677 
319.815212 
319.802747 
319.790280 
319.777813 
319.765345 
319.752876 
319.740407 
319.727936 
319.715465 
319.702993 
319.690520 
319.678047 
319.665572 
319.653097 
319.640621 
319.628144 
319.615667 
319.603189 
319.590709 
319.578230 
319.565749 
319.553267 
319.540785 
319.528302 
319.515818 
319.503333 
319.490848 
319.478362 
319.465874 
319.453387 
319.440898 
319.428409 
319.415918 
319.403427 
319.390935 
319.378443 
319.365949 
319.353455 
319.340960 
319.328464 
319.315967 
319.303470 
319.290972 
319.278473 
319.265973 
319.253472 
319.240971 
319.228469 
319.215966 
319.203462 
319.190957 
319.178452 
319.165946 
319.153439 
319.140931 
319.128422 
319.115913 
319.103402 
319.090891 
319.078380 
319.065867 
319.053354 
319.040839 
319.028324 
319.015808 
319.003292 
318.990774 
318.978256 
318.965737 
318.953217 
318.940697 
318.928175 
318.915653 
318.903130 
318.890606 
318.878081 
318.865556 
318.853029 
318.840502 
318.827974 
318.815446 
318.802916 
318.790386 
318.777855 
318.765323 
318.752790 
318.740257 
318.727722 
318.715187 
318.702651 
318.690114 
318.677577 
318.665039 
318.652499 
318.639959 
318.627419 
318.614877 
318.602335 
318.589791 
318.577247 
318.564702 
318.552157 
318.539610 
318.527063 
318.514515 
318.501966 
318.489416 
318.476866 
318.464315 
318.451762 
318.439209 
318.426656 
318.414101 
318.401546 
318.388990 
318.376433 
318.363875 
318.351316 
318.338757 
318.326196 
318.313635 
318.301073 
318.288511 
318.275947 
318.263383 
318.250818 
318.238252 
318.225685 
318.213118 
318.200549 
318.187980 
318.175410 
318.162839 
318.150267 
318.137695 
318.125122 
318.112548 
318.099973 
318.087397 
318.074820 
318.062243 
318.049665 
318.037086 
318.024506 
318.011925 
317.999344 
317.986762 
317.974179 
317.961595 
317.949010 
317.936424 
317.923838 
317.911251 
317.898663 
317.886074 
317.873484 
317.860894 
317.848303 
317.835711 
317.823118 
317.810524 
317.797929 
317.785334 
317.772738 
317.760141 
317.747543 
317.734944 
317.722345 
317.709744 
317.697143 
317.684541 
317.671939 
317.659335 
317.646731 
317.634125 
317.621519 
317.608912 
317.596305 
317.583696 
317.571087 
317.558476 
317.545865 
317.533254 
317.520641 
317.508027 
317.495413 
317.482798 
317.470182 
317.457565 
317.444948 
317.432329 
317.419710 
317.407090 
317.394469 
317.381847 
317.369224 
317.356601 
317.343977 
317.331352 
317.318726 
317.306099 
317.293472 
317.280843 
317.268214 
317.255584 
317.242953 
317.230321 
317.217689 
317.205055 
317.192421 
317.179786 
317.167150 
317.154514 
317.141876 
317.129238 
317.116599 
317.103959 
317.091318 
317.078676 
317.066034 
317.053390 
317.040746 
317.028101 
317.015455 
317.002809 
316.990161 
316.977513 
316.964864 
316.952214 
316.939563 
316.926911 
316.914259 
316.901605 
316.888951 
316.876296 
316.863640 
316.850983 
316.838326 
316.825668 
316.813008 
316.800348 
316.787687 
316.775026 
316.762363 
316.749700 
316.737036 
316.724371 
316.711705 
316.699038 
316.686370 
316.673702 
316.661033 
316.648363 
316.635692 
316.623020 
316.610347 
316.597674 
316.585000 
316.572324 
316.559648 
316.546972 
316.534294 
316.521616 
316.508936 
316.496256 
316.483575 
316.470893 
316.458210 
316.445527 
316.432843 
316.420157 
316.407471 
316.394784 
316.382097 
316.369408 
316.356719 
316.344028 
316.331337 
316.318645 
316.305952 
316.293259 
316.280564 
316.267869 
316.255173 
316.242476 
316.229778 
316.217079 
316.204379 
316.191679 
316.178978 
316.166276 
316.153573 
316.140869 
316.128164 
316.115459 
316.102752 
316.090045 
316.077337 
316.064628 
316.051918 
316.039208 
316.026496 
316.013784 
316.001071 
315.988357 
315.975642 
315.962926 
315.950210 
315.937493 
315.924774 
315.912055 
315.899335 
315.886614 
315.873893 
315.861170 
315.848447 
315.835723 
315.822998 
315.810272 
315.797545 
315.784817 
315.772089 
315.759360 
315.746629 
315.733898 
315.721167 
315.708434 
315.695700 
315.682966 
315.670230 
315.657494 
315.644757 
315.632019 
315.619281 
315.606541 
315.593801 
315.581059 
315.568317 
315.555574 
315.542830 
315.530086 
315.517340 
315.504594 
315.491846 
315.479098 
315.466349 
315.453599 
315.440849 
315.428097 
315.415345 
315.402591 
315.389837 
315.377082 
315.364326 
315.351570 
315.338812 
315.326054 
315.313294 
315.300534 
315.287773 
315.275011 
315.262248 
315.249485 
315.236720 
315.223955 
315.211189 
315.198422 
315.185654 
315.172885 
315.160115 
315.147345 
315.134573 
315.121801 
315.109028 
315.096254 
315.083479 
315.070703 
315.057927 
315.045149 
315.032371 
315.019592 
315.006812 
314.994031 
314.981249 
314.968467 
314.955683 
314.942899 
314.930114 
314.917327 
314.904540 
314.891753 
314.878964 
314.866174 
314.853384 
314.840593 
314.827800 
314.815007 
314.802213 
314.789419 
314.776623 
314.763827 
314.751029 
314.738231 
314.725432 
314.712632 
314.699831 
314.687029 
314.674227 
314.661423 
314.648619 
314.635813 
314.623007 
314.610200 
314.597392 
314.584584 
314.571774 
314.558964 
314.546152 
314.533340 
314.520527 
314.507713 
314.494898 
314.482083 
314.469266 
314.456449 
314.443630 
314.430811 
314.417991 
314.405170 
314.392348 
314.379525 
314.366702 
314.353877 
314.341052 
314.328226 
314.315399 
314.302571 
314.289742 
314.276912 
314.264081 
314.251250 
314.238418 
314.225584 
314.212750 
314.199915 
314.187079 
314.174243 
314.161405 
314.148566 
314.135727 
314.122887 
314.110046 
314.097204 
314.084361 
314.071517 
314.058672 
314.045827 
314.032980 
314.020133 
314.007285 
313.994435 
313.981585 
313.968735 
313.955883 
313.943030 
313.930177 
313.917322 
313.904467 
313.891611 
313.878754 
313.865896 
313.853037 
313.840177 
313.827317 
313.814455 
313.801593 
313.788730 
313.775865 
313.763000 
313.750134 
313.737268 
313.724400 
313.711531 
313.698662 
313.685792 
313.672920 
313.660048 
313.647175 
313.634301 
313.621426 
313.608551 
313.595674 
313.582797 
313.569918 
313.557039 
313.544159 
313.531278 
313.518396 
313.505513 
313.492630 
313.479745 
313.466859 
313.453973 
313.441086 
313.428198 
313.415309 
313.402419 
313.389528 
313.376636 
313.363743 
313.350850 
313.337956 
313.325060 
313.312164 
313.299267 
313.286369 
313.273470 
313.260570 
313.247670 
313.234768 
313.221866 
313.208962 
313.196058 
313.183153 
313.170247 
313.157340 
313.144432 
313.131523 
313.118614 
313.105703 
313.092792 
313.079879 
313.066966 
313.054052 
313.041137 
313.028221 
313.015304 
313.002386 
312.989468 
312.976548 
312.963628 
312.950706 
312.937784 
312.924861 
312.911937 
312.899012 
312.886086 
312.873159 
312.860232 
312.847303 
312.834374 
312.821443 
312.808512 
312.795580 
312.782647 
312.769713 
312.756778 
312.743842 
312.730906 
312.717968 
312.705029 
312.692090 
312.679150 
312.666208 
312.653266 
312.640323 
312.627379 
312.614435 
312.601489 
312.588542 
312.575595 
312.562646 
312.549697 
312.536746 
312.523795 
312.510843 
312.497890 
312.484936 
312.471981 
312.459026 
312.446069 
312.433112 
312.420153 
312.407194 
312.394233 
312.381272 
312.368310 
312.355347 
312.342383 
312.329418 
312.316453 
312.303486 
312.290518 
312.277550 
312.264580 
312.251610 
312.238639 
312.225667 
312.212694 
312.199720 
312.186745 
312.173769 
312.160792 
312.147815 
312.134836 
312.121857 
312.108876 
312.095895 
312.082913 
312.069930 
312.056946 
312.043961 
312.030975 
312.017988 
312.005000 
311.992012 
311.979022 
311.966032 
311.953040 
311.940048 
311.927055 
311.914060 
311.901065 
311.888069 
311.875073 
311.862075 
311.849076 
311.836076 
311.823076 
311.810074 
311.797072 
311.784068 
311.771064 
311.758059 
311.745053 
311.732046 
311.719038 
311.706029 
311.693019 
311.680008 
311.666997 
311.653984 
311.640971 
311.627956 
311.614941 
311.601925 
311.588907 
311.575889 
311.562870 
311.549850 
311.536829 
311.523808 
311.510785 
311.497761 
311.484737 
311.471711 
311.458685 
311.445657 
311.432629 
311.419600 
311.406569 
311.393538 
311.380506 
311.367473 
311.354439 
311.341405 
311.328369 
311.315332 
311.302295 
311.289256 
311.276217 
311.263176 
311.250135 
311.237093 
311.224049 
311.211005 
311.197960 
311.184914 
311.171867 
311.158819 
311.145771 
311.132721 
311.119670 
311.106619 
311.093566 
311.080513 
311.067458 
311.054403 
311.041347 
311.028289 
311.015231 
311.002172 
310.989112 
310.976051 
310.962989 
310.949927 
310.936863 
310.923798 
310.910733 
310.897666 
310.884598 
310.871530 
310.858461 
310.845390 
310.832319 
310.819247 
310.806174 
310.793100 
310.780025 
310.766949 
310.753872 
310.740794 
310.727715 
310.714635 
310.701555 
310.688473 
310.675391 
310.662307 
310.649223 
310.636137 
310.623051 
310.609964 
310.596876 
310.583786 
310.570696 
310.557605 
310.544513 
310.531420 
310.518327 
310.505232 
310.492136 
310.479039 
310.465942 
310.452843 
310.439744 
310.426643 
310.413542 
310.400439 
310.387336 
310.374232 
310.361126 
310.348020 
310.334913 
310.321805 
310.308696 
310.295586 
310.282475 
310.269363 
310.256250 
310.243137 
310.230022 
310.216906 
310.203790 
310.190672 
310.177554 
310.164434 
310.151314 
310.138192 
310.125070 
310.111947 
310.098823 
310.085697 
310.072571 
310.059444 
310.046316 
310.033187 
310.020057 
310.006926 
309.993794 
309.980662 
309.967528 
309.954393 
309.941257 
309.928121 
309.914983 
309.901845 
309.888705 
309.875565 
309.862423 
309.849281 
309.836138 
309.822993 
309.809848 
309.796702 
309.783555 
309.770407 
309.757258 
309.744108 
309.730957 
309.717805 
309.704652 
309.691498 
309.678343 
309.665187 
309.652030 
309.638873 
309.625714 
309.612554 
309.599394 
309.586232 
309.573070 
309.559906 
309.546742 
309.533576 
309.520410 
309.507242 
309.494074 
309.480905 
309.467735 
309.454563 
309.441391 
309.428218 
309.415044 
309.401869 
309.388693 
309.375516 
309.362338 
309.349159 
309.335979 
309.322798 
309.309616 
309.296434 
309.283250 
309.270065 
309.256879 
309.243693 
309.230505 
309.217316 
309.204127 
309.190936 
309.177745 
309.164552 
309.151359 
309.138164 
309.124969 
309.111772 
309.098575 
309.085377 
309.072177 
309.058977 
309.045776 
309.032574 
309.019371 
309.006166 
308.992961 
308.979755 
308.966548 
308.953340 
308.940131 
308.926921 
308.913710 
308.900498 
308.887285 
308.874071 
308.860856 
308.847640 
308.834424 
308.821206 
308.807987 
308.794767 
308.781546 
308.768325 
308.755102 
308.741878 
308.728654 
308.715428 
308.702201 
308.688974 
308.675745 
308.662516 
308.649285 
308.636054 
308.622821 
308.609588 
308.596353 
308.583118 
308.569881 
308.556644 
308.543405 
308.530166 
308.516926 
308.503684 
308.490442 
308.477199 
308.463954 
308.450709 
308.437463 
308.424216 
308.410967 
308.397718 
308.384468 
308.371217 
308.357964 
308.344711 
308.331457 
308.318202 
308.304946 
308.291689 
308.278431 
308.265172 
308.251911 
308.238650 
308.225388 
308.212125 
308.198861 
308.185596 
308.172330 
308.159063 
308.145795 
308.132526 
308.119256 
308.105985 
308.092713 
308.079440 
308.066166 
308.052892 
308.039616 
308.026339 
308.013061 
307.999782 
307.986502 
307.973221 
307.959939 
307.946656 
307.933372 
307.920088 
307.906802 
307.893515 
307.880227 
307.866938 
307.853648 
307.840357 
307.827066 
307.813773 
307.800479 
307.787184 
307.773888 
307.760591 
307.747294 
307.733995 
307.720695 
307.707394 
307.694092 
307.680789 
307.667486 
307.654181 
307.640875 
307.627568 
307.614260 
307.600951 
307.587642 
307.574331 
307.561019 
307.547706 
307.534392 
307.521077 
307.507762 
307.494445 
307.481127 
307.467808 
307.454488 
307.441167 
307.427845 
307.414523 
307.401199 
307.387874 
307.374548 
307.361221 
307.347893 
307.334564 
307.321234 
307.307903 
307.294571 
307.281239 
307.267905 
307.254570 
307.241234 
307.227897 
307.214559 
307.201220 
307.187880 
307.174539 
307.161197 
307.147854 
307.134510 
307.121165 
307.107818 
307.094471 
307.081123 
307.067774 
307.054424 
307.041073 
307.027721 
307.014368 
307.001014 
306.987658 
306.974302 
306.960945 
306.947587 
306.934228 
306.920867 
306.907506 
306.894144 
306.880780 
306.867416 
306.854051 
306.840684 
306.827317 
306.813949 
306.800579 
306.787209 
306.773837 
306.760465 
306.747092 
306.733717 
306.720342 
306.706965 
306.693587 
306.680209 
306.666829 
306.653449 
306.640067 
306.626684 
306.613301 
306.599916 
306.586530 
306.573144 
306.559756 
306.546367 
306.532977 
306.519586 
306.506195 
306.492802 
306.479408 
306.466013 
306.452617 
306.439220 
306.425822 
306.412423 
306.399023 
306.385622 
306.372220 
306.358817 
306.345412 
306.332007 
306.318601 
306.305194 
306.291786 
306.278376 
306.264966 
306.251555 
306.238142 
306.224729 
306.211314 
306.197899 
306.184482 
306.171065 
306.157646 
306.144227 
306.130806 
306.117384 
306.103962 
306.090538 
306.077113 
306.063687 
306.050261 
306.036833 
306.023404 
306.009974 
305.996543 
305.983111 
305.969678 
305.956244 
305.942809 
305.929373 
305.915936 
305.902497 
305.889058 
305.875618 
305.862177 
305.848734 
305.835291 
305.821846 
305.808401 
305.794954 
305.781507 
305.768058 
305.754609 
305.741158 
305.727706 
305.714254 
305.700800 
305.687345 
305.673889 
305.660432 
305.646974 
305.633515 
305.620055 
305.606594 
305.593132 
305.579669 
305.566205 
305.552739 
305.539273 
305.525806 
305.512337 
305.498868 
305.485398 
305.471926 
305.458454 
305.444980 
305.431505 
305.418030 
305.404553 
305.391075 
305.377596 
305.364116 
305.350635 
305.337153 
305.323670 
305.310186 
305.296701 
305.283215 
305.269728 
305.256240 
305.242750 
305.229260 
305.215768 
305.202276 
305.188782 
305.175288 
305.161792 
305.148296 
305.134798 
305.121299 
305.107799 
305.094298 
305.080796 
305.067293 
305.053789 
305.040284 
305.026778 
305.013271 
304.999763 
304.986253 
304.972743 
304.959231 
304.945719 
304.932205 
304.918691 
304.905175 
304.891658 
304.878140 
304.864622 
304.851102 
304.837581 
304.824059 
304.810536 
304.797012 
304.783486 
304.769960 
304.756433 
304.742904 
304.729375 
304.715844 
304.702313 
304.688780 
304.675247 
304.661712 
304.648176 
304.634639 
304.621101 
304.607562 
304.594022 
304.580481 
304.566939 
304.553395 
304.539851 
304.526306 
304.512759 
304.499212 
304.485663 
304.472113 
304.458563 
304.445011 
304.431458 
304.417904 
304.404349 
304.390793 
304.377236 
304.363678 
304.350118 
304.336558 
304.322997 
304.309434 
304.295871 
304.282306 
304.268740 
304.255173 
304.241606 
304.228037 
304.214467 
304.200896 
304.187324 
304.173750 
304.160176 
304.146601 
304.133024 
304.119447 
304.105868 
304.092288 
304.078708 
304.065126 
304.051543 
304.037959 
304.024374 
304.010788 
303.997201 
303.983612 
303.970023 
303.956433 
303.942841 
303.929249 
303.915655 
303.902060 
303.888464 
303.874867 
303.861270 
303.847670 
303.834070 
303.820469 
303.806867 
303.793263 
303.779659 
303.766053 
303.752447 
303.738839 
303.725230 
303.711620 
303.698009 
303.684397 
303.670784 
303.657170 
303.643555 
303.629938 
303.616321 
303.602702 
303.589083 
303.575462 
303.561840 
303.548217 
303.534593 
303.520968 
303.507342 
303.493715 
303.480086 
303.466457 
303.452826 
303.439195 
303.425562 
303.411928 
303.398293 
303.384657 
303.371020 
303.357382 
303.343743 
303.330102 
303.316461 
303.302818 
303.289175 
303.275530 
303.261884 
303.248237 
303.234589 
303.220940 
303.207290 
303.193639 
303.179986 
303.166333 
303.152678 
303.139023 
303.125366 
303.111708 
303.098049 
303.084389 
303.070728 
303.057066 
303.043402 
303.029738 
303.016072 
303.002406 
302.988738 
302.975069 
302.961399 
302.947728 
302.934056 
302.920383 
302.906708 
302.893033 
302.879356 
302.865678 
302.852000 
302.838320 
302.824639 
302.810957 
302.797274 
302.783589 
302.769904 
302.756217 
302.742530 
302.728841 
302.715151 
302.701460 
302.687768 
302.674075 
302.660381 
302.646686 
302.632989 
302.619292 
302.605593 
302.591893 
302.578192 
302.564490 
302.550787 
302.537083 
302.523377 
302.509671 
302.495963 
302.482255 
302.468545 
302.454834 
302.441122 
302.427409 
302.413695 
302.399979 
302.386263 
302.372545 
302.358827 
302.345107 
302.331386 
302.317664 
302.303941 
302.290217 
302.276491 
302.262765 
302.249037 
302.235308 
302.221578 
302.207847 
302.194115 
302.180382 
302.166648 
302.152912 
302.139176 
302.125438 
302.111699 
302.097959 
302.084218 
302.070476 
302.056733 
302.042989 
302.029243 
302.015496 
302.001749 
301.988000 
301.974250 
301.960499 
301.946746 
301.932993 
301.919238 
301.905483 
301.891726 
301.877968 
301.864209 
301.850449 
301.836688 
301.822925 
301.809162 
301.795397 
301.781631 
301.767864 
301.754096 
301.740327 
301.726557 
301.712785 
301.699013 
301.685239 
301.671464 
301.657688 
301.643911 
301.630133 
301.616354 
301.602573 
301.588792 
301.575009 
301.561225 
301.547440 
301.533654 
301.519867 
301.506078 
301.492289 
301.478498 
301.464706 
301.450913 
301.437119 
301.423324 
301.409528 
301.395730 
301.381932 
301.368132 
301.354331 
301.340529 
301.326726 
301.312921 
301.299116 
301.285309 
301.271502 
301.257693 
301.243883 
301.230072 
301.216259 
301.202446 
301.188631 
301.174816 
301.160999 
301.147181 
301.133361 
301.119541 
301.105720 
301.091897 
301.078073 
301.064249 
301.050423 
301.036595 
301.022767 
301.008938 
300.995107 
300.981275 
300.967442 
300.953608 
300.939773 
300.925937 
300.912099 
300.898261 
300.884421 
300.870580 
300.856738 
300.842895 
300.829050 
300.815205 
300.801358 
300.787510 
300.773661 
300.759811 
300.745960 
300.732107 
300.718254 
300.704399 
300.690543 
300.676686 
300.662828 
300.648968 
300.635108 
300.621246 
300.607383 
300.593519 
300.579654 
300.565788 
300.551920 
300.538052 
300.524182 
300.510311 
300.496439 
300.482566 
300.468691 
300.454816 
300.440939 
300.427061 
300.413182 
300.399302 
300.385420 
300.371538 
300.357654 
300.343769 
300.329883 
300.315996 
300.302108 
300.288218 
300.274327 
300.260436 
300.246543 
300.232648 
300.218753 
300.204857 
300.190959 
300.177060 
300.163160 
300.149259 
300.135357 
300.121453 
300.107548 
300.093643 
300.079736 
300.065827 
300.051918 
300.038007 
300.024096 
300.010183 
299.996269 
299.982354 
299.968437 
299.954520 
299.940601 
299.926681 
299.912760 
299.898838 
299.884914 
299.870990 
299.857064 
299.843137 
299.829209 
299.815280 
299.801349 
299.787418 
299.773485 
299.759551 
299.745616 
299.731679 
299.717742 
299.703803 
299.689863 
299.675922 
299.661980 
299.648037 
299.634092 
299.620146 
299.606199 
299.592251 
299.578302 
299.564351 
299.550400 
299.536447 
299.522493 
299.508537 
299.494581 
299.480623 
299.466665 
299.452705 
299.438744 
299.424781 
299.410818 
299.396853 
299.382887 
299.368920 
299.354952 
299.340982 
299.327012 
299.313040 
299.299067 
299.285093 
299.271117 
299.257141 
299.243163 
299.229184 
299.215204 
299.201222 
299.187240 
299.173256 
299.159271 
299.145285 
299.131298 
299.117309 
299.103320 
299.089329 
299.075337 
299.061344 
299.047349 
299.033353 
299.019357 
299.005359 
298.991359 
298.977359 
298.963357 
298.949354 
298.935350 
298.921345 
298.907339 
298.893331 
298.879322 
298.865312 
298.851301 
298.837289 
298.823275 
298.809260 
298.795244 
298.781227 
298.767208 
298.753189 
298.739168 
298.725146 
298.711123 
298.697098 
298.683073 
298.669046 
298.655018 
298.640989 
298.626958 
298.612926 
298.598894 
298.584859 
298.570824 
298.556788 
298.542750 
298.528711 
298.514671 
298.500630 
298.486587 
298.472543 
298.458498 
298.444452 
298.430405 
298.416356 
298.402307 
298.388256 
298.374203 
298.360150 
298.346095 
298.332039 
298.317982 
298.303924 
298.289865 
298.275804 
298.261742 
298.247679 
298.233614 
298.219549 
298.205482 
298.191414 
298.177345 
298.163274 
298.149203 
298.135130 
298.121056 
298.106981 
298.092904 
298.078826 
298.064747 
298.050667 
298.036586 
298.022503 
298.008419 
297.994334 
297.980248 
297.966160 
297.952072 
297.937982 
297.923890 
297.909798 
297.895704 
297.881610 
297.867514 
297.853416 
297.839318 
297.825218 
297.811117 
297.797015 
297.782911 
297.768807 
297.754701 
297.740594 
297.726485 
297.712376 
297.698265 
297.684153 
297.670040 
297.655925 
297.641809 
297.627692 
297.613574 
297.599455 
297.585334 
297.571212 
297.557089 
297.542965 
297.528839 
297.514712 
297.500584 
297.486455 
297.472325 
297.458193 
297.444060 
297.429926 
297.415790 
297.401653 
297.387515 
297.373376 
297.359236 
297.345094 
297.330951 
297.316807 
297.302662 
297.288515 
297.274367 
297.260218 
297.246068 
297.231916 
297.217763 
297.203609 
297.189454 
297.175297 
297.161140 
297.146981 
297.132820 
297.118659 
297.104496 
297.090332 
297.076167 
297.062000 
297.047833 
297.033664 
297.019493 
297.005322 
296.991149 
296.976975 
296.962800 
296.948623 
296.934446 
296.920267 
296.906086 
296.891905 
296.877722 
296.863538 
296.849353 
296.835166 
296.820979 
296.806790 
296.792599 
296.778408 
296.764215 
296.750021 
296.735826 
296.721629 
296.707431 
296.693232 
296.679032 
296.664831 
296.650628 
296.636424 
296.622218 
296.608012 
296.593804 
296.579595 
296.565384 
296.551173 
296.536960 
296.522746 
296.508530 
296.494314 
296.480096 
296.465877 
296.451656 
296.437434 
296.423211 
296.408987 
296.394762 
296.380535 
296.366307 
296.352078 
296.337847 
296.323615 
296.309382 
296.295148 
296.280912 
296.266675 
296.252437 
296.238197 
296.223957 
296.209715 
296.195472 
296.181227 
296.166981 
296.152734 
296.138486 
296.124236 
296.109985 
296.095733 
296.081480 
296.067225 
296.052969 
296.038712 
296.024453 
296.010194 
295.995933 
295.981670 
295.967407 
295.953142 
295.938875 
295.924608 
295.910339 
295.896069 
295.881798 
295.867525 
295.853252 
295.838977 
295.824700 
295.810422 
295.796143 
295.781863 
295.767582 
295.753299 
295.739015 
295.724729 
295.710443 
295.696155 
295.681866 
295.667575 
295.653283 
295.638990 
295.624696 
295.610400 
295.596103 
295.581805 
295.567506 
295.553205 
295.538903 
295.524599 
295.510295 
295.495989 
295.481682 
295.467373 
295.453063 
295.438752 
295.424440 
295.410126 
295.395811 
295.381495 
295.367177 
295.352858 
295.338538 
295.324217 
295.309894 
295.295570 
295.281245 
295.266918 
295.252590 
295.238261 
295.223930 
295.209599 
295.195266 
295.180931 
295.166595 
295.152258 
295.137920 
295.123581 
295.109240 
295.094897 
295.080554 
295.066209 
295.051863 
295.037516 
295.023167 
295.008817 
294.994466 
294.980113 
294.965759 
294.951404 
294.937047 
294.922690 
294.908330 
294.893970 
294.879608 
294.865245 
294.850881 
294.836515 
294.822148 
294.807780 
294.793410 
294.779039 
294.764667 
294.750294 
294.735919 
294.721543 
294.707165 
294.692786 
294.678406 
294.664025 
294.649642 
294.635258 
294.620873 
294.606486 
294.592098 
294.577709 
294.563318 
294.548927 
294.534533 
294.520139 
294.505743 
294.491346 
294.476947 
294.462547 
294.448146 
294.433744 
294.419340 
294.404935 
294.390529 
294.376121 
294.361712 
294.347301 
294.332890 
294.318477 
294.304062 
294.289647 
294.275230 
294.260811 
294.246392 
294.231971 
294.217548 
294.203125 
294.188700 
294.174274 
294.159846 
294.145417 
294.130987 
294.116555 
294.102122 
294.087688 
294.073253 
294.058816 
294.044378 
294.029938 
294.015497 
294.001055 
293.986611 
293.972166 
293.957720 
293.943273 
293.928824 
293.914374 
293.899922 
293.885469 
293.871015 
293.856559 
293.842102 
293.827644 
293.813185 
293.798724 
293.784262 
293.769798 
293.755333 
293.740867 
293.726399 
293.711930 
293.697460 
293.682988 
293.668515 
293.654041 
293.639565 
293.625088 
293.610610 
293.596130 
293.581649 
293.567167 
293.552683 
293.538198 
293.523712 
293.509224 
293.494735 
293.480245 
293.465753 
293.451260 
293.436765 
293.422269 
293.407772 
293.393274 
293.378774 
293.364273 
293.349770 
293.335266 
293.320761 
293.306254 
293.291746 
293.277237 
293.262726 
293.248214 
293.233701 
293.219186 
293.204670 
293.190152 
293.175634 
293.161113 
293.146592 
293.132069 
293.117545 
293.103019 
293.088492 
293.073964 
293.059434 
293.044903 
293.030371 
293.015837 
293.001302 
292.986765 
292.972227 
292.957688 
292.943148 
292.928606 
292.914062 
292.899518 
292.884972 
292.870424 
292.855875 
292.841325 
292.826774 
292.812221 
292.797667 
292.783111 
292.768554 
292.753996 
292.739436 
292.724875 
292.710313 
292.695749 
292.681184 
292.666617 
292.652049 
292.637480 
292.622909 
292.608337 
292.593764 
292.579189 
292.564613 
292.550035 
292.535456 
292.520876 
292.506294 
292.491711 
292.477127 
292.462541 
292.447954 
292.433365 
292.418775 
292.404184 
292.389591 
292.374997 
292.360402 
292.345805 
292.331207 
292.316607 
292.302006 
292.287404 
292.272800 
292.258195 
292.243588 
292.228980 
292.214371 
292.199760 
292.185148 
292.170535 
292.155920 
292.141304 
292.126686 
292.112067 
292.097447 
292.082825 
292.068202 
292.053577 
292.038952 
292.024324 
292.009695 
291.995065 
291.980434 
291.965801 
291.951167 
291.936531 
291.921894 
291.907255 
291.892615 
291.877974 
291.863332 
291.848687 
291.834042 
291.819395 
291.804747 
291.790097 
291.775446 
291.760794 
291.746140 
291.731485 
291.716828 
291.702170 
291.687511 
291.672850 
291.658187 
291.643524 
291.628859 
291.614192 
291.599524 
291.584855 
291.570184 
291.555512 
291.540839 
291.526164 
291.511488 
291.496810 
291.482131 
291.467450 
291.452768 
291.438085 
291.423400 
291.408714 
291.394027 
291.379338 
291.364647 
291.349955 
291.335262 
291.320567 
291.305871 
291.291174 
291.276475 
291.261775 
291.247073 
291.232370 
291.217665 
291.202959 
291.188252 
291.173543 
291.158833 
291.144121 
291.129408 
291.114694 
291.099978 
291.085261 
291.070542 
291.055822 
291.041100 
291.026377 
291.011653 
290.996927 
290.982200 
290.967471 
290.952741 
290.938010 
290.923277 
290.908542 
290.893806 
290.879069 
290.864330 
290.849590 
290.834849 
290.820106 
290.805362 
290.790616 
290.775868 
290.761120 
290.746370 
290.731618 
290.716865 
290.702111 
290.687355 
290.672598 
290.657839 
290.643079 
290.628317 
290.613554 
290.598790 
290.584024 
290.569257 
290.554488 
290.539718 
290.524946 
290.510173 
290.495399 
290.480623 
290.465845 
290.451066 
290.436286 
290.421505 
290.406721 
290.391937 
290.377151 
290.362363 
290.347574 
290.332784 
290.317992 
290.303199 
290.288404 
290.273608 
290.258811 
290.244011 
290.229211 
290.214409 
290.199606 
290.184801 
290.169995 
290.155187 
290.140378 
290.125567 
290.110755 
290.095941 
290.081126 
290.066310 
290.051492 
290.036673 
290.021852 
290.007030 
289.992206 
289.977381 
289.962554 
289.947726 
289.932896 
289.918065 
289.903233 
289.888399 
289.873564 
289.858727 
289.843889 
289.829049 
289.814208 
289.799365 
289.784521 
289.769675 
289.754828 
289.739980 
289.725130 
289.710278 
289.695425 
289.680571 
289.665715 
289.650858 
289.635999 
289.621139 
289.606277 
289.591414 
289.576549 
289.561683 
289.546815 
289.531946 
289.517076 
289.502204 
289.487330 
289.472455 
289.457579 
289.442701 
289.427821 
289.412941 
289.398058 
289.383174 
289.368289 
289.353402 
289.338514 
289.323624 
289.308733 
289.293840 
289.278946 
289.264051 
289.249154 
289.234255 
289.219355 
289.204453 
289.189550 
289.174646 
289.159740 
289.144832 
289.129923 
289.115013 
289.100101 
289.085187 
289.070273 
289.055356 
289.040438 
289.025519 
289.010598 
288.995676 
288.980752 
288.965827 
288.950900 
288.935971 
288.921042 
288.906110 
288.891178 
288.876243 
288.861307 
288.846370 
288.831431 
288.816491 
288.801549 
288.786606 
288.771661 
288.756715 
288.741767 
288.726818 
288.711868 
288.696915 
288.681962 
288.667006 
288.652050 
288.637091 
288.622132 
288.607170 
288.592208 
288.577243 
288.562278 
288.547310 
288.532342 
288.517371 
288.502400 
288.487426 
288.472452 
288.457475 
288.442498 
288.427518 
288.412538 
288.397555 
288.382571 
288.367586 
288.352599 
288.337611 
288.322621 
288.307630 
288.292637 
288.277642 
288.262646 
288.247649 
288.232650 
288.217650 
288.202648 
288.187644 
288.172639 
288.157633 
288.142625 
288.127615 
288.112604 
288.097591 
288.082577 
288.067562 
288.052544 
288.037526 
288.022506 
288.007484 
287.992461 
287.977436 
287.962410 
287.947382 
287.932352 
287.917322 
287.902289 
287.887255 
287.872220 
287.857183 
287.842144 
287.827104 
287.812063 
287.797020 
287.781975 
287.766929 
287.751881 
287.736832 
287.721781 
287.706729 
287.691675 
287.676620 
287.661563 
287.646504 
287.631445 
287.616383 
287.601320 
287.586255 
287.571189 
287.556122 
287.541053 
287.525982 
287.510910 
287.495836 
287.480760 
287.465684 
287.450605 
287.435525 
287.420444 
287.405361 
287.390276 
287.375190 
287.360102 
287.345013 
287.329922 
287.314830 
287.299736 
287.284641 
287.269544 
287.254445 
287.239345 
287.224244 
287.209140 
287.194036 
287.178929 
287.163822 
287.148712 
287.133601 
287.118489 
287.103375 
287.088259 
287.073142 
287.058023 
287.042903 
287.027781 
287.012658 
286.997533 
286.982407 
286.967279 
286.952149 
286.937018 
286.921885 
286.906751 
286.891615 
286.876478 
286.861339 
286.846198 
286.831056 
286.815912 
286.800767 
286.785620 
286.770472 
286.755322 
286.740171 
286.725018 
286.709863 
286.694707 
286.679549 
286.664390 
286.649229 
286.634066 
286.618902 
286.603737 
286.588569 
286.573401 
286.558230 
286.543058 
286.527885 
286.512710 
286.497533 
286.482355 
286.467175 
286.451994 
286.436811 
286.421626 
286.406440 
286.391253 
286.376063 
286.360873 
286.345680 
286.330486 
286.315291 
286.300093 
286.284895 
286.269694 
286.254492 
286.239289 
286.224084 
286.208877 
286.193669 
286.178459 
286.163247 
286.148034 
286.132820 
286.117604 
286.102386 
286.087166 
286.071945 
286.056723 
286.041499 
286.026273 
286.011046 
285.995817 
285.980586 
285.965354 
285.950120 
285.934885 
285.919648 
285.904409 
285.889169 
285.873928 
285.858684 
285.843439 
285.828193 
285.812945 
285.797695 
285.782444 
285.767191 
285.751936 
285.736680 
285.721422 
285.706163 
285.690902 
285.675639 
285.660375 
285.645110 
285.629842 
285.614573 
285.599303 
285.584030 
285.568757 
285.553481 
285.538204 
285.522925 
285.507645 
285.492363 
285.477080 
285.461795 
285.446508 
285.431220 
285.415930 
285.400638 
285.385345 
285.370050 
285.354754 
285.339456 
285.324156 
285.308855 
285.293552 
285.278247 
285.262941 
285.247634 
285.232324 
285.217013 
285.201701 
285.186386 
285.171070 
285.155753 
285.140434 
285.125113 
285.109791 
285.094467 
285.079141 
285.063814 
285.048485 
285.033154 
285.017822 
285.002488 
284.987153 
284.971816 
284.956477 
284.941137 
284.925795 
284.910451 
284.895106 
284.879759 
284.864411 
284.849061 
284.833709 
284.818355 
284.803000 
284.787644 
284.772285 
284.756925 
284.741564 
284.726201 
284.710836 
284.695469 
284.680101 
284.664731 
284.649360 
284.633987 
284.618612 
284.603235 
284.587857 
284.572478 
284.557096 
284.541713 
284.526329 
284.510942 
284.495554 
284.480165 
284.464774 
284.449381 
284.433986 
284.418590 
284.403192 
284.387792 
284.372391 
284.356988 
284.341584 
284.326178 
284.310770 
284.295361 
284.279949 
284.264537 
284.249122 
284.233706 
284.218288 
284.202869 
284.187448 
284.172025 
284.156601 
284.141175 
284.125747 
284.110317 
284.094886 
284.079454 
284.064019 
284.048583 
284.033145 
284.017706 
284.002265 
283.986822 
283.971378 
283.955932 
283.940484 
283.925034 
283.909583 
283.894130 
283.878676 
283.863220 
283.847762 
283.832303 
283.816841 
283.801379 
283.785914 
283.770448 
283.754980 
283.739510 
283.724039 
283.708566 
283.693092 
283.677615 
283.662137 
283.646658 
283.631176 
283.615693 
283.600209 
283.584722 
283.569234 
283.553744 
283.538253 
283.522760 
283.507265 
283.491768 
283.476270 
283.460770 
283.445269 
283.429765 
283.414260 
283.398754 
283.383245 
283.367735 
283.352223 
283.336710 
283.321195 
283.305678 
283.290159 
283.274639 
283.259117 
283.243594 
283.228068 
283.212541 
283.197012 
283.181482 
283.165950 
283.150416 
283.134880 
283.119343 
283.103804 
283.088263 
283.072721 
283.057177 
283.041631 
283.026084 
283.010534 
282.994983 
282.979431 
282.963876 
282.948320 
282.932763 
282.917203 
282.901642 
282.886079 
282.870514 
282.854948 
282.839380 
282.823810 
282.808239 
282.792665 
282.777091 
282.761514 
282.745936 
282.730355 
282.714774 
282.699190 
282.683605 
282.668018 
282.652429 
282.636839 
282.621247 
282.605653 
282.590057 
282.574460 
282.558861 
282.543260 
282.527657 
282.512053 
282.496447 
282.480839 
282.465230 
282.449619 
282.434006 
282.418391 
282.402775 
282.387157 
282.371537 
282.355915 
282.340292 
282.324667 
282.309040 
282.293412 
282.277781 
282.262149 
282.246516 
282.230880 
282.215243 
282.199604 
282.183963 
282.168321 
282.152677 
282.137031 
282.121383 
282.105734 
282.090082 
282.074429 
282.058775 
282.043118 
282.027460 
282.011800 
281.996139 
281.980475 
281.964810 
281.949143 
281.933474 
281.917804 
281.902132 
281.886458 
281.870782 
281.855105 
281.839425 
281.823744 
281.808062 
281.792377 
281.776691 
281.761003 
281.745313 
281.729622 
281.713928 
281.698233 
281.682536 
281.666838 
281.651138 
281.635435 
281.619732 
281.604026 
281.588318 
281.572609 
281.556898 
281.541186 
281.525471 
281.509755 
281.494037 
281.478317 
281.462595 
281.446872 
281.431147 
281.415420 
281.399691 
281.383961 
281.368229 
281.352495 
281.336759 
281.321021 
281.305282 
281.289541 
281.273798 
281.258053 
281.242307 
281.226558 
281.210808 
281.195057 
281.179303 
281.163547 
281.147790 
281.132031 
281.116271 
281.100508 
281.084744 
281.068978 
281.053210 
281.037440 
281.021668 
281.005895 
280.990120 
280.974343 
280.958565 
280.942784 
280.927002 
280.911218 
280.895432 
280.879644 
280.863855 
280.848064 
280.832270 
280.816476 
280.800679 
280.784880 
280.769080 
280.753278 
280.737474 
280.721669 
280.705861 
280.690052 
280.674241 
280.658428 
280.642613 
280.626797 
280.610978 
280.595158 
280.579336 
280.563513 
280.547687 
280.531860 
280.516030 
280.500199 
280.484367 
280.468532 
280.452695 
280.436857 
280.421017 
280.405175 
280.389332 
280.373486 
280.357639 
280.341789 
280.325938 
280.310086 
280.294231 
280.278374 
280.262516 
280.246656 
280.230794 
280.214930 
280.199065 
280.183197 
280.167328 
280.151457 
280.135584 
280.119709 
280.103833 
280.087954 
280.072074 
280.056192 
280.040308 
280.024422 
280.008535 
279.992645 
279.976754 
279.960861 
279.944966 
279.929069 
279.913171 
279.897270 
279.881368 
279.865464 
279.849558 
279.833650 
279.817740 
279.801829 
279.785915 
279.770000 
279.754083 
279.738164 
279.722243 
279.706321 
279.690396 
279.674470 
279.658542 
279.642612 
279.626680 
279.610746 
279.594811 
279.578873 
279.562934 
279.546993 
279.531050 
279.515105 
279.499158 
279.483210 
279.467259 
279.451307 
279.435353 
279.419397 
279.403439 
279.387479 
279.371518 
279.355554 
279.339589 
279.323622 
279.307653 
279.291682 
279.275709 
279.259734 
279.243758 
279.227779 
279.211799 
279.195817 
279.179833 
279.163847 
279.147859 
279.131870 
279.115878 
279.099885 
279.083889 
279.067892 
279.051893 
279.035892 
279.019890 
279.003885 
278.987878 
278.971870 
278.955860 
278.939847 
278.923833 
278.907817 
278.891799 
278.875780 
278.859758 
278.843735 
278.827709 
278.811682 
278.795653 
278.779622 
278.763589 
278.747554 
278.731517 
278.715478 
278.699438 
278.683395 
278.667351 
278.651305 
278.635257 
278.619207 
278.603155 
278.587101 
278.571045 
278.554988 
278.538928 
278.522867 
278.506803 
278.490738 
278.474671 
278.458602 
278.442531 
278.426458 
278.410383 
278.394306 
278.378228 
278.362147 
278.346065 
278.329981 
278.313894 
278.297806 
278.281716 
278.265624 
278.249530 
278.233434 
278.217337 
278.201237 
278.185136 
278.169032 
278.152927 
278.136819 
278.120710 
278.104599 
278.088486 
278.072371 
278.056254 
278.040135 
278.024014 
278.007891 
277.991767 
277.975640 
277.959512 
277.943381 
277.927249 
277.911115 
277.894978 
277.878840 
277.862700 
277.846558 
277.830414 
277.814268 
277.798120 
277.781971 
277.765819 
277.749665 
277.733510 
277.717352 
277.701193 
277.685031 
277.668868 
277.652703 
277.636535 
277.620366 
277.604195 
277.588022 
277.571847 
277.555670 
277.539491 
277.523310 
277.507127 
277.490943 
277.474756 
277.458567 
277.442376 
277.426184 
277.409989 
277.393793 
277.377594 
277.361394 
277.345192 
277.328987 
277.312781 
277.296573 
277.280362 
277.264150 
277.247936 
277.231720 
277.215502 
277.199282 
277.183060 
277.166836 
277.150610 
277.134382 
277.118152 
277.101920 
277.085687 
277.069451 
277.053213 
277.036973 
277.020732 
277.004488 
276.988242 
276.971995 
276.955745 
276.939493 
276.923240 
276.906984 
276.890727 
276.874467 
276.858206 
276.841942 
276.825677 
276.809409 
276.793140 
276.776869 
276.760595 
276.744320 
276.728042 
276.711763 
276.695482 
276.679198 
276.662913 
276.646626 
276.630336 
276.614045 
276.597752 
276.581456 
276.565159 
276.548860 
276.532559 
276.516255 
276.499950 
276.483643 
276.467333 
276.451022 
276.434709 
276.418393 
276.402076 
276.385757 
276.369436 
276.353112 
276.336787 
276.320460 
276.304130 
276.287799 
276.271465 
276.255130 
276.238793 
276.222453 
276.206112 
276.189768 
276.173423 
276.157076 
276.140726 
276.124375 
276.108021 
276.091666 
276.075308 
276.058948 
276.042587 
276.026223 
276.009857 
275.993490 
275.977120 
275.960748 
275.944375 
275.927999 
275.911621 
275.895241 
275.878859 
275.862475 
275.846090 
275.829702 
275.813312 
275.796920 
275.780525 
275.764129 
275.747731 
275.731331 
275.714929 
275.698525 
275.682118 
275.665710 
275.649300 
275.632887 
275.616473 
275.600056 
275.583638 
275.567217 
275.550794 
275.534370 
275.517943 
275.501514 
275.485083 
275.468650 
275.452215 
275.435778 
275.419339 
275.402898 
275.386455 
275.370010 
275.353563 
275.337113 
275.320662 
275.304208 
275.287753 
275.271295 
275.254836 
275.238374 
275.221910 
275.205444 
275.188977 
275.172507 
275.156035 
275.139560 
275.123084 
275.106606 
275.090126 
275.073643 
275.057159 
275.040672 
275.024184 
275.007693 
274.991200 
274.974706 
274.958209 
274.941710 
274.925209 
274.908706 
274.892200 
274.875693 
274.859184 
274.842672 
274.826159 
274.809643 
274.793125 
274.776606 
274.760084 
274.743560 
274.727034 
274.710505 
274.693975 
274.677443 
274.660908 
274.644372 
274.627833 
274.611293 
274.594750 
274.578205 
274.561658 
274.545109 
274.528558 
274.512004 
274.495449 
274.478891 
274.462332 
274.445770 
274.429206 
274.412640 
274.396072 
274.379502 
274.362930 
274.346355 
274.329779 
274.313200 
274.296620 
274.280037 
274.263452 
274.246865 
274.230276 
274.213685 
274.197091 
274.180496 
274.163898 
274.147298 
274.130696 
274.114092 
274.097486 
274.080878 
274.064268 
274.047655 
274.031041 
274.014424 
273.997805 
273.981184 
273.964561 
273.947936 
273.931308 
273.914679 
273.898047 
273.881413 
273.864778 
273.848140 
273.831499 
273.814857 
273.798213 
273.781566 
273.764917 
273.748266 
273.731613 
273.714958 
273.698301 
273.681641 
273.664980 
273.648316 
273.631650 
273.614982 
273.598312 
273.581640 
273.564965 
273.548289 
273.531610 
273.514929 
273.498246 
273.481560 
273.464873 
273.448183 
273.431492 
273.414798 
273.398102 
273.381404 
273.364703 
273.348001 
273.331296 
273.314589 
273.297880 
273.281169 
273.264456 
273.247740 
273.231022 
273.214302 
273.197580 
273.180856 
273.164130 
273.147401 
273.130670 
273.113938 
273.097202 
273.080465 
273.063726 
273.046984 
273.030240 
273.013494 
272.996746 
272.979996 
272.963243 
272.946489 
272.929732 
272.912973 
272.896211 
272.879448 
272.862682 
272.845914 
272.829144 
272.812372 
272.795598 
272.778821 
272.762042 
272.745261 
272.728478 
272.711693 
272.694905 
272.678115 
272.661323 
272.644529 
272.627733 
272.610934 
272.594133 
272.577330 
272.560525 
272.543718 
272.526908 
272.510096 
272.493282 
272.476466 
272.459647 
272.442827 
272.426004 
272.409179 
272.392351 
272.375522 
272.358690 
272.341856 
272.325020 
272.308181 
272.291341 
272.274498 
272.257653 
272.240805 
272.223956 
272.207104 
272.190250 
272.173394 
272.156535 
272.139675 
272.122812 
272.105947 
272.089079 
272.072210 
272.055338 
272.038464 
272.021587 
272.004709 
271.987828 
271.970945 
271.954060 
271.937172 
271.920283 
271.903391 
271.886496 
271.869600 
271.852701 
271.835800 
271.818897 
271.801991 
271.785084 
271.768174 
271.751261 
271.734347 
271.717430 
271.700511 
271.683590 
271.666666 
271.649741 
271.632813 
271.615882 
271.598950 
271.582015 
271.565078 
271.548139 
271.531197 
271.514253 
271.497307 
271.480359 
271.463408 
271.446455 
271.429500 
271.412542 
271.395582 
271.378620 
271.361656 
271.344690 
271.327721 
271.310750 
271.293776 
271.276800 
271.259822 
271.242842 
271.225860 
271.208875 
271.191888 
271.174898 
271.157907 
271.140913 
271.123916 
271.106918 
271.089917 
271.072914 
271.055909 
271.038901 
271.021891 
271.004879 
270.987864 
270.970847 
270.953828 
270.936806 
270.919783 
270.902757 
270.885728 
270.868697 
270.851664 
270.834629 
270.817591 
270.800552 
270.783509 
270.766465 
270.749418 
270.732369 
270.715317 
270.698264 
270.681207 
270.664149 
270.647088 
270.630025 
270.612960 
270.595892 
270.578822 
270.561750 
270.544675 
270.527598 
270.510519 
270.493437 
270.476353 
270.459267 
270.442178 
270.425087 
270.407994 
270.390899 
270.373801 
270.356700 
270.339598 
270.322493 
270.305385 
270.288276 
270.271164 
270.254050 
270.236933 
270.219814 
270.202693 
270.185569 
270.168443 
270.151315 
270.134184 
270.117051 
270.099915 
270.082778 
270.065638 
270.048495 
270.031350 
270.014203 
269.997054 
269.979902 
269.962747 
269.945591 
269.928432 
269.911271 
269.894107 
269.876941 
269.859772 
269.842602 
269.825429 
269.808253 
269.791075 
269.773895 
269.756712 
269.739527 
269.722340 
269.705150 
269.687958 
269.670764 
269.653567 
269.636368 
269.619166 
269.601962 
269.584756 
269.567547 
269.550336 
269.533122 
269.515906 
269.498688 
269.481467 
269.464244 
269.447019 
269.429791 
269.412561 
269.395328 
269.378093 
269.360855 
269.343616 
269.326373 
269.309129 
269.291882 
269.274632 
269.257381 
269.240126 
269.222870 
269.205611 
269.188349 
269.171085 
269.153819 
269.136550 
269.119279 
269.102006 
269.084730 
269.067452 
269.050171 
269.032888 
269.015602 
268.998314 
268.981024 
268.963731 
268.946436 
268.929138 
268.911838 
268.894536 
268.877231 
268.859923 
268.842614 
268.825302 
268.807987 
268.790670 
268.773350 
268.756028 
268.738704 
268.721377 
268.704048 
268.686716 
268.669382 
268.652046 
268.634707 
268.617365 
268.600021 
268.582675 
268.565326 
268.547975 
268.530621 
268.513265 
268.495907 
268.478546 
268.461182 
268.443816 
268.426448 
268.409077 
268.391704 
268.374328 
268.356950 
268.339569 
268.322186 
268.304801 
268.287413 
268.270022 
268.252629 
268.235234 
268.217836 
268.200436 
268.183033 
268.165628 
268.148220 
268.130810 
268.113397 
268.095982 
268.078564 
268.061144 
268.043721 
268.026296 
268.008869 
267.991438 
267.974006 
267.956571 
267.939133 
267.921693 
267.904251 
267.886806 
267.869358 
267.851908 
267.834456 
267.817001 
267.799544 
267.782084 
267.764621 
267.747156 
267.729689 
267.712219 
267.694747 
267.677272 
267.659794 
267.642314 
267.624832 
267.607347 
267.589859 
267.572369 
267.554877 
267.537382 
267.519884 
267.502384 
267.484882 
267.467377 
267.449869 
267.432359 
267.414847 
267.397331 
267.379814 
267.362294 
267.344771 
267.327246 
267.309718 
267.292188 
267.274655 
267.257119 
267.239582 
267.222041 
267.204498 
267.186953 
267.169405 
267.151854 
267.134301 
267.116746 
267.099187 
267.081627 
267.064063 
267.046498 
267.028929 
267.011358 
266.993785 
266.976209 
266.958631 
266.941049 
266.923466 
266.905880 
266.888291 
266.870700 
266.853106 
266.835509 
266.817910 
266.800309 
266.782705 
266.765098 
266.747489 
266.729877 
266.712263 
266.694646 
266.677026 
266.659404 
266.641780 
266.624152 
266.606523 
266.588890 
266.571255 
266.553618 
266.535978 
266.518335 
266.500690 
266.483042 
266.465392 
266.447739 
266.430083 
266.412425 
266.394764 
266.377101 
266.359435 
266.341766 
266.324095 
266.306421 
266.288745 
266.271066 
266.253385 
266.235701 
266.218014 
266.200324 
266.182633 
266.164938 
266.147241 
266.129541 
266.111839 
266.094134 
266.076426 
266.058716 
266.041003 
266.023288 
266.005570 
265.987849 
265.970126 
265.952400 
265.934672 
265.916941 
265.899207 
265.881471 
265.863732 
265.845990 
265.828246 
265.810499 
265.792749 
265.774997 
265.757242 
265.739485 
265.721725 
265.703962 
265.686197 
265.668429 
265.650659 
265.632885 
265.615109 
265.597331 
265.579550 
265.561766 
265.543980 
265.526190 
265.508399 
265.490604 
265.472807 
265.455007 
265.437205 
265.419400 
265.401592 
265.383782 
265.365969 
265.348153 
265.330335 
265.312514 
265.294691 
265.276864 
265.259035 
265.241204 
265.223369 
265.205532 
265.187693 
265.169850 
265.152005 
265.134158 
265.116307 
265.098454 
265.080598 
265.062740 
265.044879 
265.027015 
265.009149 
264.991279 
264.973408 
264.955533 
264.937656 
264.919776 
264.901893 
264.884008 
264.866120 
264.848229 
264.830336 
264.812440 
264.794541 
264.776640 
264.758735 
264.740828 
264.722919 
264.705006 
264.687091 
264.669174 
264.651253 
264.633330 
264.615404 
264.597476 
264.579544 
264.561610 
264.543674 
264.525734 
264.507792 
264.489847 
264.471899 
264.453949 
264.435996 
264.418040 
264.400081 
264.382120 
264.364156 
264.346189 
264.328220 
264.310248 
264.292273 
264.274295 
264.256315 
264.238331 
264.220345 
264.202357 
264.184365 
264.166371 
264.148374 
264.130375 
264.112372 
264.094367 
264.076359 
264.058348 
264.040335 
264.022319 
264.004300 
263.986278 
263.968254 
263.950226 
263.932196 
263.914164 
263.896128 
263.878090 
263.860049 
263.842005 
263.823958 
263.805909 
263.787857 
263.769802 
263.751744 
263.733684 
263.715620 
263.697554 
263.679485 
263.661414 
263.643339 
263.625262 
263.607182 
263.589099 
263.571014 
263.552925 
263.534834 
263.516740 
263.498644 
263.480544 
263.462442 
263.444336 
263.426228 
263.408118 
263.390004 
263.371888 
263.353769 
263.335647 
263.317522 
263.299394 
263.281264 
263.263130 
263.244994 
263.226856 
263.208714 
263.190569 
263.172422 
263.154272 
263.136119 
263.117963 
263.099804 
263.081643 
263.063479 
263.045311 
263.027141 
263.008969 
262.990793 
262.972615 
262.954433 
262.936249 
262.918062 
262.899872 
262.881680 
262.863484 
262.845286 
262.827084 
262.808880 
262.790673 
262.772464 
262.754251 
262.736035 
262.717817 
262.699596 
262.681372 
262.663145 
262.644915 
262.626682 
262.608447 
262.590209 
262.571967 
262.553723 
262.535476 
262.517226 
262.498974 
262.480718 
262.462459 
262.444198 
262.425934 
262.407667 
262.389397 
262.371124 
262.352848 
262.334569 
262.316288 
262.298003 
262.279716 
262.261426 
262.243132 
262.224836 
262.206537 
262.188236 
262.169931 
262.151623 
262.133313 
262.114999 
262.096683 
262.078364 
262.060042 
262.041716 
262.023388 
262.005058 
261.986724 
261.968387 
261.950047 
261.931705 
261.913359 
261.895011 
261.876660 
261.858305 
261.839948 
261.821588 
261.803225 
261.784859 
261.766490 
261.748118 
261.729744 
261.711366 
261.692985 
261.674602 
261.656215 
261.637826 
261.619433 
261.601038 
261.582639 
261.564238 
261.545834 
261.527427 
261.509017 
261.490604 
261.472188 
261.453769 
261.435347 
261.416922 
261.398494 
261.380063 
261.361629 
261.343193 
261.324753 
261.306310 
261.287864 
261.269416 
261.250964 
261.232510 
261.214052 
261.195591 
261.177128 
261.158661 
261.140192 
261.121719 
261.103244 
261.084766 
261.066284 
261.047800 
261.029312 
261.010822 
260.992328 
260.973832 
260.955333 
260.936830 
260.918325 
260.899816 
260.881305 
260.862790 
260.844273 
260.825753 
260.807229 
260.788703 
260.770173 
260.751641 
260.733105 
260.714567 
260.696025 
260.677481 
260.658933 
260.640382 
260.621829 
260.603272 
260.584712 
260.566150 
260.547584 
260.529015 
260.510443 
260.491868 
260.473290 
260.454709 
260.436125 
260.417538 
260.398948 
260.380355 
260.361759 
260.343160 
260.324557 
260.305952 
260.287344 
260.268732 
260.250118 
260.231500 
260.212880 
260.194256 
260.175629 
260.156999 
260.138366 
260.119730 
260.101091 
260.082449 
260.063804 
260.045156 
260.026505 
260.007850 
259.989193 
259.970532 
259.951868 
259.933202 
259.914532 
259.895859 
259.877183 
259.858504 
259.839822 
259.821136 
259.802448 
259.783757 
259.765062 
259.746364 
259.727664 
259.708960 
259.690253 
259.671543 
259.652830 
259.634113 
259.615394 
259.596671 
259.577946 
259.559217 
259.540485 
259.521750 
259.503012 
259.484271 
259.465526 
259.446779 
259.428028 
259.409274 
259.390517 
259.371757 
259.352994 
259.334228 
259.315459 
259.296686 
259.277910 
259.259131 
259.240349 
259.221564 
259.202776 
259.183985 
259.165190 
259.146392 
259.127591 
259.108787 
259.089980 
259.071170 
259.052356 
259.033539 
259.014720 
258.995896 
258.977070 
258.958241 
258.939408 
258.920573 
258.901734 
258.882892 
258.864046 
258.845198 
258.826346 
258.807492 
258.788634 
258.769772 
258.750908 
258.732041 
258.713170 
258.694296 
258.675419 
258.656538 
258.637655 
258.618768 
258.599878 
258.580985 
258.562089 
258.543189 
258.524287 
258.505381 
258.486471 
258.467559 
258.448643 
258.429725 
258.410803 
258.391877 
258.372949 
258.354017 
258.335082 
258.316144 
258.297203 
258.278258 
258.259310 
258.240359 
258.221405 
258.202447 
258.183486 
258.164522 
258.145555 
258.126585 
258.107611 
258.088634 
258.069654 
258.050670 
258.031683 
258.012693 
257.993700 
257.974703 
257.955704 
257.936701 
257.917694 
257.898685 
257.879672 
257.860656 
257.841636 
257.822614 
257.803588 
257.784558 
257.765526 
257.746490 
257.727451 
257.708409 
257.689363 
257.670314 
257.651262 
257.632206 
257.613148 
257.594086 
257.575020 
257.555951 
257.536879 
257.517804 
257.498726 
257.479644 
257.460559 
257.441470 
257.422378 
257.403283 
257.384185 
257.365083 
257.345978 
257.326869 
257.307758 
257.288643 
257.269524 
257.250403 
257.231278 
257.212149 
257.193018 
257.173883 
257.154744 
257.135603 
257.116458 
257.097309 
257.078157 
257.059002 
257.039844 
257.020682 
257.001517 
256.982349 
256.963177 
256.944002 
256.924823 
256.905641 
256.886456 
256.867268 
256.848076 
256.828880 
256.809682 
256.790480 
256.771274 
256.752065 
256.732853 
256.713638 
256.694419 
256.675196 
256.655971 
256.636742 
256.617509 
256.598273 
256.579034 
256.559791 
256.540545 
256.521296 
256.502043 
256.482787 
256.463527 
256.444264 
256.424998 
256.405728 
256.386455 
256.367178 
256.347898 
256.328614 
256.309327 
256.290037 
256.270743 
256.251446 
256.232146 
256.212842 
256.193534 
256.174223 
256.154909 
256.135591 
256.116270 
256.096945 
256.077617 
256.058286 
256.038951 
256.019612 
256.000271 
255.980925 
255.961577 
255.942224 
255.922869 
255.903510 
255.884147 
255.864781 
255.845412 
255.826039 
255.806662 
255.787282 
255.767899 
255.748512 
255.729122 
255.709728 
255.690331 
255.670930 
255.651526 
255.632118 
255.612707 
255.593292 
255.573874 
255.554453 
255.535027 
255.515599 
255.496167 
255.476731 
255.457292 
255.437849 
255.418403 
255.398953 
255.379500 
255.360044 
255.340583 
255.321120 
255.301653 
255.282182 
255.262708 
255.243230 
255.223748 
255.204264 
255.184775 
255.165283 
255.145788 
255.126289 
255.106787 
255.087281 
255.067771 
255.048258 
255.028741 
255.009221 
254.989697 
254.970170 
254.950639 
254.931105 
254.911567 
254.892025 
254.872480 
254.852931 
254.833379 
254.813823 
254.794264 
254.774701 
254.755135 
254.735565 
254.715991 
254.696414 
254.676833 
254.657249 
254.637661 
254.618069 
254.598474 
254.578875 
254.559273 
254.539667 
254.520057 
254.500444 
254.480827 
254.461207 
254.441583 
254.421956 
254.402324 
254.382690 
254.363051 
254.343409 
254.323764 
254.304115 
254.284462 
254.264805 
254.245145 
254.225481 
254.205814 
254.186143 
254.166468 
254.146790 
254.127108 
254.107423 
254.087733 
254.068041 
254.048344 
254.028644 
254.008940 
253.989233 
253.969522 
253.949807 
253.930089 
253.910367 
253.890641 
253.870911 
253.851178 
253.831442 
253.811701 
253.791957 
253.772209 
253.752458 
253.732703 
253.712944 
253.693182 
253.673415 
253.653646 
253.633872 
253.614095 
253.594314 
253.574529 
253.554741 
253.534949 
253.515153 
253.495354 
253.475551 
253.455744 
253.435933 
253.416119 
253.396301 
253.376479 
253.356654 
253.336824 
253.316992 
253.297155 
253.277315 
253.257470 
253.237623 
253.217771 
253.197916 
253.178057 
253.158194 
253.138327 
253.118457 
253.098583 
253.078705 
253.058824 
253.038939 
253.019050 
252.999157 
252.979260 
252.959360 
252.939456 
252.919548 
252.899636 
252.879721 
252.859802 
252.839879 
252.819952 
252.800021 
252.780087 
252.760149 
252.740207 
252.720262 
252.700312 
252.680359 
252.660402 
252.640441 
252.620476 
252.600508 
252.580535 
252.560559 
252.540579 
252.520596 
252.500608 
252.480617 
252.460622 
252.440623 
252.420620 
252.400613 
252.380603 
252.360588 
252.340570 
252.320548 
252.300523 
252.280493 
252.260459 
252.240422 
252.220381 
252.200336 
252.180287 
252.160234 
252.140178 
252.120117 
252.100053 
252.079985 
252.059913 
252.039837 
252.019757 
251.999673 
251.979586 
251.959494 
251.939399 
251.919300 
251.899197 
251.879090 
251.858979 
251.838864 
251.818746 
251.798623 
251.778497 
251.758366 
251.738232 
251.718094 
251.697952 
251.677806 
251.657656 
251.637503 
251.617345 
251.597183 
251.577018 
251.556848 
251.536675 
251.516498 
251.496316 
251.476131 
251.455942 
251.435749 
251.415552 
251.395351 
251.375146 
251.354938 
251.334725 
251.314508 
251.294287 
251.274063 
251.253834 
251.233602 
251.213365 
251.193125 
251.172880 
251.152632 
251.132379 
251.112123 
251.091863 
251.071598 
251.051330 
251.031058 
251.010782 
250.990501 
250.970217 
250.949929 
250.929636 
250.909340 
250.889040 
250.868736 
250.848427 
250.828115 
250.807799 
250.787479 
250.767154 
250.746826 
250.726493 
250.706157 
250.685817 
250.665472 
250.645124 
250.624771 
250.604415 
250.584054 
250.563689 
250.543321 
250.522948 
250.502571 
250.482190 
250.461806 
250.441417 
250.421024 
250.400627 
250.380225 
250.359820 
250.339411 
250.318998 
250.298580 
250.278159 
250.257733 
250.237304 
250.216870 
250.196432 
250.175990 
250.155544 
250.135094 
250.114640 
250.094182 
250.073719 
250.053253 
250.032782 
250.012308 
249.991829 
249.971346 
249.950859 
249.930368 
249.909872 
249.889373 
249.868869 
249.848362 
249.827850 
249.807334 
249.786814 
249.766290 
249.745762 
249.725229 
249.704692 
249.684152 
249.663607 
249.643058 
249.622504 
249.601947 
249.581385 
249.560820 
249.540250 
249.519676 
249.499097 
249.478515 
249.457928 
249.437338 
249.416743 
249.396143 
249.375540 
249.354933 
249.334321 
249.313705 
249.293085 
249.272461 
249.251832 
249.231199 
249.210562 
249.189921 
249.169276 
249.148626 
249.127972 
249.107314 
249.086652 
249.065986 
249.045315 
249.024640 
249.003961 
248.983277 
248.962590 
248.941898 
248.921202 
248.900501 
248.879797 
248.859088 
248.838375 
248.817657 
248.796936 
248.776210 
248.755479 
248.734745 
248.714006 
248.693263 
248.672516 
248.651764 
248.631008 
248.610248 
248.589484 
248.568715 
248.547942 
248.527165 
248.506383 
248.485597 
248.464807 
248.444012 
248.423213 
248.402410 
248.381603 
248.360791 
248.339975 
248.319154 
248.298329 
248.277500 
248.256667 
248.235829 
248.214987 
248.194140 
248.173290 
248.152434 
248.131575 
248.110711 
248.089843 
248.068970 
248.048093 
248.027212 
248.006326 
247.985436 
247.964542 
247.943643 
247.922740 
247.901832 
247.880920 
247.860004 
247.839083 
247.818158 
247.797229 
247.776295 
247.755357 
247.734414 
247.713467 
247.692515 
247.671560 
247.650599 
247.629635 
247.608665 
247.587692 
247.566714 
247.545731 
247.524744 
247.503753 
247.482757 
247.461757 
247.440753 
247.419744 
247.398730 
247.377712 
247.356690 
247.335663 
247.314631 
247.293596 
247.272555 
247.251511 
247.230462 
247.209408 
247.188350 
247.167287 
247.146220 
247.125148 
247.104072 
247.082992 
247.061907 
247.040817 
247.019723 
246.998624 
246.977521 
246.956414 
246.935302 
246.914185 
246.893064 
246.871938 
246.850808 
246.829673 
246.808534 
246.787390 
246.766242 
246.745089 
246.723932 
246.702770 
246.681603 
246.660432 
246.639257 
246.618077 
246.596892 
246.575703 
246.554509 
246.533311 
246.512108 
246.490900 
246.469688 
246.448471 
246.427250 
246.406024 
246.384794 
246.363559 
246.342319 
246.321075 
246.299826 
246.278572 
246.257314 
246.236052 
246.214784 
246.193513 
246.172236 
246.150955 
246.129669 
246.108379 
246.087084 
246.065784 
246.044480 
246.023171 
246.001857 
245.980539 
245.959216 
245.937889 
245.916557 
245.895220 
245.873878 
245.852532 
245.831181 
245.809826 
245.788466 
245.767101 
245.745731 
245.724357 
245.702978 
245.681594 
245.660206 
245.638813 
245.617415 
245.596013 
245.574606 
245.553194 
245.531778 
245.510356 
245.488930 
245.467500 
245.446064 
245.424624 
245.403179 
245.381730 
245.360275 
245.338816 
245.317352 
245.295884 
245.274411 
245.252933 
245.231450 
245.209962 
245.188470 
245.166973 
245.145471 
245.123964 
245.102453 
245.080936 
245.059415 
245.037890 
245.016359 
244.994824 
244.973284 
244.951739 
244.930189 
244.908634 
244.887075 
244.865511 
244.843942 
244.822368 
244.800789 
244.779206 
244.757618 
244.736024 
244.714426 
244.692824 
244.671216 
244.649604 
244.627986 
244.606364 
244.584737 
244.563105 
244.541468 
244.519827 
244.498180 
244.476529 
244.454873 
244.433212 
244.411546 
244.389875 
244.368199 
244.346519 
244.324833 
244.303143 
244.281447 
244.259747 
244.238042 
244.216332 
244.194617 
244.172897 
244.151172 
244.129442 
244.107708 
244.085968 
244.064224 
244.042474 
244.020720 
243.998961 
243.977196 
243.955427 
243.933653 
243.911874 
243.890090 
243.868300 
243.846506 
243.824707 
243.802903 
243.781094 
243.759281 
243.737462 
243.715638 
243.693809 
243.671975 
243.650136 
243.628292 
243.606443 
243.584589 
243.562730 
243.540866 
243.518997 
243.497123 
243.475244 
243.453360 
243.431471 
243.409577 
243.387678 
243.365774 
243.343864 
243.321950 
243.300031 
243.278106 
243.256177 
243.234242 
243.212303 
243.190358 
243.168408 
243.146453 
243.124494 
243.102529 
243.080558 
243.058583 
243.036603 
243.014618 
242.992627 
242.970631 
242.948631 
242.926625 
242.904614 
242.882598 
242.860577 
242.838550 
242.816519 
242.794482 
242.772441 
242.750394 
242.728342 
242.706285 
242.684222 
242.662155 
242.640082 
242.618004 
242.595921 
242.573833 
242.551740 
242.529641 
242.507538 
242.485429 
242.463315 
242.441195 
242.419071 
242.396941 
242.374806 
242.352666 
242.330521 
242.308370 
242.286215 
242.264054 
242.241888 
242.219716 
242.197539 
242.175358 
242.153170 
242.130978 
242.108780 
242.086578 
242.064369 
242.042156 
242.019937 
241.997713 
241.975484 
241.953250 
241.931010 
241.908765 
241.886515 
241.864259 
241.841998 
241.819732 
241.797460 
241.775183 
241.752901 
241.730614 
241.708321 
241.686023 
241.663720 
241.641411 
241.619097 
241.596777 
241.574453 
241.552122 
241.529787 
241.507446 
241.485100 
241.462748 
241.440392 
241.418029 
241.395662 
241.373289 
241.350910 
241.328527 
241.306137 
241.283743 
241.261343 
241.238938 
241.216527 
241.194111 
241.171689 
241.149262 
241.126830 
241.104392 
241.081949 
241.059500 
241.037046 
241.014586 
240.992121 
240.969651 
240.947175 
240.924694 
240.902207 
240.879715 
240.857217 
240.834714 
240.812205 
240.789691 
240.767171 
240.744646 
240.722116 
240.699580 
240.677038 
240.654491 
240.631938 
240.609380 
240.586817 
240.564247 
240.541673 
240.519093 
240.496507 
240.473916 
240.451319 
240.428716 
240.406109 
240.383495 
240.360876 
240.338252 
240.315622 
240.292986 
240.270345 
240.247698 
240.225045 
240.202387 
240.179724 
240.157055 
240.134380 
240.111700 
240.089014 
240.066322 
240.043625 
240.020922 
239.998214 
239.975500 
239.952780 
239.930055 
239.907324 
239.884587 
239.861845 
239.839097 
239.816344 
239.793584 
239.770819 
239.748049 
239.725273 
239.702491 
239.679703 
239.656910 
239.634111 
239.611307 
239.588496 
239.565680 
239.542859 
239.520031 
239.497198 
239.474359 
239.451515 
239.428664 
239.405808 
239.382947 
239.360079 
239.337206 
239.314327 
239.291442 
239.268552 
239.245655 
239.222753 
239.199846 
239.176932 
239.154013 
239.131088 
239.108157 
239.085220 
239.062277 
239.039329 
239.016375 
238.993415 
238.970449 
238.947478 
238.924501 
238.901517 
238.878528 
238.855533 
238.832533 
238.809526 
238.786514 
238.763496 
238.740472 
238.717442 
238.694406 
238.671364 
238.648317 
238.625263 
238.602204 
238.579139 
238.556067 
238.532990 
238.509908 
238.486819 
238.463724 
238.440623 
238.417517 
238.394404 
238.371286 
238.348162 
238.325031 
238.301895 
238.278753 
238.255605 
238.232451 
238.209291 
238.186125 
238.162953 
238.139775 
238.116591 
238.093401 
238.070205 
238.047003 
238.023795 
238.000581 
237.977362 
237.954136 
237.930904 
237.907666 
237.884422 
237.861172 
237.837916 
237.814654 
237.791386 
237.768112 
237.744831 
237.721545 
237.698253 
237.674954 
237.651650 
237.628339 
237.605023 
237.581700 
237.558371 
237.535036 
237.511695 
237.488348 
237.464995 
237.441636 
237.418270 
237.394899 
237.371521 
237.348137 
237.324747 
237.301351 
237.277949 
237.254540 
237.231126 
237.207705 
237.184278 
237.160845 
237.137406 
237.113960 
237.090509 
237.067051 
237.043587 
237.020117 
236.996640 
236.973158 
236.949669 
236.926174 
236.902673 
236.879165 
236.855651 
236.832131 
236.808605 
236.785073 
236.761534 
236.737989 
236.714438 
236.690880 
236.667317 
236.643746 
236.620170 
236.596587 
236.572998 
236.549403 
236.525802 
236.502194 
236.478580 
236.454959 
236.431332 
236.407699 
236.384060 
236.360414 
236.336762 
236.313103 
236.289438 
236.265767 
236.242090 
236.218406 
236.194715 
236.171019 
236.147315 
236.123606 
236.099890 
236.076168 
236.052439 
236.028704 
236.004963 
235.981215 
235.957460 
235.933699 
235.909932 
235.886159 
235.862378 
235.838592 
235.814799 
235.790999 
235.767193 
235.743381 
235.719562 
235.695737 
235.671905 
235.648066 
235.624222 
235.600370 
235.576512 
235.552648 
235.528777 
235.504900 
235.481016 
235.457125 
235.433228 
235.409325 
235.385414 
235.361498 
235.337574 
235.313645 
235.289708 
235.265765 
235.241816 
235.217860 
235.193897 
235.169927 
235.145951 
235.121969 
235.097980 
235.073984 
235.049982 
235.025972 
235.001957 
234.977934 
234.953906 
234.929870 
234.905828 
234.881779 
234.857723 
234.833661 
234.809592 
234.785516 
234.761434 
234.737345 
234.713249 
234.689146 
234.665037 
234.640921 
234.616799 
234.592669 
234.568533 
234.544390 
234.520241 
234.496085 
234.471921 
234.447752 
234.423575 
234.399392 
234.375201 
234.351004 
234.326801 
234.302590 
234.278373 
234.254149 
234.229918 
234.205680 
234.181435 
234.157184 
234.132926 
234.108660 
234.084388 
234.060110 
234.035824 
234.011531 
233.987232 
233.962926 
233.938612 
233.914292 
233.889965 
233.865632 
233.841291 
233.816943 
233.792589 
233.768227 
233.743859 
233.719483 
233.695101 
233.670712 
233.646315 
233.621912 
233.597502 
233.573085 
233.548661 
233.524230 
233.499792 
233.475347 
233.450895 
233.426436 
233.401969 
233.377496 
233.353016 
233.328529 
233.304035 
233.279534 
233.255026 
233.230510 
233.205988 
233.181458 
233.156922 
233.132378 
233.107828 
233.083270 
233.058705 
233.034133 
233.009554 
232.984968 
232.960375 
232.935774 
232.911167 
232.886552 
232.861930 
232.837301 
232.812665 
232.788022 
232.763372 
232.738714 
232.714049 
232.689377 
232.664698 
232.640012 
232.615318 
232.590617 
232.565909 
232.541194 
232.516472 
232.491742 
232.467005 
232.442261 
232.417509 
232.392751 
232.367985 
232.343212 
232.318431 
232.293643 
232.268848 
232.244046 
232.219236 
232.194419 
232.169595 
232.144763 
232.119924 
232.095078 
232.070224 
232.045363 
232.020495 
231.995619 
231.970736 
231.945846 
231.920948 
231.896043 
231.871130 
231.846210 
231.821283 
231.796348 
231.771406 
231.746456 
231.721499 
231.696535 
231.671563 
231.646583 
231.621596 
231.596602 
231.571600 
231.546591 
231.521574 
231.496550 
231.471518 
231.446479 
231.421432 
231.396378 
231.371316 
231.346247 
231.321170 
231.296085 
231.270993 
231.245894 
231.220787 
231.195672 
231.170550 
231.145420 
231.120283 
231.095138 
231.069985 
231.044825 
231.019657 
230.994481 
230.969298 
230.944108 
230.918909 
230.893703 
230.868490 
230.843268 
230.818039 
230.792803 
230.767558 
230.742306 
230.717046 
230.691779 
230.666504 
230.641221 
230.615930 
230.590632 
230.565326 
230.540012 
230.514690 
230.489361 
230.464024 
230.438679 
230.413326 
230.387966 
230.362597 
230.337221 
230.311837 
230.286446 
230.261046 
230.235639 
230.210224 
230.184801 
230.159370 
230.133931 
230.108484 
230.083030 
230.057568 
230.032097 
230.006619 
229.981133 
229.955639 
229.930137 
229.904628 
229.879110 
229.853584 
229.828051 
229.802509 
229.776959 
229.751402 
229.725837 
229.700263 
229.674682 
229.649092 
229.623495 
229.597889 
229.572276 
229.546655 
229.521025 
229.495387 
229.469742 
229.444088 
229.418427 
229.392757 
229.367079 
229.341393 
229.315699 
229.289997 
229.264287 
229.238568 
229.212842 
229.187107 
229.161365 
229.135614 
229.109855 
229.084088 
229.058312 
229.032529 
229.006737 
228.980937 
228.955129 
228.929313 
228.903488 
228.877656 
228.851815 
228.825965 
228.800108 
228.774242 
228.748368 
228.722486 
228.696596 
228.670697 
228.644790 
228.618875 
228.592951 
228.567019 
228.541079 
228.515130 
228.489173 
228.463208 
228.437235 
228.411253 
228.385262 
228.359264 
228.333257 
228.307241 
228.281217 
228.255185 
228.229144 
228.203095 
228.177038 
228.150972 
228.124897 
228.098814 
228.072723 
228.046623 
228.020515 
227.994398 
227.968273 
227.942139 
227.915997 
227.889846 
227.863687 
227.837519 
227.811343 
227.785158 
227.758965 
227.732763 
227.706552 
227.680333 
227.654105 
227.627869 
227.601624 
227.575370 
227.549108 
227.522837 
227.496558 
227.470269 
227.443973 
227.417667 
227.391353 
227.365030 
227.338699 
227.312359 
227.286010 
227.259652 
227.233286 
227.206911 
227.180527 
227.154135 
227.127733 
227.101323 
227.074904 
227.048477 
227.022040 
226.995595 
226.969141 
226.942678 
226.916207 
226.889726 
226.863237 
226.836739 
226.810232 
226.783716 
226.757191 
226.730658 
226.704115 
226.677564 
226.651004 
226.624434 
226.597856 
226.571269 
226.544673 
226.518068 
226.491454 
226.464831 
226.438199 
226.411558 
226.384909 
226.358250 
226.331582 
226.304905 
226.278219 
226.251524 
226.224820 
226.198107 
226.171385 
226.144653 
226.117913 
226.091164 
226.064405 
226.037638 
226.010861 
225.984075 
225.957280 
225.930476 
225.903662 
225.876840 
225.850008 
225.823167 
225.796317 
225.769458 
225.742590 
225.715712 
225.688825 
225.661929 
225.635024 
225.608109 
225.581185 
225.554252 
225.527310 
225.500358 
225.473397 
225.446426 
225.419447 
225.392458 
225.365459 
225.338452 
225.311435 
225.284408 
225.257373 
225.230327 
225.203273 
225.176209 
225.149135 
225.122053 
225.094960 
225.067859 
225.040747 
225.013627 
224.986497 
224.959357 
224.932208 
224.905050 
224.877882 
224.850704 
224.823517 
224.796320 
224.769114 
224.741898 
224.714673 
224.687438 
224.660194 
224.632939 
224.605676 
224.578402 
224.551120 
224.523827 
224.496525 
224.469213 
224.441891 
224.414560 
224.387219 
224.359869 
224.332508 
224.305138 
224.277759 
224.250369 
224.222970 
224.195561 
224.168142 
224.140714 
224.113275 
224.085827 
224.058370 
224.030902 
224.003424 
223.975937 
223.948440 
223.920933 
223.893416 
223.865889 
223.838352 
223.810806 
223.783249 
223.755683 
223.728106 
223.700520 
223.672924 
223.645318 
223.617702 
223.590076 
223.562439 
223.534793 
223.507137 
223.479471 
223.451795 
223.424109 
223.396412 
223.368706 
223.340990 
223.313263 
223.285527 
223.257780 
223.230023 
223.202256 
223.174479 
223.146692 
223.118895 
223.091087 
223.063269 
223.035442 
223.007604 
222.979755 
222.951897 
222.924028 
222.896149 
222.868260 
222.840360 
222.812450 
222.784530 
222.756600 
222.728659 
222.700708 
222.672747 
222.644775 
222.616793 
222.588801 
222.560798 
222.532785 
222.504762 
222.476728 
222.448683 
222.420629 
222.392563 
222.364488 
222.336401 
222.308305 
222.280198 
222.252080 
222.223952 
222.195813 
222.167664 
222.139505 
222.111334 
222.083154 
222.054962 
222.026760 
221.998548 
221.970325 
221.942091 
221.913846 
221.885591 
221.857326 
221.829049 
221.800762 
221.772464 
221.744156 
221.715837 
221.687507 
221.659166 
221.630815 
221.602453 
221.574080 
221.545696 
221.517302 
221.488896 
221.460480 
221.432053 
221.403616 
221.375167 
221.346708 
221.318237 
221.289756 
221.261264 
221.232761 
221.204247 
221.175722 
221.147186 
221.118639 
221.090081 
221.061512 
221.032933 
221.004342 
220.975740 
220.947127 
220.918503 
220.889868 
220.861222 
220.832565 
220.803897 
220.775218 
220.746527 
220.717826 
220.689113 
220.660389 
220.631654 
220.602908 
220.574151 
220.545382 
220.516602 
220.487811 
220.459009 
220.430195 
220.401370 
220.372534 
220.343687 
220.314828 
220.285958 
220.257077 
220.228184 
220.199280 
220.170365 
220.141438 
220.112500 
220.083550 
220.054589 
220.025617 
219.996633 
219.967637 
219.938631 
219.909612 
219.880582 
219.851541 
219.822488 
219.793424 
219.764348 
219.735260 
219.706161 
219.677051 
219.647928 
219.618795 
219.589649 
219.560492 
219.531323 
219.502143 
219.472951 
219.443747 
219.414531 
219.385304 
219.356065 
219.326814 
219.297552 
219.268277 
219.238991 
219.209693 
219.180384 
219.151062 
219.121729 
219.092384 
219.063026 
219.033657 
219.004277 
218.974884 
218.945479 
218.916062 
218.886634 
218.857193 
218.827741 
218.798276 
218.768800 
218.739311 
218.709810 
218.680298 
218.650773 
218.621236 
218.591687 
218.562126 
218.532553 
218.502968 
218.473371 
218.443761 
218.414139 
218.384505 
218.354859 
218.325201 
218.295530 
218.265847 
218.236152 
218.206445 
218.176725 
218.146993 
218.117249 
218.087492 
218.057723 
218.027942 
217.998148 
217.968342 
217.938524 
217.908693 
217.878849 
217.848993 
217.819125 
217.789244 
217.759351 
217.729445 
217.699527 
217.669596 
217.639653 
217.609697 
217.579728 
217.549747 
217.519753 
217.489747 
217.459728 
217.429696 
217.399652 
217.369595 
217.339525 
217.309442 
217.279347 
217.249239 
217.219118 
217.188985 
217.158839 
217.128679 
217.098507 
217.068323 
217.038125 
217.007914 
216.977691 
216.947455 
216.917205 
216.886943 
216.856668 
216.826380 
216.796079 
216.765765 
216.735437 
216.705097 
216.674744 
216.644378 
216.613999 
216.583606 
216.553201 
216.522782 
216.492350 
216.461905 
216.431447 
216.400976 
216.370491 
216.339993 
216.309482 
216.278958 
216.248420 
216.217869 
216.187305 
216.156728 
216.126137 
216.095533 
216.064915 
216.034284 
216.003640 
215.972982 
215.942311 
215.911627 
215.880928 
215.850217 
215.819492 
215.788753 
215.758001 
215.727235 
215.696456 
215.665663 
215.634857 
215.604037 
215.573203 
215.542356 
215.511494 
215.480620 
215.449731 
215.418829 
215.387913 
215.356984 
215.326040 
215.295083 
215.264112 
215.233127 
215.202128 
215.171116 
215.140089 
215.109049 
215.077994 
215.046926 
215.015844 
214.984748 
214.953638 
214.922514 
214.891375 
214.860223 
214.829057 
214.797877 
214.766682 
214.735474 
214.704251 
214.673014 
214.641763 
214.610498 
214.579219 
214.547925 
214.516618 
214.485295 
214.453959 
214.422609 
214.391244 
214.359864 
214.328471 
214.297063 
214.265640 
214.234204 
214.202752 
214.171287 
214.139807 
214.108312 
214.076803 
214.045280 
214.013741 
213.982189 
213.950622 
213.919040 
213.887443 
213.855832 
213.824207 
213.792566 
213.760911 
213.729241 
213.697557 
213.665858 
213.634144 
213.602415 
213.570671 
213.538913 
213.507140 
213.475352 
213.443549 
213.411731 
213.379898 
213.348050 
213.316188 
213.284310 
213.252417 
213.220510 
213.188587 
213.156649 
213.124696 
213.092728 
213.060745 
213.028747 
212.996734 
212.964705 
212.932661 
212.900603 
212.868528 
212.836439 
212.804334 
212.772214 
212.740079 
212.707928 
212.675762 
212.643581 
212.611384 
212.579172 
212.546944 
212.514701 
212.482442 
212.450168 
212.417879 
212.385573 
212.353253 
212.320916 
212.288564 
212.256197 
212.223814 
212.191415 
212.159000 
212.126570 
212.094124 
212.061662 
212.029184 
211.996691 
211.964182 
211.931657 
211.899116 
211.866559 
211.833986 
211.801398 
211.768793 
211.736172 
211.703536 
211.670883 
211.638215 
211.605530 
211.572829 
211.540112 
211.507379 
211.474630 
211.441865 
211.409083 
211.376285 
211.343471 
211.310641 
211.277795 
211.244932 
211.212053 
211.179157 
211.146245 
211.113317 
211.080372 
211.047411 
211.014433 
210.981439 
210.948429 
210.915401 
210.882358 
210.849297 
210.816220 
210.783127 
210.750017 
210.716890 
210.683746 
210.650586 
210.617409 
210.584215 
210.551004 
210.517777 
210.484533 
210.451272 
210.417994 
210.384699 
210.351387 
210.318058 
210.284712 
210.251349 
210.217969 
210.184573 
210.151159 
210.117727 
210.084279 
210.050814 
210.017331 
209.983832 
209.950315 
209.916780 
209.883229 
209.849660 
209.816074 
209.782470 
209.748849 
209.715211 
209.681555 
209.647882 
209.614192 
209.580483 
209.546758 
209.513014 
209.479254 
209.445475 
209.411679 
209.377866 
209.344034 
209.310185 
209.276318 
209.242434 
209.208531 
209.174611 
209.140673 
209.106717 
209.072743 
209.038752 
209.004742 
208.970715 
208.936669 
208.902605 
208.868524 
208.834424 
208.800306 
208.766170 
208.732016 
208.697844 
208.663653 
208.629445 
208.595218 
208.560972 
208.526709 
208.492427 
208.458127 
208.423808 
208.389471 
208.355115 
208.320741 
208.286349 
208.251937 
208.217508 
208.183060 
208.148593 
208.114107 
208.079603 
208.045080 
208.010538 
207.975978 
207.941399 
207.906801 
207.872184 
207.837548 
207.802894 
207.768220 
207.733528 
207.698816 
207.664086 
207.629336 
207.594568 
207.559780 
207.524973 
207.490147 
207.455302 
207.420438 
207.385554 
207.350651 
207.315729 
207.280787 
207.245826 
207.210846 
207.175846 
207.140827 
207.105788 
207.070730 
207.035652 
207.000555 
206.965438 
206.930301 
206.895145 
206.859969 
206.824774 
206.789558 
206.754323 
206.719068 
206.683793 
206.648498 
206.613184 
206.577849 
206.542494 
206.507120 
206.471725 
206.436310 
206.400876 
206.365421 
206.329946 
206.294450 
206.258935 
206.223399 
206.187843 
206.152267 
206.116670 
206.081053 
206.045415 
206.009757 
205.974079 
205.938380 
205.902660 
205.866920 
205.831159 
205.795378 
205.759576 
205.723753 
205.687909 
205.652045 
205.616160 
205.580254 
205.544327 
205.508379 
205.472411 
205.436421 
205.400410 
205.364379 
205.328326 
205.292252 
205.256157 
205.220040 
205.183903 
205.147744 
205.111564 
205.075363 
205.039140 
205.002896 
204.966631 
204.930344 
204.894035 
204.857705 
204.821354 
204.784980 
204.748586 
204.712169 
204.675731 
204.639271 
204.602789 
204.566286 
204.529760 
204.493213 
204.456644 
204.420053 
204.383440 
204.346805 
204.310147 
204.273468 
204.236767 
204.200043 
204.163297 
204.126529 
204.089739 
204.052926 
204.016091 
203.979233 
203.942354 
203.905451 
203.868526 
203.831579 
203.794609 
203.757616 
203.720601 
203.683563 
203.646502 
203.609419 
203.572312 
203.535183 
203.498031 
203.460856 
203.423658 
203.386437 
203.349193 
203.311926 
203.274635 
203.237322 
203.199985 
203.162625 
203.125242 
203.087836 
203.050406 
203.012952 
202.975476 
202.937975 
202.900452 
202.862904 
202.825333 
202.787739 
202.750121 
202.712479 
202.674813 
202.637123 
202.599410 
202.561673 
202.523911 
202.486126 
202.448317 
202.410484 
202.372626 
202.334745 
202.296839 
202.258909 
202.220955 
202.182976 
202.144973 
202.106946 
202.068894 
202.030818 
201.992717 
201.954592 
201.916442 
201.878267 
201.840068 
201.801844 
201.763595 
201.725321 
201.687022 
201.648699 
201.610351 
201.571977 
201.533579 
201.495155 
201.456706 
201.418232 
201.379733 
201.341208 
201.302659 
201.264083 
201.225483 
201.186857 
201.148205 
201.109528 
201.070825 
201.032097 
200.993343 
200.954563 
200.915757 
200.876926 
200.838069 
200.799185 
200.760276 
200.721341 
200.682380 
200.643392 
200.604379 
200.565339 
200.526273 
200.487180 
200.448062 
200.408917 
200.369745 
200.330547 
200.291322 
200.252071 
200.212793 
200.173489 
200.134157 
200.094799 
200.055414 
200.016002 
199.976563 
199.937097 
199.897605 
199.858085 
199.818537 
199.778963 
199.739361 
199.699733 
199.660076 
199.620393 
199.580682 
199.540943 
199.501177 
199.461383 
199.421561 
199.381712 
199.341835 
199.301931 
199.261998 
199.222037 
199.182049 
199.142032 
199.101988 
199.061915 
199.021814 
198.981684 
198.941527 
198.901341 
198.861127 
198.820884 
198.780613 
198.740313 
198.699984 
198.659627 
198.619241 
198.578826 
198.538383 
198.497910 
198.457409 
198.416878 
198.376318 
198.335730 
198.295112 
198.254465 
198.213788 
198.173082 
198.132347 
198.091582 
198.050788 
198.009964 
197.969111 
197.928227 
197.887315 
197.846372 
197.805399 
197.764396 
197.723364 
197.682301 
197.641208 
197.600085 
197.558932 
197.517748 
197.476534 
197.435290 
197.394015 
197.352710 
197.311374 
197.270007 
197.228609 
197.187181 
197.145722 
197.104232 
197.062711 
197.021159 
196.979576 
196.937962 
196.896316 
196.854639 
196.812931 
196.771192 
196.729421 
196.687618 
196.645784 
196.603918 
196.562020 
196.520091 
196.478129 
196.436136 
196.394111 
196.352053 
196.309964 
196.267842 
196.225688 
196.183502 
196.141283 
196.099032 
196.056748 
196.014432 
195.972082 
195.929701 
195.887286 
195.844839 
195.802358 
195.759845 
195.717298 
195.674718 
195.632106 
195.589459 
195.546780 
195.504067 
195.461320 
195.418540 
195.375726 
195.332879 
195.289997 
195.247082 
195.204133 
195.161150 
195.118133 
195.075082 
195.031996 
194.988876 
194.945722 
194.902533 
194.859310 
194.816052 
194.772760 
194.729432 
194.686070 
194.642673 
194.599242 
194.555775 
194.512272 
194.468735 
194.425163 
194.381555 
194.337911 
194.294232 
194.250518 
194.206768 
194.162982 
194.119160 
194.075303 
194.031409 
193.987479 
193.943514 
193.899512 
193.855473 
193.811399 
193.767287 
193.723140 
193.678955 
193.634734 
193.590477 
193.546182 
193.501850 
193.457482 
193.413076 
193.368633 
193.324153 
193.279635 
193.235080 
193.190487 
193.145857 
193.101189 
193.056484 
193.011740 
192.966958 
192.922139 
192.877281 
192.832385 
192.787451 
192.742478 
192.697467 
192.652417 
192.607329 
192.562201 
192.517035 
192.471831 
192.426587 
192.381303 
192.335981 
192.290620 
192.245219 
192.199778 
192.154298 
192.108778 
192.063219 
192.017620 
191.971981 
191.926301 
191.880582 
191.834822 
191.789022 
191.743182 
191.697301 
191.651380 
191.605418 
191.559415 
191.513371 
191.467286 
191.421160 
191.374993 
191.328785 
191.282535 
191.236244 
191.189911 
191.143536 
191.097120 
191.050662 
191.004162 
190.957620 
190.911035 
190.864409 
190.817740 
190.771028 
190.724274 
190.677477 
190.630637 
190.583755 
190.536829 
190.489860 
190.442848 
190.395793 
190.348694 
190.301552 
190.254366 
190.207137 
190.159863 
190.112546 
190.065184 
190.017778 
189.970328 
189.922834 
189.875295 
189.827711 
189.780083 
189.732409 
189.684691 
189.636928 
189.589119 
189.541266 
189.493366 
189.445422 
189.397431 
189.349395 
189.301313 
189.253185 
189.205010 
189.156790 
189.108523 
189.060210 
189.011850 
188.963443 
188.914990 
188.866489 
188.817942 
188.769347 
188.720705 
188.672016 
188.623279 
188.574494 
188.525661 
188.476781 
188.427852 
188.378876 
188.329850 
188.280777 
188.231655 
188.182484 
188.133265 
188.083996 
188.034678 
187.985312 
187.935895 
187.886430 
187.836915 
187.787350 
187.737735 
187.688070 
187.638355 
187.588590 
187.538774 
187.488908 
187.438991 
187.389023 
187.339005 
187.288935 
187.238814 
187.188642 
187.138418 
187.088142 
187.037815 
186.987436 
186.937005 
186.886521 
186.835985 
186.785397 
186.734756 
186.684062 
186.633315 
186.582516 
186.531663 
186.480756 
186.429797 
186.378783 
186.327716 
186.276594 
186.225419 
186.174189 
186.122905 
186.071566 
186.020173 
185.968724 
185.917221 
185.865662 
185.814048 
185.762379 
185.710654 
185.658873 
185.607036 
185.555143 
185.503193 
185.451188 
185.399125 
185.347006 
185.294830 
185.242596 
185.190306 
185.137958 
185.085552 
185.033088 
184.980567 
184.927987 
184.875350 
184.822653 
184.769898 
184.717085 
184.664212 
184.611280 
184.558289 
184.505238 
184.452128 
184.398958 
184.345728 
184.292437 
184.239086 
184.185675 
184.132203 
184.078670 
184.025076 
183.971420 
183.917703 
183.863924 
183.810084 
183.756181 
183.702217 
183.648190 
183.594100 
183.539947 
183.485732 
183.431453 
183.377111 
183.322705 
183.268236 
183.213702 
183.159105 
183.104443 
183.049716 
182.994925 
182.940069 
182.885147 
182.830161 
182.775108 
182.719990 
182.664806 
182.609556 
182.554239 
182.498856 
182.443406 
182.387889 
182.332305 
182.276653 
182.220933 
182.165146 
182.109291 
182.053367 
181.997375 
181.941314 
181.885184 
181.828984 
181.772716 
181.716377 
181.659969 
181.603491 
181.546942 
181.490323 
181.433633 
181.376872 
181.320040 
181.263137 
181.206161 
181.149114 
181.091994 
181.034802 
180.977537 
180.920200 
180.862789 
180.805305 
180.747747 
180.690115 
180.632409 
180.574629 
180.516774 
180.458844 
180.400839 
180.342759 
180.284603 
180.226371 
180.168063 
180.109678 
180.051217 
179.992679 
179.934063 
179.875371 
179.816600 
179.757751 
179.698824 
179.639818 
179.580734 
179.521570 
179.462327 
179.403005 
179.343602 
179.284119 
179.224556 
179.164912 
179.105187 
179.045380 
178.985492 
178.925522 
178.865469 
178.805334 
178.745116 
178.684815 
178.624431 
178.563963 
178.503411 
178.442774 
178.382053 
178.321247 
178.260356 
178.199379 
178.138316 
178.077167 
178.015932 
177.954609 
177.893200 
177.831703 
177.770118 
177.708445 
177.646684 
177.584834 
177.522895 
177.460866 
177.398748 
177.336539 
177.274240 
177.211850 
177.149369 
177.086797 
177.024133 
176.961376 
176.898527 
176.835585 
176.772550 
176.709422 
176.646199 
176.582882 
176.519470 
176.455964 
176.392361 
176.328663 
176.264869 
176.200979 
176.136991 
176.072906 
176.008723 
175.944443 
175.880064 
175.815586 
175.751008 
175.686331 
175.621555 
175.556677 
175.491699 
175.426619 
175.361438 
175.296155 
175.230769 
175.165281 
175.099689 
175.033993 
174.968194 
174.902289 
174.836280 
174.770165 
174.703944 
174.637617 
174.571183 
174.504642 
174.437994 
174.371237 
174.304371 
174.237397 
174.170313 
174.103120 
174.035815 
173.968400 
173.900874 
173.833236 
173.765485 
173.697622 
173.629646 
173.561556 
173.493351 
173.425032 
173.356598 
173.288048 
173.219381 
173.150598 
173.081698 
173.012680 
172.943544 
172.874289 
172.804914 
172.735420 
172.665805 
172.596070 
172.526213 
172.456234 
172.386132 
172.315907 
172.245559 
172.175087 
172.104489 
172.033767 
171.962918 
171.891943 
171.820841 
171.749611 
171.678253 
171.606766 
171.535150 
171.463403 
171.391526 
171.319518 
171.247378 
171.175105 
171.102699 
171.030160 
170.957486 
170.884677 
170.811733 
170.738652 
170.665434 
170.592079 
170.518585 
170.444952 
170.371180 
170.297268 
170.223214 
170.149019 
170.074681 
170.000201 
169.925576 
169.850808 
169.775894 
169.700834 
169.625627 
169.550273 
169.474771 
169.399120 
169.323320 
169.247369 
169.171267 
169.095013 
169.018607 
168.942047 
168.865333 
168.788463 
168.711438 
168.634257 
168.556918 
168.479420 
168.401764 
168.323948 
168.245970 
168.167832 
168.089531 
168.011066 
167.932437 
167.853644 
167.774684 
167.695558 
167.616263 
167.536800 
167.457168 
167.377365 
167.297391 
167.217244 
167.136924 
167.056430 
166.975761 
166.894915 
166.813892 
166.732692 
166.651312 
166.569751 
166.488010 
166.406087 
166.323980 
166.241689 
166.159213 
166.076551 
165.993701 
165.910662 
165.827434 
165.744015 
165.660405 
165.576601 
165.492604 
165.408411 
165.324022 
165.239436 
165.154650 
165.069665 
164.984479 
164.899091 
164.813499 
164.727702 
164.641700 
164.555490 
164.469072 
164.382444 
164.295606 
164.208554 
164.121289 
164.033810 
163.946114 
163.858200 
163.770067 
163.681714 
163.593139 
163.504341 
163.415318 
163.326069 
163.236593 
163.146888 
163.056952 
162.966784 
162.876383 
162.785747 
162.694874 
162.603763 
162.512413 
162.420821 
162.328987 
162.236908 
162.144583 
162.052010 
161.959188 
161.866114 
161.772788 
161.679207 
161.585370 
161.491274 
161.396919 
161.302302 
161.207421 
161.112276 
161.016862 
160.921180 
160.825227 
160.729001 
160.632499 
160.535721 
160.438664 
160.341326 
160.243706 
160.145800 
160.047607 
159.949124 
159.850351 
159.751284 
159.651921 
159.552260 
159.452299 
159.352035 
159.251467 
159.150592 
159.049407 
158.947911 
158.846100 
158.743973 
158.641526 
158.538758 
158.435666 
158.332247 
158.228499 
158.124419 
158.020004 
157.915252 
157.810160 
157.704725 
157.598945 
157.492816 
157.386336 
157.279502 
157.172311 
157.064760 
156.956846 
156.848565 
156.739915 
156.630893 
156.521495 
156.411719 
156.301560 
156.191016 
156.080083 
155.968758 
155.857037 
155.744917 
155.632394 
155.519465 
155.406127 
155.292374 
155.178204 
155.063613 
154.948596 
154.833151 
154.717272 
154.600956 
154.484200 
154.366998 
154.249346 
154.131240 
154.012676 
153.893650 
153.774157 
153.654191 
153.533750 
153.412828 
153.291419 
153.169521 
153.047126 
152.924232 
152.800831 
152.676920 
152.552493 
152.427544 
152.302069 
152.176062 
152.049516 
151.922428 
151.794790 
151.666596 
151.537842 
151.408520 
151.278625 
151.148150 
151.017089 
150.885436 
150.753183 
150.620324 
150.486853 
150.352761 
150.218043 
150.082690 
149.946696 
149.810053 
149.672753 
149.534788 
149.396151 
149.256833 
149.116827 
148.976124 
148.834715 
148.692591 
148.549744 
148.406164 
148.261843 
148.116771 
147.970938 
147.824335 
147.676951 
147.528776 
147.379800 
147.230012 
147.079401 
146.927957 
146.775667 
146.622520 
146.468505 
146.313609 
146.157820 
146.001125 
145.843511 
145.684966 
145.525475 
145.365025 
145.203601 
145.041190 
144.877776 
144.713344 
144.547878 
144.381364 
144.213783 
144.045121 
143.875359 
143.704480 
143.532466 
143.359299 
143.184960 
143.009429 
142.832686 
142.654711 
142.475484 
142.294982 
142.113183 
141.930065 
141.745604 
141.559776 
141.372557 
141.183921 
140.993841 
140.802292 
140.609245 
140.414672 
140.218543 
140.020829 
139.821497 
139.620516 
139.417852 
139.213472 
139.007339 
138.799418 
138.589670 
138.378057 
138.164538 
137.949071 
137.731614 
137.512121 
137.290547 
137.066843 
136.840960 
136.612847 
136.382449 
136.149712 
135.914577 
135.676985 
135.436875 
135.194180 
134.948833 
134.700766 
134.449903 
134.196170 
133.939486 
133.679769 
133.416931 
133.150883 
132.881529 
132.608770 
132.332501 
132.052615 
131.768995 
131.481523 
131.190071 
130.894506 
130.594689 
130.290471 
129.981696 
129.668201 
129.349809 
129.026338 
128.697590 
128.363360 
128.023426 
127.677552 
127.325490 
126.966970 
126.601709 
126.229400 
125.849715 
125.462302 
125.066780 
124.662740 
124.249740 
123.827300 
123.394899 
122.951969 
122.497893 
122.031991 
121.553519 
121.061657 
120.555499 
120.034038 
119.496154 
118.940591 
118.365940 
117.770608 
117.152783 
116.510395 
115.841062 
115.142020 
114.410039 
113.641305 
112.831274 
111.974458 
111.064149 
110.092014 
109.047509 
107.917005 
106.682417 
105.318977 
103.791361 
102.046506 
99.998873 
97.495852 
94.217987 
89.262427 
75.392678 
NaN
NaN
NaN
NaN
NaN
NaN
NaN
NaN
NaN
NaN
NaN
NaN
NaN
NaN
NaN
NaN
NaN
NaN
NaN
NaN
NaN
NaN
NaN
NaN
NaN
NaN
NaN
NaN
NaN
NaN
NaN
NaN
NaN
NaN
NaN
