118.050903 
118.036423 
118.021942 
118.007461 
117.992981 
117.978500 
117.964019 
117.949539 
117.935058 
117.920577 
117.906097 
117.891616 
117.877135 
117.862655 
117.848174 
117.833693 
117.819213 
117.804732 
117.790252 
117.775771 
117.761290 
117.746810 
117.732329 
117.717848 
117.703368 
117.688887 
117.674406 
117.659926 
117.645445 
117.630964 
117.616484 
117.602003 
117.587522 
117.573042 
117.558561 
117.544080 
117.529600 
117.515119 
117.500638 
117.486158 
117.471677 
117.457196 
117.442716 
117.428235 
117.413754 
117.399274 
117.384793 
117.370313 
117.355832 
117.341351 
117.326871 
117.312390 
117.297909 
117.283429 
117.268948 
117.254467 
117.239987 
117.225506 
117.211025 
117.196545 
117.182064 
117.167583 
117.153103 
117.138622 
117.124141 
117.109661 
117.095180 
117.080699 
117.066219 
117.051738 
117.037257 
117.022777 
117.008296 
116.993815 
116.979335 
116.964854 
116.950374 
116.935893 
116.921412 
116.906932 
116.892451 
116.877970 
116.863490 
116.849009 
116.834528 
116.820048 
116.805567 
116.791086 
116.776606 
116.762125 
116.747644 
116.733164 
116.718683 
116.704202 
116.689722 
116.675241 
116.660760 
116.646280 
116.631799 
116.617318 
116.602838 
116.588357 
116.573877 
116.559396 
116.544915 
116.530435 
116.515954 
116.501473 
116.486993 
116.472512 
116.458031 
116.443551 
116.429070 
116.414589 
116.400109 
116.385628 
116.371147 
116.356667 
116.342186 
116.327705 
116.313225 
116.298744 
116.284263 
116.269783 
116.255302 
116.240821 
116.226341 
116.211860 
116.197379 
116.182899 
116.168418 
116.153938 
116.139457 
116.124976 
116.110496 
116.096015 
116.081534 
116.067054 
116.052573 
116.038092 
116.023612 
116.009131 
115.994650 
115.980170 
115.965689 
115.951208 
115.936728 
115.922247 
115.907766 
115.893286 
115.878805 
115.864324 
115.849844 
115.835363 
115.820882 
115.806402 
115.791921 
115.777440 
115.762960 
115.748479 
115.733999 
115.719518 
115.705037 
115.690557 
115.676076 
115.661595 
115.647115 
115.632634 
115.618153 
115.603673 
115.589192 
115.574711 
115.560231 
115.545750 
115.531269 
115.516789 
115.502308 
115.487827 
115.473347 
115.458866 
115.444385 
115.429905 
115.415424 
115.400943 
115.386463 
115.371982 
115.357501 
115.343021 
115.328540 
115.314060 
115.299579 
115.285098 
115.270618 
115.256137 
115.241656 
115.227176 
115.212695 
115.198214 
115.183734 
115.169253 
115.154772 
115.140292 
115.125811 
115.111330 
115.096850 
115.082369 
115.067888 
115.053408 
115.038927 
115.024446 
115.009966 
114.995485 
114.981004 
114.966524 
114.952043 
114.937562 
114.923082 
114.908601 
114.894121 
114.879640 
114.865159 
114.850679 
114.836198 
114.821717 
114.807237 
114.792756 
114.778275 
114.763795 
114.749314 
114.734833 
114.720353 
114.705872 
114.691391 
114.676911 
114.662430 
114.647949 
114.633469 
114.618988 
114.604507 
114.590027 
114.575546 
114.561065 
114.546585 
114.532104 
114.517623 
114.503143 
114.488662 
114.474182 
114.459701 
114.445220 
114.430740 
114.416259 
114.401778 
114.387298 
114.372817 
114.358336 
114.343856 
114.329375 
114.314894 
114.300414 
114.285933 
114.271452 
114.256972 
114.242491 
114.228010 
114.213530 
114.199049 
114.184568 
114.170088 
114.155607 
114.141126 
114.126646 
114.112165 
114.097684 
114.083204 
114.068723 
114.054243 
114.039762 
114.025281 
114.010801 
113.996320 
113.981839 
113.967359 
113.952878 
113.938397 
113.923917 
113.909436 
113.894955 
113.880475 
113.865994 
113.851513 
113.837033 
113.822552 
113.808071 
113.793591 
113.779110 
113.764629 
113.750149 
113.735668 
113.721187 
113.706707 
113.692226 
113.677745 
113.663265 
113.648784 
113.634304 
113.619823 
113.605342 
113.590862 
113.576381 
113.561900 
113.547420 
113.532939 
113.518458 
113.503978 
113.489497 
113.475016 
113.460536 
113.446055 
113.431574 
113.417094 
113.402613 
113.388132 
113.373652 
113.359171 
113.344690 
113.330210 
113.315729 
113.301248 
113.286768 
113.272287 
113.257806 
113.243326 
113.228845 
113.214365 
113.199884 
113.185403 
113.170923 
113.156442 
113.141961 
113.127481 
113.113000 
113.098519 
113.084039 
113.069558 
113.055077 
113.040597 
113.026116 
113.011635 
112.997155 
112.982674 
112.968193 
112.953713 
112.939232 
112.924751 
112.910271 
112.895790 
112.881309 
112.866829 
112.852348 
112.837867 
112.823387 
112.808906 
112.794426 
112.779945 
112.765464 
112.750984 
112.736503 
112.722022 
112.707542 
112.693061 
112.678580 
112.664100 
112.649619 
112.635138 
112.620658 
112.606177 
112.591696 
112.577216 
112.562735 
112.548254 
112.533774 
112.519293 
112.504812 
112.490332 
112.475851 
112.461370 
112.446890 
112.432409 
112.417928 
112.403448 
112.388967 
112.374487 
112.360006 
112.345525 
112.331045 
112.316564 
112.302083 
112.287603 
112.273122 
112.258641 
112.244161 
112.229680 
112.215199 
112.200719 
112.186238 
112.171757 
112.157277 
112.142796 
112.128315 
112.113835 
112.099354 
112.084873 
112.070393 
112.055912 
112.041431 
112.026951 
112.012470 
111.997989 
111.983509 
111.969028 
111.954548 
111.940067 
111.925586 
111.911106 
111.896625 
111.882144 
111.867664 
111.853183 
111.838702 
111.824222 
111.809741 
111.795260 
111.780780 
111.766299 
111.751818 
111.737338 
111.722857 
111.708376 
111.693896 
111.679415 
111.664934 
111.650454 
111.635973 
111.621492 
111.607012 
111.592531 
111.578050 
111.563570 
111.549089 
111.534609 
111.520128 
111.505647 
111.491167 
111.476686 
111.462205 
111.447725 
111.433244 
111.418763 
111.404283 
111.389802 
111.375321 
111.360841 
111.346360 
111.331879 
111.317399 
111.302918 
111.288437 
111.273957 
111.259476 
111.244995 
111.230515 
111.216034 
111.201553 
111.187073 
111.172592 
111.158112 
111.143631 
111.129150 
111.114670 
111.100189 
111.085708 
111.071228 
111.056747 
111.042266 
111.027786 
111.013305 
110.998824 
110.984344 
110.969863 
110.955382 
110.940902 
110.926421 
110.911940 
110.897460 
110.882979 
110.868498 
110.854018 
110.839537 
110.825056 
110.810576 
110.796095 
110.781614 
110.767134 
110.752653 
110.738173 
110.723692 
110.709211 
110.694731 
110.680250 
110.665769 
110.651289 
110.636808 
110.622327 
110.607847 
110.593366 
110.578885 
110.564405 
110.549924 
110.535443 
110.520963 
110.506482 
110.492001 
110.477521 
110.463040 
110.448559 
110.434079 
110.419598 
110.405117 
110.390637 
110.376156 
110.361675 
110.347195 
110.332714 
110.318234 
110.303753 
110.289272 
110.274792 
110.260311 
110.245830 
110.231350 
110.216869 
110.202388 
110.187908 
110.173427 
110.158946 
110.144466 
110.129985 
110.115504 
110.101024 
110.086543 
110.072062 
110.057582 
110.043101 
110.028620 
110.014140 
109.999659 
109.985178 
109.970698 
109.956217 
109.941736 
109.927256 
109.912775 
109.898295 
109.883814 
109.869333 
109.854853 
109.840372 
109.825891 
109.811411 
109.796930 
109.782449 
109.767969 
109.753488 
109.739007 
109.724527 
109.710046 
109.695565 
109.681085 
109.666604 
109.652123 
109.637643 
109.623162 
109.608681 
109.594201 
109.579720 
109.565239 
109.550759 
109.536278 
109.521797 
109.507317 
109.492836 
109.478356 
109.463875 
109.449394 
109.434914 
109.420433 
109.405952 
109.391472 
109.376991 
109.362510 
109.348030 
109.333549 
109.319068 
109.304588 
109.290107 
109.275626 
109.261146 
109.246665 
109.232184 
109.217704 
109.203223 
109.188742 
109.174262 
109.159781 
109.145300 
109.130820 
109.116339 
109.101858 
109.087378 
109.072897 
109.058417 
109.043936 
109.029455 
109.014975 
109.000494 
108.986013 
108.971533 
108.957052 
108.942571 
108.928091 
108.913610 
108.899129 
108.884649 
108.870168 
108.855687 
108.841207 
108.826726 
108.812245 
108.797765 
108.783284 
108.768803 
108.754323 
108.739842 
108.725361 
108.710881 
108.696400 
108.681919 
108.667439 
108.652958 
108.638478 
108.623997 
108.609516 
108.595036 
108.580555 
108.566074 
108.551594 
108.537113 
108.522632 
108.508152 
108.493671 
108.479190 
108.464710 
108.450229 
108.435748 
108.421268 
108.406787 
108.392306 
108.377826 
108.363345 
108.348864 
108.334384 
108.319903 
108.305422 
108.290942 
108.276461 
108.261980 
108.247500 
108.233019 
108.218539 
108.204058 
108.189577 
108.175097 
108.160616 
108.146135 
108.131655 
108.117174 
108.102693 
108.088213 
108.073732 
108.059251 
108.044771 
108.030290 
108.015809 
108.001329 
107.986848 
107.972367 
107.957887 
107.943406 
107.928925 
107.914445 
107.899964 
107.885483 
107.871003 
107.856522 
107.842041 
107.827561 
107.813080 
107.798600 
107.784119 
107.769638 
107.755158 
107.740677 
107.726196 
107.711716 
107.697235 
107.682754 
107.668274 
107.653793 
107.639312 
107.624832 
107.610351 
107.595870 
107.581390 
107.566909 
107.552428 
107.537948 
107.523467 
107.508986 
107.494506 
107.480025 
107.465544 
107.451064 
107.436583 
107.422102 
107.407622 
107.393141 
107.378661 
107.364180 
107.349699 
107.335219 
107.320738 
107.306257 
107.291777 
107.277296 
107.262815 
107.248335 
107.233854 
107.219373 
107.204893 
107.190412 
107.175931 
107.161451 
107.146970 
107.132489 
107.118009 
107.103528 
107.089047 
107.074567 
107.060086 
107.045605 
107.031125 
107.016644 
107.002163 
106.987683 
106.973202 
106.958722 
106.944241 
106.929760 
106.915280 
106.900799 
106.886318 
106.871838 
106.857357 
106.842876 
106.828396 
106.813915 
106.799434 
106.784954 
106.770473 
106.755992 
106.741512 
106.727031 
106.712550 
106.698070 
106.683589 
106.669108 
106.654628 
106.640147 
106.625666 
106.611186 
106.596705 
106.582224 
106.567744 
106.553263 
106.538783 
106.524302 
106.509821 
106.495341 
106.480860 
106.466379 
106.451899 
106.437418 
106.422937 
106.408457 
106.393976 
106.379495 
106.365015 
106.350534 
106.336053 
106.321573 
106.307092 
106.292611 
106.278131 
106.263650 
106.249169 
106.234689 
106.220208 
106.205727 
106.191247 
106.176766 
106.162285 
106.147805 
106.133324 
106.118844 
106.104363 
106.089882 
106.075402 
106.060921 
106.046440 
106.031960 
106.017479 
106.002998 
105.988518 
105.974037 
105.959556 
105.945076 
105.930595 
105.916114 
105.901634 
105.887153 
105.872672 
105.858192 
105.843711 
105.829230 
105.814750 
105.800269 
105.785788 
105.771308 
105.756827 
105.742347 
105.727866 
105.713385 
105.698905 
105.684424 
105.669943 
105.655463 
105.640982 
105.626501 
105.612021 
105.597540 
105.583059 
105.568579 
105.554098 
105.539617 
105.525137 
105.510656 
105.496175 
105.481695 
105.467214 
105.452733 
105.438253 
105.423772 
105.409291 
105.394811 
105.380330 
105.365849 
105.351369 
105.336888 
105.322408 
105.307927 
105.293446 
105.278966 
105.264485 
105.250004 
105.235524 
105.221043 
105.206562 
105.192082 
105.177601 
105.163120 
105.148640 
105.134159 
105.119678 
105.105198 
105.090717 
105.076236 
105.061756 
105.047275 
105.032794 
105.018314 
105.003833 
104.989352 
104.974872 
104.960391 
104.945910 
104.931430 
104.916949 
104.902469 
104.887988 
104.873507 
104.859027 
104.844546 
104.830065 
104.815585 
104.801104 
104.786623 
104.772143 
104.757662 
104.743181 
104.728701 
104.714220 
104.699739 
104.685259 
104.670778 
104.656297 
104.641817 
104.627336 
104.612855 
104.598375 
104.583894 
104.569413 
104.554933 
104.540452 
104.525971 
104.511491 
104.497010 
104.482530 
104.468049 
104.453568 
104.439088 
104.424607 
104.410126 
104.395646 
104.381165 
104.366684 
104.352204 
104.337723 
104.323242 
104.308762 
104.294281 
104.279800 
104.265320 
104.250839 
104.236358 
104.221878 
104.207397 
104.192916 
104.178436 
104.163955 
104.149474 
104.134994 
104.120513 
104.106032 
104.091552 
104.077071 
104.062591 
104.048110 
104.033629 
104.019149 
104.004668 
103.990187 
103.975707 
103.961226 
103.946745 
103.932265 
103.917784 
103.903303 
103.888823 
103.874342 
103.859861 
103.845381 
103.830900 
103.816419 
103.801939 
103.787458 
103.772977 
103.758497 
103.744016 
103.729535 
103.715055 
103.700574 
103.686093 
103.671613 
103.657132 
103.642652 
103.628171 
103.613690 
103.599210 
103.584729 
103.570248 
103.555768 
103.541287 
103.526806 
103.512326 
103.497845 
103.483364 
103.468884 
103.454403 
103.439922 
103.425442 
103.410961 
103.396480 
103.382000 
103.367519 
103.353038 
103.338558 
103.324077 
103.309596 
103.295116 
103.280635 
103.266154 
103.251674 
103.237193 
103.222713 
103.208232 
103.193751 
103.179271 
103.164790 
103.150309 
103.135829 
103.121348 
103.106867 
103.092387 
103.077906 
103.063425 
103.048945 
103.034464 
103.019983 
103.005503 
102.991022 
102.976541 
102.962061 
102.947580 
102.933099 
102.918619 
102.904138 
102.889657 
102.875177 
102.860696 
102.846215 
102.831735 
102.817254 
102.802774 
102.788293 
102.773812 
102.759332 
102.744851 
102.730370 
102.715890 
102.701409 
102.686928 
102.672448 
102.657967 
102.643486 
102.629006 
102.614525 
102.600044 
102.585564 
102.571083 
102.556602 
102.542122 
102.527641 
102.513160 
102.498680 
102.484199 
102.469718 
102.455238 
102.440757 
102.426276 
102.411796 
102.397315 
102.382835 
102.368354 
102.353873 
102.339393 
102.324912 
102.310431 
102.295951 
102.281470 
102.266989 
102.252509 
102.238028 
102.223547 
102.209067 
102.194586 
102.180105 
102.165625 
102.151144 
102.136663 
102.122183 
102.107702 
102.093221 
102.078741 
102.064260 
102.049779 
102.035299 
102.020818 
102.006337 
101.991857 
101.977376 
101.962896 
101.948415 
101.933934 
101.919454 
101.904973 
101.890492 
101.876012 
101.861531 
101.847050 
101.832570 
101.818089 
101.803608 
101.789128 
101.774647 
101.760166 
101.745686 
101.731205 
101.716724 
101.702244 
101.687763 
101.673282 
101.658802 
101.644321 
101.629840 
101.615360 
101.600879 
101.586398 
101.571918 
101.557437 
101.542957 
101.528476 
101.513995 
101.499515 
101.485034 
101.470553 
101.456073 
101.441592 
101.427111 
101.412631 
101.398150 
101.383669 
101.369189 
101.354708 
101.340227 
101.325747 
101.311266 
101.296785 
101.282305 
101.267824 
101.253343 
101.238863 
101.224382 
101.209901 
101.195421 
101.180940 
101.166459 
101.151979 
101.137498 
101.123018 
101.108537 
101.094056 
101.079576 
101.065095 
101.050614 
101.036134 
101.021653 
101.007172 
100.992692 
100.978211 
100.963730 
100.949250 
100.934769 
100.920288 
100.905808 
100.891327 
100.876846 
100.862366 
100.847885 
100.833404 
100.818924 
100.804443 
100.789962 
100.775482 
100.761001 
100.746520 
100.732040 
100.717559 
100.703079 
100.688598 
100.674117 
100.659637 
100.645156 
100.630675 
100.616195 
100.601714 
100.587233 
100.572753 
100.558272 
100.543791 
100.529311 
100.514830 
100.500349 
100.485869 
100.471388 
100.456907 
100.442427 
100.427946 
100.413465 
100.398985 
100.384504 
100.370023 
100.355543 
100.341062 
100.326582 
100.312101 
100.297620 
100.283140 
100.268659 
100.254178 
100.239698 
100.225217 
100.210736 
100.196256 
100.181775 
100.167294 
100.152814 
100.138333 
100.123852 
100.109372 
100.094891 
100.080410 
100.065930 
100.051449 
100.036968 
100.022488 
100.008007 
99.993526 
99.979046 
99.964565 
99.950084 
99.935604 
99.921123 
99.906643 
99.892162 
99.877681 
99.863201 
99.848720 
99.834239 
99.819759 
99.805278 
99.790797 
99.776317 
99.761836 
99.747355 
99.732875 
99.718394 
99.703913 
99.689433 
99.674952 
99.660471 
99.645991 
99.631510 
99.617029 
99.602549 
99.588068 
99.573587 
99.559107 
99.544626 
99.530145 
99.515665 
99.501184 
99.486704 
99.472223 
99.457742 
99.443262 
99.428781 
99.414300 
99.399820 
99.385339 
99.370858 
99.356378 
99.341897 
99.327416 
99.312936 
99.298455 
99.283974 
99.269494 
99.255013 
99.240532 
99.226052 
99.211571 
99.197090 
99.182610 
99.168129 
99.153648 
99.139168 
99.124687 
99.110206 
99.095726 
99.081245 
99.066765 
99.052284 
99.037803 
99.023323 
99.008842 
98.994361 
98.979881 
98.965400 
98.950919 
98.936439 
98.921958 
98.907477 
98.892997 
98.878516 
98.864035 
98.849555 
98.835074 
98.820593 
98.806113 
98.791632 
98.777151 
98.762671 
98.748190 
98.733709 
98.719229 
98.704748 
98.690267 
98.675787 
98.661306 
98.646826 
98.632345 
98.617864 
98.603384 
98.588903 
98.574422 
98.559942 
98.545461 
98.530980 
98.516500 
98.502019 
98.487538 
98.473058 
98.458577 
98.444096 
98.429616 
98.415135 
98.400654 
98.386174 
98.371693 
98.357212 
98.342732 
98.328251 
98.313770 
98.299290 
98.284809 
98.270328 
98.255848 
98.241367 
98.226887 
98.212406 
98.197925 
98.183445 
98.168964 
98.154483 
98.140003 
98.125522 
98.111041 
98.096561 
98.082080 
98.067599 
98.053119 
98.038638 
98.024157 
98.009677 
97.995196 
97.980715 
97.966235 
97.951754 
97.937273 
97.922793 
97.908312 
97.893831 
97.879351 
97.864870 
97.850389 
97.835909 
97.821428 
97.806948 
97.792467 
97.777986 
97.763506 
97.749025 
97.734544 
97.720064 
97.705583 
97.691102 
97.676622 
97.662141 
97.647660 
97.633180 
97.618699 
97.604218 
97.589738 
97.575257 
97.560776 
97.546296 
97.531815 
97.517334 
97.502854 
97.488373 
97.473892 
97.459412 
97.444931 
97.430450 
97.415970 
97.401489 
97.387009 
97.372528 
97.358047 
97.343567 
97.329086 
97.314605 
97.300125 
97.285644 
97.271163 
97.256683 
97.242202 
97.227721 
97.213241 
97.198760 
97.184279 
97.169799 
97.155318 
97.140837 
97.126357 
97.111876 
97.097395 
97.082915 
97.068434 
97.053953 
97.039473 
97.024992 
97.010511 
96.996031 
96.981550 
96.967070 
96.952589 
96.938108 
96.923628 
96.909147 
96.894666 
96.880186 
96.865705 
96.851224 
96.836744 
96.822263 
96.807782 
96.793302 
96.778821 
96.764340 
96.749860 
96.735379 
96.720898 
96.706418 
96.691937 
96.677456 
96.662976 
96.648495 
96.634014 
96.619534 
96.605053 
96.590572 
96.576092 
96.561611 
96.547131 
96.532650 
96.518169 
96.503689 
96.489208 
96.474727 
96.460247 
96.445766 
96.431285 
96.416805 
96.402324 
96.387843 
96.373363 
96.358882 
96.344401 
96.329921 
96.315440 
96.300959 
96.286479 
96.271998 
96.257517 
96.243037 
96.228556 
96.214075 
96.199595 
96.185114 
96.170633 
96.156153 
96.141672 
96.127192 
96.112711 
96.098230 
96.083750 
96.069269 
96.054788 
96.040308 
96.025827 
96.011346 
95.996866 
95.982385 
95.967904 
95.953424 
95.938943 
95.924462 
95.909982 
95.895501 
95.881020 
95.866540 
95.852059 
95.837578 
95.823098 
95.808617 
95.794136 
95.779656 
95.765175 
95.750694 
95.736214 
95.721733 
95.707253 
95.692772 
95.678291 
95.663811 
95.649330 
95.634849 
95.620369 
95.605888 
95.591407 
95.576927 
95.562446 
95.547965 
95.533485 
95.519004 
95.504523 
95.490043 
95.475562 
95.461081 
95.446601 
95.432120 
95.417639 
95.403159 
95.388678 
95.374197 
95.359717 
95.345236 
95.330755 
95.316275 
95.301794 
95.287314 
95.272833 
95.258352 
95.243872 
95.229391 
95.214910 
95.200430 
95.185949 
95.171468 
95.156988 
95.142507 
95.128026 
95.113546 
95.099065 
95.084584 
95.070104 
95.055623 
95.041142 
95.026662 
95.012181 
94.997700 
94.983220 
94.968739 
94.954258 
94.939778 
94.925297 
94.910816 
94.896336 
94.881855 
94.867375 
94.852894 
94.838413 
94.823933 
94.809452 
94.794971 
94.780491 
94.766010 
94.751529 
94.737049 
94.722568 
94.708087 
94.693607 
94.679126 
94.664645 
94.650165 
94.635684 
94.621203 
94.606723 
94.592242 
94.577761 
94.563281 
94.548800 
94.534319 
94.519839 
94.505358 
94.490878 
94.476397 
94.461916 
94.447436 
94.432955 
94.418474 
94.403994 
94.389513 
94.375032 
94.360552 
94.346071 
94.331590 
94.317110 
94.302629 
94.288148 
94.273668 
94.259187 
94.244706 
94.230226 
94.215745 
94.201264 
94.186784 
94.172303 
94.157822 
94.143342 
94.128861 
94.114380 
94.099900 
94.085419 
94.070939 
94.056458 
94.041977 
94.027497 
94.013016 
93.998535 
93.984055 
93.969574 
93.955093 
93.940613 
93.926132 
93.911651 
93.897171 
93.882690 
93.868209 
93.853729 
93.839248 
93.824767 
93.810287 
93.795806 
93.781325 
93.766845 
93.752364 
93.737883 
93.723403 
93.708922 
93.694441 
93.679961 
93.665480 
93.651000 
93.636519 
93.622038 
93.607558 
93.593077 
93.578596 
93.564116 
93.549635 
93.535154 
93.520674 
93.506193 
93.491712 
93.477232 
93.462751 
93.448270 
93.433790 
93.419309 
93.404828 
93.390348 
93.375867 
93.361386 
93.346906 
93.332425 
93.317944 
93.303464 
93.288983 
93.274502 
93.260022 
93.245541 
93.231061 
93.216580 
93.202099 
93.187619 
93.173138 
93.158657 
93.144177 
93.129696 
93.115215 
93.100735 
93.086254 
93.071773 
93.057293 
93.042812 
93.028331 
93.013851 
92.999370 
92.984889 
92.970409 
92.955928 
92.941447 
92.926967 
92.912486 
92.898005 
92.883525 
92.869044 
92.854563 
92.840083 
92.825602 
92.811122 
92.796641 
92.782160 
92.767680 
92.753199 
92.738718 
92.724238 
92.709757 
92.695276 
92.680796 
92.666315 
92.651834 
92.637354 
92.622873 
92.608392 
92.593912 
92.579431 
92.564950 
92.550470 
92.535989 
92.521508 
92.507028 
92.492547 
92.478066 
92.463586 
92.449105 
92.434624 
92.420144 
92.405663 
92.391183 
92.376702 
92.362221 
92.347741 
92.333260 
92.318779 
92.304299 
92.289818 
92.275337 
92.260857 
92.246376 
92.231895 
92.217415 
92.202934 
92.188453 
92.173973 
92.159492 
92.145011 
92.130531 
92.116050 
92.101569 
92.087089 
92.072608 
92.058127 
92.043647 
92.029166 
92.014685 
92.000205 
91.985724 
91.971244 
91.956763 
91.942282 
91.927802 
91.913321 
91.898840 
91.884360 
91.869879 
91.855398 
91.840918 
91.826437 
91.811956 
91.797476 
91.782995 
91.768514 
91.754034 
91.739553 
91.725072 
91.710592 
91.696111 
91.681630 
91.667150 
91.652669 
91.638188 
91.623708 
91.609227 
91.594746 
91.580266 
91.565785 
91.551305 
91.536824 
91.522343 
91.507863 
91.493382 
91.478901 
91.464421 
91.449940 
91.435459 
91.420979 
91.406498 
91.392017 
91.377537 
91.363056 
91.348575 
91.334095 
91.319614 
91.305133 
91.290653 
91.276172 
91.261691 
91.247211 
91.232730 
91.218249 
91.203769 
91.189288 
91.174807 
91.160327 
91.145846 
91.131366 
91.116885 
91.102404 
91.087924 
91.073443 
91.058962 
91.044482 
91.030001 
91.015520 
91.001040 
90.986559 
90.972078 
90.957598 
90.943117 
90.928636 
90.914156 
90.899675 
90.885194 
90.870714 
90.856233 
90.841752 
90.827272 
90.812791 
90.798310 
90.783830 
90.769349 
90.754868 
90.740388 
90.725907 
90.711427 
90.696946 
90.682465 
90.667985 
90.653504 
90.639023 
90.624543 
90.610062 
90.595581 
90.581101 
90.566620 
90.552139 
90.537659 
90.523178 
90.508697 
90.494217 
90.479736 
90.465255 
90.450775 
90.436294 
90.421813 
90.407333 
90.392852 
90.378371 
90.363891 
90.349410 
90.334929 
90.320449 
90.305968 
90.291488 
90.277007 
90.262526 
90.248046 
90.233565 
90.219084 
90.204604 
90.190123 
90.175642 
90.161162 
90.146681 
90.132200 
90.117720 
90.103239 
90.088758 
90.074278 
90.059797 
90.045316 
90.030836 
90.016355 
90.001874 
89.987394 
89.972913 
89.958432 
89.943952 
89.929471 
89.914990 
89.900510 
89.886029 
89.871549 
89.857068 
89.842587 
89.828107 
89.813626 
89.799145 
89.784665 
89.770184 
89.755703 
89.741223 
89.726742 
89.712261 
89.697781 
89.683300 
89.668819 
89.654339 
89.639858 
89.625377 
89.610897 
89.596416 
89.581935 
89.567455 
89.552974 
89.538493 
89.524013 
89.509532 
89.495051 
89.480571 
89.466090 
89.451610 
89.437129 
89.422648 
89.408168 
89.393687 
89.379206 
89.364726 
89.350245 
89.335764 
89.321284 
89.306803 
89.292322 
89.277842 
89.263361 
89.248880 
89.234400 
89.219919 
89.205438 
89.190958 
89.176477 
89.161996 
89.147516 
89.133035 
89.118554 
89.104074 
89.089593 
89.075113 
89.060632 
89.046151 
89.031671 
89.017190 
89.002709 
88.988229 
88.973748 
88.959267 
88.944787 
88.930306 
88.915825 
88.901345 
88.886864 
88.872383 
88.857903 
88.843422 
88.828941 
88.814461 
88.799980 
88.785499 
88.771019 
88.756538 
88.742057 
88.727577 
88.713096 
88.698615 
88.684135 
88.669654 
88.655174 
88.640693 
88.626212 
88.611732 
88.597251 
88.582770 
88.568290 
88.553809 
88.539328 
88.524848 
88.510367 
88.495886 
88.481406 
88.466925 
88.452444 
88.437964 
88.423483 
88.409002 
88.394522 
88.380041 
88.365560 
88.351080 
88.336599 
88.322118 
88.307638 
88.293157 
88.278676 
88.264196 
88.249715 
88.235235 
88.220754 
88.206273 
88.191793 
88.177312 
88.162831 
88.148351 
88.133870 
88.119389 
88.104909 
88.090428 
88.075947 
88.061467 
88.046986 
88.032505 
88.018025 
88.003544 
87.989063 
87.974583 
87.960102 
87.945621 
87.931141 
87.916660 
87.902179 
87.887699 
87.873218 
87.858737 
87.844257 
87.829776 
87.815296 
87.800815 
87.786334 
87.771854 
87.757373 
87.742892 
87.728412 
87.713931 
87.699450 
87.684970 
87.670489 
87.656008 
87.641528 
87.627047 
87.612566 
87.598086 
87.583605 
87.569124 
87.554644 
87.540163 
87.525682 
87.511202 
87.496721 
87.482240 
87.467760 
87.453279 
87.438798 
87.424318 
87.409837 
87.395357 
87.380876 
87.366395 
87.351915 
87.337434 
87.322953 
87.308473 
87.293992 
87.279511 
87.265031 
87.250550 
87.236069 
87.221589 
87.207108 
87.192627 
87.178147 
87.163666 
87.149185 
87.134705 
87.120224 
87.105743 
87.091263 
87.076782 
87.062301 
87.047821 
87.033340 
87.018859 
87.004379 
86.989898 
86.975418 
86.960937 
86.946456 
86.931976 
86.917495 
86.903014 
86.888534 
86.874053 
86.859572 
86.845092 
86.830611 
86.816130 
86.801650 
86.787169 
86.772688 
86.758208 
86.743727 
86.729246 
86.714766 
86.700285 
86.685804 
86.671324 
86.656843 
86.642362 
86.627882 
86.613401 
86.598920 
86.584440 
86.569959 
86.555479 
86.540998 
86.526517 
86.512037 
86.497556 
86.483075 
86.468595 
86.454114 
86.439633 
86.425153 
86.410672 
86.396191 
86.381711 
86.367230 
86.352749 
86.338269 
86.323788 
86.309307 
86.294827 
86.280346 
86.265865 
86.251385 
86.236904 
86.222423 
86.207943 
86.193462 
86.178981 
86.164501 
86.150020 
86.135540 
86.121059 
86.106578 
86.092098 
86.077617 
86.063136 
86.048656 
86.034175 
86.019694 
86.005214 
85.990733 
85.976252 
85.961772 
85.947291 
85.932810 
85.918330 
85.903849 
85.889368 
85.874888 
85.860407 
85.845926 
85.831446 
85.816965 
85.802484 
85.788004 
85.773523 
85.759042 
85.744562 
85.730081 
85.715601 
85.701120 
85.686639 
85.672159 
85.657678 
85.643197 
85.628717 
85.614236 
85.599755 
85.585275 
85.570794 
85.556313 
85.541833 
85.527352 
85.512871 
85.498391 
85.483910 
85.469429 
85.454949 
85.440468 
85.425987 
85.411507 
85.397026 
85.382545 
85.368065 
85.353584 
85.339103 
85.324623 
85.310142 
85.295662 
85.281181 
85.266700 
85.252220 
85.237739 
85.223258 
85.208778 
85.194297 
85.179816 
85.165336 
85.150855 
85.136374 
85.121894 
85.107413 
85.092932 
85.078452 
85.063971 
85.049490 
85.035010 
85.020529 
85.006048 
84.991568 
84.977087 
84.962606 
84.948126 
84.933645 
84.919164 
84.904684 
84.890203 
84.875723 
84.861242 
84.846761 
84.832281 
84.817800 
84.803319 
84.788839 
84.774358 
84.759877 
84.745397 
84.730916 
84.716435 
84.701955 
84.687474 
84.672993 
84.658513 
84.644032 
84.629551 
84.615071 
84.600590 
84.586109 
84.571629 
84.557148 
84.542667 
84.528187 
84.513706 
84.499225 
84.484745 
84.470264 
84.455784 
84.441303 
84.426822 
84.412342 
84.397861 
84.383380 
84.368900 
84.354419 
84.339938 
84.325458 
84.310977 
84.296496 
84.282016 
84.267535 
84.253054 
84.238574 
84.224093 
84.209612 
84.195132 
84.180651 
84.166170 
84.151690 
84.137209 
84.122728 
84.108248 
84.093767 
84.079286 
84.064806 
84.050325 
84.035845 
84.021364 
84.006883 
83.992403 
83.977922 
83.963441 
83.948961 
83.934480 
83.919999 
83.905519 
83.891038 
83.876557 
83.862077 
83.847596 
83.833115 
83.818635 
83.804154 
83.789673 
83.775193 
83.760712 
83.746231 
83.731751 
83.717270 
83.702789 
83.688309 
83.673828 
83.659348 
83.644867 
83.630386 
83.615906 
83.601425 
83.586944 
83.572464 
83.557983 
83.543502 
83.529022 
83.514541 
83.500060 
83.485580 
83.471099 
83.456618 
83.442138 
83.427657 
83.413176 
83.398696 
83.384215 
83.369734 
83.355254 
83.340773 
83.326292 
83.311812 
83.297331 
83.282850 
83.268370 
83.253889 
83.239409 
83.224928 
83.210447 
83.195967 
83.181486 
83.167005 
83.152525 
83.138044 
83.123563 
83.109083 
83.094602 
83.080121 
83.065641 
83.051160 
83.036679 
83.022199 
83.007718 
82.993237 
82.978757 
82.964276 
82.949795 
82.935315 
82.920834 
82.906353 
82.891873 
82.877392 
82.862911 
82.848431 
82.833950 
82.819470 
82.804989 
82.790508 
82.776028 
82.761547 
82.747066 
82.732586 
82.718105 
82.703624 
82.689144 
82.674663 
82.660182 
82.645702 
82.631221 
82.616740 
82.602260 
82.587779 
82.573298 
82.558818 
82.544337 
82.529856 
82.515376 
82.500895 
82.486414 
82.471934 
82.457453 
82.442972 
82.428492 
82.414011 
82.399531 
82.385050 
82.370569 
82.356089 
82.341608 
82.327127 
82.312647 
82.298166 
82.283685 
82.269205 
82.254724 
82.240243 
82.225763 
82.211282 
82.196801 
82.182321 
82.167840 
82.153359 
82.138879 
82.124398 
82.109917 
82.095437 
82.080956 
82.066475 
82.051995 
82.037514 
82.023033 
82.008553 
81.994072 
81.979592 
81.965111 
81.950630 
81.936150 
81.921669 
81.907188 
81.892708 
81.878227 
81.863746 
81.849266 
81.834785 
81.820304 
81.805824 
81.791343 
81.776862 
81.762382 
81.747901 
81.733420 
81.718940 
81.704459 
81.689978 
81.675498 
81.661017 
81.646536 
81.632056 
81.617575 
81.603094 
81.588614 
81.574133 
81.559653 
81.545172 
81.530691 
81.516211 
81.501730 
81.487249 
81.472769 
81.458288 
81.443807 
81.429327 
81.414846 
81.400365 
81.385885 
81.371404 
81.356923 
81.342443 
81.327962 
81.313481 
81.299001 
81.284520 
81.270039 
81.255559 
81.241078 
81.226597 
81.212117 
81.197636 
81.183155 
81.168675 
81.154194 
81.139714 
81.125233 
81.110752 
81.096272 
81.081791 
81.067310 
81.052830 
81.038349 
81.023868 
81.009388 
80.994907 
80.980426 
80.965946 
80.951465 
80.936984 
80.922504 
80.908023 
80.893542 
80.879062 
80.864581 
80.850100 
80.835620 
80.821139 
80.806658 
80.792178 
80.777697 
80.763216 
80.748736 
80.734255 
80.719775 
80.705294 
80.690813 
80.676333 
80.661852 
80.647371 
80.632891 
80.618410 
80.603929 
80.589449 
80.574968 
80.560487 
80.546007 
80.531526 
80.517045 
80.502565 
80.488084 
80.473603 
80.459123 
80.444642 
80.430161 
80.415681 
80.401200 
80.386719 
80.372239 
80.357758 
80.343277 
80.328797 
80.314316 
80.299836 
80.285355 
80.270874 
80.256394 
80.241913 
80.227432 
80.212952 
80.198471 
80.183990 
80.169510 
80.155029 
80.140548 
80.126068 
80.111587 
80.097106 
80.082626 
80.068145 
80.053664 
80.039184 
80.024703 
80.010222 
79.995742 
79.981261 
79.966780 
79.952300 
79.937819 
79.923338 
79.908858 
79.894377 
79.879897 
79.865416 
79.850935 
79.836455 
79.821974 
79.807493 
79.793013 
79.778532 
79.764051 
79.749571 
79.735090 
79.720609 
79.706129 
79.691648 
79.677167 
79.662687 
79.648206 
79.633725 
79.619245 
79.604764 
79.590283 
79.575803 
79.561322 
79.546841 
79.532361 
79.517880 
79.503399 
79.488919 
79.474438 
79.459958 
79.445477 
79.430996 
79.416516 
79.402035 
79.387554 
79.373074 
79.358593 
79.344112 
79.329632 
79.315151 
79.300670 
79.286190 
79.271709 
79.257228 
79.242748 
79.228267 
79.213786 
79.199306 
79.184825 
79.170344 
79.155864 
79.141383 
79.126902 
79.112422 
79.097941 
79.083460 
79.068980 
79.054499 
79.040019 
79.025538 
79.011057 
78.996577 
78.982096 
78.967615 
78.953135 
78.938654 
78.924173 
78.909693 
78.895212 
78.880731 
78.866251 
78.851770 
78.837289 
78.822809 
78.808328 
78.793847 
78.779367 
78.764886 
78.750405 
78.735925 
78.721444 
78.706963 
78.692483 
78.678002 
78.663521 
78.649041 
78.634560 
78.620080 
78.605599 
78.591118 
78.576638 
78.562157 
78.547676 
78.533196 
78.518715 
78.504234 
78.489754 
78.475273 
78.460792 
78.446312 
78.431831 
78.417350 
78.402870 
78.388389 
78.373908 
78.359428 
78.344947 
78.330466 
78.315986 
78.301505 
78.287024 
78.272544 
78.258063 
78.243583 
78.229102 
78.214621 
78.200141 
78.185660 
78.171179 
78.156699 
78.142218 
78.127737 
78.113257 
78.098776 
78.084295 
78.069815 
78.055334 
78.040853 
78.026373 
78.011892 
77.997411 
77.982931 
77.968450 
77.953969 
77.939489 
77.925008 
77.910527 
77.896047 
77.881566 
77.867085 
77.852605 
77.838124 
77.823644 
77.809163 
77.794682 
77.780202 
77.765721 
77.751240 
77.736760 
77.722279 
77.707798 
77.693318 
77.678837 
77.664356 
77.649876 
77.635395 
77.620914 
77.606434 
77.591953 
77.577472 
77.562992 
77.548511 
77.534030 
77.519550 
77.505069 
77.490588 
77.476108 
77.461627 
77.447146 
77.432666 
77.418185 
77.403705 
77.389224 
77.374743 
77.360263 
77.345782 
77.331301 
77.316821 
77.302340 
77.287859 
77.273379 
77.258898 
77.244417 
77.229937 
77.215456 
77.200975 
77.186495 
77.172014 
77.157533 
77.143053 
77.128572 
77.114091 
77.099611 
77.085130 
77.070649 
77.056169 
77.041688 
77.027207 
77.012727 
76.998246 
76.983766 
76.969285 
76.954804 
76.940324 
76.925843 
76.911362 
76.896882 
76.882401 
76.867920 
76.853440 
76.838959 
76.824478 
76.809998 
76.795517 
76.781036 
76.766556 
76.752075 
76.737594 
76.723114 
76.708633 
76.694152 
76.679672 
76.665191 
76.650710 
76.636230 
76.621749 
76.607268 
76.592788 
76.578307 
76.563827 
76.549346 
76.534865 
76.520385 
76.505904 
76.491423 
76.476943 
76.462462 
76.447981 
76.433501 
76.419020 
76.404539 
76.390059 
76.375578 
76.361097 
76.346617 
76.332136 
76.317655 
76.303175 
76.288694 
76.274213 
76.259733 
76.245252 
76.230771 
76.216291 
76.201810 
76.187329 
76.172849 
76.158368 
76.143888 
76.129407 
76.114926 
76.100446 
76.085965 
76.071484 
76.057004 
76.042523 
76.028042 
76.013562 
75.999081 
75.984600 
75.970120 
75.955639 
75.941158 
75.926678 
75.912197 
75.897716 
75.883236 
75.868755 
75.854274 
75.839794 
75.825313 
75.810832 
75.796352 
75.781871 
75.767390 
75.752910 
75.738429 
75.723949 
75.709468 
75.694987 
75.680507 
75.666026 
75.651545 
75.637065 
75.622584 
75.608103 
75.593623 
75.579142 
75.564661 
75.550181 
75.535700 
75.521219 
75.506739 
75.492258 
75.477777 
75.463297 
75.448816 
75.434335 
75.419855 
75.405374 
75.390893 
75.376413 
75.361932 
75.347451 
75.332971 
75.318490 
75.304010 
75.289529 
75.275048 
75.260568 
75.246087 
75.231606 
75.217126 
75.202645 
75.188164 
75.173684 
75.159203 
75.144722 
75.130242 
75.115761 
75.101280 
75.086800 
75.072319 
75.057838 
75.043358 
75.028877 
75.014396 
74.999916 
74.985435 
74.970954 
74.956474 
74.941993 
74.927512 
74.913032 
74.898551 
74.884071 
74.869590 
74.855109 
74.840629 
74.826148 
74.811667 
74.797187 
74.782706 
74.768225 
74.753745 
74.739264 
74.724783 
74.710303 
74.695822 
74.681341 
74.666861 
74.652380 
74.637899 
74.623419 
74.608938 
74.594457 
74.579977 
74.565496 
74.551015 
74.536535 
74.522054 
74.507573 
74.493093 
74.478612 
74.464132 
74.449651 
74.435170 
74.420690 
74.406209 
74.391728 
74.377248 
74.362767 
74.348286 
74.333806 
74.319325 
74.304844 
74.290364 
74.275883 
74.261402 
74.246922 
74.232441 
74.217960 
74.203480 
74.188999 
74.174518 
74.160038 
74.145557 
74.131076 
74.116596 
74.102115 
74.087634 
74.073154 
74.058673 
74.044193 
74.029712 
74.015231 
74.000751 
73.986270 
73.971789 
73.957309 
73.942828 
73.928347 
73.913867 
73.899386 
73.884905 
73.870425 
73.855944 
73.841463 
73.826983 
73.812502 
73.798021 
73.783541 
73.769060 
73.754579 
73.740099 
73.725618 
73.711137 
73.696657 
73.682176 
73.667695 
73.653215 
73.638734 
73.624254 
73.609773 
73.595292 
73.580812 
73.566331 
73.551850 
73.537370 
73.522889 
73.508408 
73.493928 
73.479447 
73.464966 
73.450486 
73.436005 
73.421524 
73.407044 
73.392563 
73.378082 
73.363602 
73.349121 
73.334640 
73.320160 
73.305679 
73.291198 
73.276718 
73.262237 
73.247756 
73.233276 
73.218795 
73.204315 
73.189834 
73.175353 
73.160873 
73.146392 
73.131911 
73.117431 
73.102950 
73.088469 
73.073989 
73.059508 
73.045027 
73.030547 
73.016066 
73.001585 
72.987105 
72.972624 
72.958143 
72.943663 
72.929182 
72.914701 
72.900221 
72.885740 
72.871259 
72.856779 
72.842298 
72.827818 
72.813337 
72.798856 
72.784376 
72.769895 
72.755414 
72.740934 
72.726453 
72.711972 
72.697492 
72.683011 
72.668530 
72.654050 
72.639569 
72.625088 
72.610608 
72.596127 
72.581646 
72.567166 
72.552685 
72.538204 
72.523724 
72.509243 
72.494762 
72.480282 
72.465801 
72.451320 
72.436840 
72.422359 
72.407879 
72.393398 
72.378917 
72.364437 
72.349956 
72.335475 
72.320995 
72.306514 
72.292033 
72.277553 
72.263072 
72.248591 
72.234111 
72.219630 
72.205149 
72.190669 
72.176188 
72.161707 
72.147227 
72.132746 
72.118265 
72.103785 
72.089304 
72.074823 
72.060343 
72.045862 
72.031381 
72.016901 
72.002420 
71.987940 
71.973459 
71.958978 
71.944498 
71.930017 
71.915536 
71.901056 
71.886575 
71.872094 
71.857614 
71.843133 
71.828652 
71.814172 
71.799691 
71.785210 
71.770730 
71.756249 
71.741768 
71.727288 
71.712807 
71.698326 
71.683846 
71.669365 
71.654884 
71.640404 
71.625923 
71.611442 
71.596962 
71.582481 
71.568001 
71.553520 
71.539039 
71.524559 
71.510078 
71.495597 
71.481117 
71.466636 
71.452155 
71.437675 
71.423194 
71.408713 
71.394233 
71.379752 
71.365271 
71.350791 
71.336310 
71.321829 
71.307349 
71.292868 
71.278387 
71.263907 
71.249426 
71.234945 
71.220465 
71.205984 
71.191503 
71.177023 
71.162542 
71.148062 
71.133581 
71.119100 
71.104620 
71.090139 
71.075658 
71.061178 
71.046697 
71.032216 
71.017736 
71.003255 
70.988774 
70.974294 
70.959813 
70.945332 
70.930852 
70.916371 
70.901890 
70.887410 
70.872929 
70.858448 
70.843968 
70.829487 
70.815006 
70.800526 
70.786045 
70.771564 
70.757084 
70.742603 
70.728123 
70.713642 
70.699161 
70.684681 
70.670200 
70.655719 
70.641239 
70.626758 
70.612277 
70.597797 
70.583316 
70.568835 
70.554355 
70.539874 
70.525393 
70.510913 
70.496432 
70.481951 
70.467471 
70.452990 
70.438509 
70.424029 
70.409548 
70.395067 
70.380587 
70.366106 
70.351625 
70.337145 
70.322664 
70.308184 
70.293703 
70.279222 
70.264742 
70.250261 
70.235780 
70.221300 
70.206819 
70.192338 
70.177858 
70.163377 
70.148896 
70.134416 
70.119935 
70.105454 
70.090974 
70.076493 
70.062012 
70.047532 
70.033051 
70.018570 
70.004090 
69.989609 
69.975128 
69.960648 
69.946167 
69.931686 
69.917206 
69.902725 
69.888245 
69.873764 
69.859283 
69.844803 
69.830322 
69.815841 
69.801361 
69.786880 
69.772399 
69.757919 
69.743438 
69.728957 
69.714477 
69.699996 
69.685515 
69.671035 
69.656554 
69.642073 
69.627593 
69.613112 
69.598631 
69.584151 
69.569670 
69.555189 
69.540709 
69.526228 
69.511747 
69.497267 
69.482786 
69.468306 
69.453825 
69.439344 
69.424864 
69.410383 
69.395902 
69.381422 
69.366941 
69.352460 
69.337980 
69.323499 
69.309018 
69.294538 
69.280057 
69.265576 
69.251096 
69.236615 
69.222134 
69.207654 
69.193173 
69.178692 
69.164212 
69.149731 
69.135250 
69.120770 
69.106289 
69.091808 
69.077328 
69.062847 
69.048367 
69.033886 
69.019405 
69.004925 
68.990444 
68.975963 
68.961483 
68.947002 
68.932521 
68.918041 
68.903560 
68.889079 
68.874599 
68.860118 
68.845637 
68.831157 
68.816676 
68.802195 
68.787715 
68.773234 
68.758753 
68.744273 
68.729792 
68.715311 
68.700831 
68.686350 
68.671869 
68.657389 
68.642908 
68.628428 
68.613947 
68.599466 
68.584986 
68.570505 
68.556024 
68.541544 
68.527063 
68.512582 
68.498102 
68.483621 
68.469140 
68.454660 
68.440179 
68.425698 
68.411218 
68.396737 
68.382256 
68.367776 
68.353295 
68.338814 
68.324334 
68.309853 
68.295372 
68.280892 
68.266411 
68.251930 
68.237450 
68.222969 
68.208489 
68.194008 
68.179527 
68.165047 
68.150566 
68.136085 
68.121605 
68.107124 
68.092643 
68.078163 
68.063682 
68.049201 
68.034721 
68.020240 
68.005759 
67.991279 
67.976798 
67.962317 
67.947837 
67.933356 
67.918875 
67.904395 
67.889914 
67.875433 
67.860953 
67.846472 
67.831991 
67.817511 
67.803030 
67.788550 
67.774069 
67.759588 
67.745108 
67.730627 
67.716146 
67.701666 
67.687185 
67.672704 
67.658224 
67.643743 
67.629262 
67.614782 
67.600301 
67.585820 
67.571340 
67.556859 
67.542378 
67.527898 
67.513417 
67.498936 
67.484456 
67.469975 
67.455494 
67.441014 
67.426533 
67.412053 
67.397572 
67.383091 
67.368611 
67.354130 
67.339649 
67.325169 
67.310688 
67.296207 
67.281727 
67.267246 
67.252765 
67.238285 
67.223804 
67.209323 
67.194843 
67.180362 
67.165881 
67.151401 
67.136920 
67.122439 
67.107959 
67.093478 
67.078997 
67.064517 
67.050036 
67.035555 
67.021075 
67.006594 
66.992114 
66.977633 
66.963152 
66.948672 
66.934191 
66.919710 
66.905230 
66.890749 
66.876268 
66.861788 
66.847307 
66.832826 
66.818346 
66.803865 
66.789384 
66.774904 
66.760423 
66.745942 
66.731462 
66.716981 
66.702500 
66.688020 
66.673539 
66.659058 
66.644578 
66.630097 
66.615616 
66.601136 
66.586655 
66.572175 
66.557694 
66.543213 
66.528733 
66.514252 
66.499771 
66.485291 
66.470810 
66.456329 
66.441849 
66.427368 
66.412887 
66.398407 
66.383926 
66.369445 
66.354965 
66.340484 
66.326003 
66.311523 
66.297042 
66.282561 
66.268081 
66.253600 
66.239119 
66.224639 
66.210158 
66.195677 
66.181197 
66.166716 
66.152236 
66.137755 
66.123274 
66.108794 
66.094313 
66.079832 
66.065352 
66.050871 
66.036390 
66.021910 
66.007429 
65.992948 
65.978468 
65.963987 
65.949506 
65.935026 
65.920545 
65.906064 
65.891584 
65.877103 
65.862622 
65.848142 
65.833661 
65.819180 
65.804700 
65.790219 
65.775738 
65.761258 
65.746777 
65.732297 
65.717816 
65.703335 
65.688855 
65.674374 
65.659893 
65.645413 
65.630932 
65.616451 
65.601971 
65.587490 
65.573009 
65.558529 
65.544048 
65.529567 
65.515087 
65.500606 
65.486125 
65.471645 
65.457164 
65.442683 
65.428203 
65.413722 
65.399241 
65.384761 
65.370280 
65.355799 
65.341319 
65.326838 
65.312358 
65.297877 
65.283396 
65.268916 
65.254435 
65.239954 
65.225474 
65.210993 
65.196512 
65.182032 
65.167551 
65.153070 
65.138590 
65.124109 
65.109628 
65.095148 
65.080667 
65.066186 
65.051706 
65.037225 
65.022744 
65.008264 
64.993783 
64.979302 
64.964822 
64.950341 
64.935860 
64.921380 
64.906899 
64.892419 
64.877938 
64.863457 
64.848977 
64.834496 
64.820015 
64.805535 
64.791054 
64.776573 
64.762093 
64.747612 
64.733131 
64.718651 
64.704170 
64.689689 
64.675209 
64.660728 
64.646247 
64.631767 
64.617286 
64.602805 
64.588325 
64.573844 
64.559363 
64.544883 
64.530402 
64.515921 
64.501441 
64.486960 
64.472480 
64.457999 
64.443518 
64.429038 
64.414557 
64.400076 
64.385596 
64.371115 
64.356634 
64.342154 
64.327673 
64.313192 
64.298712 
64.284231 
64.269750 
64.255270 
64.240789 
64.226308 
64.211828 
64.197347 
64.182866 
64.168386 
64.153905 
64.139424 
64.124944 
64.110463 
64.095982 
64.081502 
64.067021 
64.052541 
64.038060 
64.023579 
64.009099 
63.994618 
63.980137 
63.965657 
63.951176 
63.936695 
63.922215 
63.907734 
63.893253 
63.878773 
63.864292 
63.849811 
63.835331 
63.820850 
63.806369 
63.791889 
63.777408 
63.762927 
63.748447 
63.733966 
63.719485 
63.705005 
63.690524 
63.676043 
63.661563 
63.647082 
63.632602 
63.618121 
63.603640 
63.589160 
63.574679 
63.560198 
63.545718 
63.531237 
63.516756 
63.502276 
63.487795 
63.473314 
63.458834 
63.444353 
63.429872 
63.415392 
63.400911 
63.386430 
63.371950 
63.357469 
63.342988 
63.328508 
63.314027 
63.299546 
63.285066 
63.270585 
63.256104 
63.241624 
63.227143 
63.212663 
63.198182 
63.183701 
63.169221 
63.154740 
63.140259 
63.125779 
63.111298 
63.096817 
63.082337 
63.067856 
63.053375 
63.038895 
63.024414 
63.009933 
62.995453 
62.980972 
62.966491 
62.952011 
62.937530 
62.923049 
62.908569 
62.894088 
62.879607 
62.865127 
62.850646 
62.836165 
62.821685 
62.807204 
62.792724 
62.778243 
62.763762 
62.749282 
62.734801 
62.720320 
62.705840 
62.691359 
62.676878 
62.662398 
62.647917 
62.633436 
62.618956 
62.604475 
62.589994 
62.575514 
62.561033 
62.546552 
62.532072 
62.517591 
62.503110 
62.488630 
62.474149 
62.459668 
62.445188 
62.430707 
62.416226 
62.401746 
62.387265 
62.372785 
62.358304 
62.343823 
62.329343 
62.314862 
62.300381 
62.285901 
62.271420 
62.256939 
62.242459 
62.227978 
62.213497 
62.199017 
62.184536 
62.170055 
62.155575 
62.141094 
62.126613 
62.112133 
62.097652 
62.083171 
62.068691 
62.054210 
62.039729 
62.025249 
62.010768 
61.996287 
61.981807 
61.967326 
61.952846 
61.938365 
61.923884 
61.909404 
61.894923 
61.880442 
61.865962 
61.851481 
61.837000 
61.822520 
61.808039 
61.793558 
61.779078 
61.764597 
61.750116 
61.735636 
61.721155 
61.706674 
61.692194 
61.677713 
61.663232 
61.648752 
61.634271 
61.619790 
61.605310 
61.590829 
61.576349 
61.561868 
61.547387 
61.532907 
61.518426 
61.503945 
61.489465 
61.474984 
61.460503 
61.446023 
61.431542 
61.417061 
61.402581 
61.388100 
61.373619 
61.359139 
61.344658 
61.330177 
61.315697 
61.301216 
61.286735 
61.272255 
61.257774 
61.243293 
61.228813 
61.214332 
61.199851 
61.185371 
61.170890 
61.156410 
61.141929 
61.127448 
61.112968 
61.098487 
61.084006 
61.069526 
61.055045 
61.040564 
61.026084 
61.011603 
60.997122 
60.982642 
60.968161 
60.953680 
60.939200 
60.924719 
60.910238 
60.895758 
60.881277 
60.866796 
60.852316 
60.837835 
60.823354 
60.808874 
60.794393 
60.779912 
60.765432 
60.750951 
60.736471 
60.721990 
60.707509 
60.693029 
60.678548 
60.664067 
60.649587 
60.635106 
60.620625 
60.606145 
60.591664 
60.577183 
60.562703 
60.548222 
60.533741 
60.519261 
60.504780 
60.490299 
60.475819 
60.461338 
60.446857 
60.432377 
60.417896 
60.403415 
60.388935 
60.374454 
60.359973 
60.345493 
60.331012 
60.316532 
60.302051 
60.287570 
60.273090 
60.258609 
60.244128 
60.229648 
60.215167 
60.200686 
60.186206 
60.171725 
60.157244 
60.142764 
60.128283 
60.113802 
60.099322 
60.084841 
60.070360 
60.055880 
60.041399 
60.026918 
60.012438 
59.997957 
59.983476 
59.968996 
59.954515 
59.940034 
59.925554 
59.911073 
59.896593 
59.882112 
59.867631 
59.853151 
59.838670 
59.824189 
59.809709 
59.795228 
59.780747 
59.766267 
59.751786 
59.737305 
59.722825 
59.708344 
59.693863 
59.679383 
59.664902 
59.650421 
59.635941 
59.621460 
59.606979 
59.592499 
59.578018 
59.563537 
59.549057 
59.534576 
59.520095 
59.505615 
59.491134 
59.476654 
59.462173 
59.447692 
59.433212 
59.418731 
59.404250 
59.389770 
59.375289 
59.360808 
59.346328 
59.331847 
59.317366 
59.302886 
59.288405 
59.273924 
59.259444 
59.244963 
59.230482 
59.216002 
59.201521 
59.187040 
59.172560 
59.158079 
59.143598 
59.129118 
59.114637 
59.100156 
59.085676 
59.071195 
59.056715 
59.042234 
59.027753 
59.013273 
58.998792 
58.984311 
58.969831 
58.955350 
58.940869 
58.926389 
58.911908 
58.897427 
58.882947 
58.868466 
58.853985 
58.839505 
58.825024 
58.810543 
58.796063 
58.781582 
58.767101 
58.752621 
58.738140 
58.723659 
58.709179 
58.694698 
58.680217 
58.665737 
58.651256 
58.636776 
58.622295 
58.607814 
58.593334 
58.578853 
58.564372 
58.549892 
58.535411 
58.520930 
58.506450 
58.491969 
58.477488 
58.463008 
58.448527 
58.434046 
58.419566 
58.405085 
58.390604 
58.376124 
58.361643 
58.347162 
58.332682 
58.318201 
58.303720 
58.289240 
58.274759 
58.260278 
58.245798 
58.231317 
58.216837 
58.202356 
58.187875 
58.173395 
58.158914 
58.144433 
58.129953 
58.115472 
58.100991 
58.086511 
58.072030 
58.057549 
58.043069 
58.028588 
58.014107 
57.999627 
57.985146 
57.970665 
57.956185 
57.941704 
57.927223 
57.912743 
57.898262 
57.883781 
57.869301 
57.854820 
57.840339 
57.825859 
57.811378 
57.796898 
57.782417 
57.767936 
57.753456 
57.738975 
57.724494 
57.710014 
57.695533 
57.681052 
57.666572 
57.652091 
57.637610 
57.623130 
57.608649 
57.594168 
57.579688 
57.565207 
57.550726 
57.536246 
57.521765 
57.507284 
57.492804 
57.478323 
57.463842 
57.449362 
57.434881 
57.420400 
57.405920 
57.391439 
57.376959 
57.362478 
57.347997 
57.333517 
57.319036 
57.304555 
57.290075 
57.275594 
57.261113 
57.246633 
57.232152 
57.217671 
57.203191 
57.188710 
57.174229 
57.159749 
57.145268 
57.130787 
57.116307 
57.101826 
57.087345 
57.072865 
57.058384 
57.043903 
57.029423 
57.014942 
57.000461 
56.985981 
56.971500 
56.957020 
56.942539 
56.928058 
56.913578 
56.899097 
56.884616 
56.870136 
56.855655 
56.841174 
56.826694 
56.812213 
56.797732 
56.783252 
56.768771 
56.754290 
56.739810 
56.725329 
56.710848 
56.696368 
56.681887 
56.667406 
56.652926 
56.638445 
56.623964 
56.609484 
56.595003 
56.580522 
56.566042 
56.551561 
56.537081 
56.522600 
56.508119 
56.493639 
56.479158 
56.464677 
56.450197 
56.435716 
56.421235 
56.406755 
56.392274 
56.377793 
56.363313 
56.348832 
56.334351 
56.319871 
56.305390 
56.290909 
56.276429 
56.261948 
56.247467 
56.232987 
56.218506 
56.204025 
56.189545 
56.175064 
56.160584 
56.146103 
56.131622 
56.117142 
56.102661 
56.088180 
56.073700 
56.059219 
56.044738 
56.030258 
56.015777 
56.001296 
55.986816 
55.972335 
55.957854 
55.943374 
55.928893 
55.914412 
55.899932 
55.885451 
55.870970 
55.856490 
55.842009 
55.827528 
55.813048 
55.798567 
55.784086 
55.769606 
55.755125 
55.740645 
55.726164 
55.711683 
55.697203 
55.682722 
55.668241 
55.653761 
55.639280 
55.624799 
55.610319 
55.595838 
55.581357 
55.566877 
55.552396 
55.537915 
55.523435 
55.508954 
55.494473 
55.479993 
55.465512 
55.451031 
55.436551 
55.422070 
55.407589 
55.393109 
55.378628 
55.364147 
55.349667 
55.335186 
55.320706 
55.306225 
55.291744 
55.277264 
55.262783 
55.248302 
55.233822 
55.219341 
55.204860 
55.190380 
55.175899 
55.161418 
55.146938 
55.132457 
55.117976 
55.103496 
55.089015 
55.074534 
55.060054 
55.045573 
55.031092 
55.016612 
55.002131 
54.987650 
54.973170 
54.958689 
54.944208 
54.929728 
54.915247 
54.900767 
54.886286 
54.871805 
54.857325 
54.842844 
54.828363 
54.813883 
54.799402 
54.784921 
54.770441 
54.755960 
54.741479 
54.726999 
54.712518 
54.698037 
54.683557 
54.669076 
54.654595 
54.640115 
54.625634 
54.611153 
54.596673 
54.582192 
54.567711 
54.553231 
54.538750 
54.524269 
54.509789 
54.495308 
54.480828 
54.466347 
54.451866 
54.437386 
54.422905 
54.408424 
54.393944 
54.379463 
54.364982 
54.350502 
54.336021 
54.321540 
54.307060 
54.292579 
54.278098 
54.263618 
54.249137 
54.234656 
54.220176 
54.205695 
54.191214 
54.176734 
54.162253 
54.147772 
54.133292 
54.118811 
54.104330 
54.089850 
54.075369 
54.060889 
54.046408 
54.031927 
54.017447 
54.002966 
53.988485 
53.974005 
53.959524 
53.945043 
53.930563 
53.916082 
53.901601 
53.887121 
53.872640 
53.858159 
53.843679 
53.829198 
53.814717 
53.800237 
53.785756 
53.771275 
53.756795 
53.742314 
53.727833 
53.713353 
53.698872 
53.684391 
53.669911 
53.655430 
53.640950 
53.626469 
53.611988 
53.597508 
53.583027 
53.568546 
53.554066 
53.539585 
53.525104 
53.510624 
53.496143 
53.481662 
53.467182 
53.452701 
53.438220 
53.423740 
53.409259 
53.394778 
53.380298 
53.365817 
53.351336 
53.336856 
53.322375 
53.307894 
53.293414 
53.278933 
53.264452 
53.249972 
53.235491 
53.221011 
53.206530 
53.192049 
53.177569 
53.163088 
53.148607 
53.134127 
53.119646 
53.105165 
53.090685 
53.076204 
53.061723 
53.047243 
53.032762 
53.018281 
53.003801 
52.989320 
52.974839 
52.960359 
52.945878 
52.931397 
52.916917 
52.902436 
52.887955 
52.873475 
52.858994 
52.844513 
52.830033 
52.815552 
52.801072 
52.786591 
52.772110 
52.757630 
52.743149 
52.728668 
52.714188 
52.699707 
52.685226 
52.670746 
52.656265 
52.641784 
52.627304 
52.612823 
52.598342 
52.583862 
52.569381 
52.554900 
52.540420 
52.525939 
52.511458 
52.496978 
52.482497 
52.468016 
52.453536 
52.439055 
52.424574 
52.410094 
52.395613 
52.381133 
52.366652 
52.352171 
52.337691 
52.323210 
52.308729 
52.294249 
52.279768 
52.265287 
52.250807 
52.236326 
52.221845 
52.207365 
52.192884 
52.178403 
52.163923 
52.149442 
52.134961 
52.120481 
52.106000 
52.091519 
52.077039 
52.062558 
52.048077 
52.033597 
52.019116 
52.004635 
51.990155 
51.975674 
51.961194 
51.946713 
51.932232 
51.917752 
51.903271 
51.888790 
51.874310 
51.859829 
51.845348 
51.830868 
51.816387 
51.801906 
51.787426 
51.772945 
51.758464 
51.743984 
51.729503 
51.715022 
51.700542 
51.686061 
51.671580 
51.657100 
51.642619 
51.628138 
51.613658 
51.599177 
51.584696 
51.570216 
51.555735 
51.541255 
51.526774 
51.512293 
51.497813 
51.483332 
51.468851 
51.454371 
51.439890 
51.425409 
51.410929 
51.396448 
51.381967 
51.367487 
51.353006 
51.338525 
51.324045 
51.309564 
51.295083 
51.280603 
51.266122 
51.251641 
51.237161 
51.222680 
51.208199 
51.193719 
51.179238 
51.164757 
51.150277 
51.135796 
51.121316 
51.106835 
51.092354 
51.077874 
51.063393 
51.048912 
51.034432 
51.019951 
51.005470 
50.990990 
50.976509 
50.962028 
50.947548 
50.933067 
50.918586 
50.904106 
50.889625 
50.875144 
50.860664 
50.846183 
50.831702 
50.817222 
50.802741 
50.788260 
50.773780 
50.759299 
50.744819 
50.730338 
50.715857 
50.701377 
50.686896 
50.672415 
50.657935 
50.643454 
50.628973 
50.614493 
50.600012 
50.585531 
50.571051 
50.556570 
50.542089 
50.527609 
50.513128 
50.498647 
50.484167 
50.469686 
50.455205 
50.440725 
50.426244 
50.411763 
50.397283 
50.382802 
50.368321 
50.353841 
50.339360 
50.324880 
50.310399 
50.295918 
50.281438 
50.266957 
50.252476 
50.237996 
50.223515 
50.209034 
50.194554 
50.180073 
50.165592 
50.151112 
50.136631 
50.122150 
50.107670 
50.093189 
50.078708 
50.064228 
50.049747 
50.035266 
50.020786 
50.006305 
49.991824 
49.977344 
49.962863 
49.948382 
49.933902 
49.919421 
49.904941 
49.890460 
49.875979 
49.861499 
49.847018 
49.832537 
49.818057 
49.803576 
49.789095 
49.774615 
49.760134 
49.745653 
49.731173 
49.716692 
49.702211 
49.687731 
49.673250 
49.658769 
49.644289 
49.629808 
49.615327 
49.600847 
49.586366 
49.571885 
49.557405 
49.542924 
49.528443 
49.513963 
49.499482 
49.485002 
49.470521 
49.456040 
49.441560 
49.427079 
49.412598 
49.398118 
49.383637 
49.369156 
49.354676 
49.340195 
49.325714 
49.311234 
49.296753 
49.282272 
49.267792 
49.253311 
49.238830 
49.224350 
49.209869 
49.195388 
49.180908 
49.166427 
49.151946 
49.137466 
49.122985 
49.108504 
49.094024 
49.079543 
49.065063 
49.050582 
49.036101 
49.021621 
49.007140 
48.992659 
48.978179 
48.963698 
48.949217 
48.934737 
48.920256 
48.905775 
48.891295 
48.876814 
48.862333 
48.847853 
48.833372 
48.818891 
48.804411 
48.789930 
48.775449 
48.760969 
48.746488 
48.732007 
48.717527 
48.703046 
48.688565 
48.674085 
48.659604 
48.645124 
48.630643 
48.616162 
48.601682 
48.587201 
48.572720 
48.558240 
48.543759 
48.529278 
48.514798 
48.500317 
48.485836 
48.471356 
48.456875 
48.442394 
48.427914 
48.413433 
48.398952 
48.384472 
48.369991 
48.355510 
48.341030 
48.326549 
48.312068 
48.297588 
48.283107 
48.268626 
48.254146 
48.239665 
48.225185 
48.210704 
48.196223 
48.181743 
48.167262 
48.152781 
48.138301 
48.123820 
48.109339 
48.094859 
48.080378 
48.065897 
48.051417 
48.036936 
48.022455 
48.007975 
47.993494 
47.979013 
47.964533 
47.950052 
47.935571 
47.921091 
47.906610 
47.892129 
47.877649 
47.863168 
47.848687 
47.834207 
47.819726 
47.805246 
47.790765 
47.776284 
47.761804 
47.747323 
47.732842 
47.718362 
47.703881 
47.689400 
47.674920 
47.660439 
47.645958 
47.631478 
47.616997 
47.602516 
47.588036 
47.573555 
47.559074 
47.544594 
47.530113 
47.515632 
47.501152 
47.486671 
47.472190 
47.457710 
47.443229 
47.428748 
47.414268 
47.399787 
47.385307 
47.370826 
47.356345 
47.341865 
47.327384 
47.312903 
47.298423 
47.283942 
47.269461 
47.254981 
47.240500 
47.226019 
47.211539 
47.197058 
47.182577 
47.168097 
47.153616 
47.139135 
47.124655 
47.110174 
47.095693 
47.081213 
47.066732 
47.052251 
47.037771 
47.023290 
47.008809 
46.994329 
46.979848 
46.965368 
46.950887 
46.936406 
46.921926 
46.907445 
46.892964 
46.878484 
46.864003 
46.849522 
46.835042 
46.820561 
46.806080 
46.791600 
46.777119 
46.762638 
46.748158 
46.733677 
46.719196 
46.704716 
46.690235 
46.675754 
46.661274 
46.646793 
46.632312 
46.617832 
46.603351 
46.588870 
46.574390 
46.559909 
46.545429 
46.530948 
46.516467 
46.501987 
46.487506 
46.473025 
46.458545 
46.444064 
46.429583 
46.415103 
46.400622 
46.386141 
46.371661 
46.357180 
46.342699 
46.328219 
46.313738 
46.299257 
46.284777 
46.270296 
46.255815 
46.241335 
46.226854 
46.212373 
46.197893 
46.183412 
46.168931 
46.154451 
46.139970 
46.125490 
46.111009 
46.096528 
46.082048 
46.067567 
46.053086 
46.038606 
46.024125 
46.009644 
45.995164 
45.980683 
45.966202 
45.951722 
45.937241 
45.922760 
45.908280 
45.893799 
45.879318 
45.864838 
45.850357 
45.835876 
45.821396 
45.806915 
45.792434 
45.777954 
45.763473 
45.748992 
45.734512 
45.720031 
45.705551 
45.691070 
45.676589 
45.662109 
45.647628 
45.633147 
45.618667 
45.604186 
45.589705 
45.575225 
45.560744 
45.546263 
45.531783 
45.517302 
45.502821 
45.488341 
45.473860 
45.459379 
45.444899 
45.430418 
45.415937 
45.401457 
45.386976 
45.372495 
45.358015 
45.343534 
45.329054 
45.314573 
45.300092 
45.285612 
45.271131 
45.256650 
45.242170 
45.227689 
45.213208 
45.198728 
45.184247 
45.169766 
45.155286 
45.140805 
45.126324 
45.111844 
45.097363 
45.082882 
45.068402 
45.053921 
45.039440 
45.024960 
45.010479 
44.995998 
44.981518 
44.967037 
44.952556 
44.938076 
44.923595 
44.909115 
44.894634 
44.880153 
44.865673 
44.851192 
44.836711 
44.822231 
44.807750 
44.793269 
44.778789 
44.764308 
44.749827 
44.735347 
44.720866 
44.706385 
44.691905 
44.677424 
44.662943 
44.648463 
44.633982 
44.619501 
44.605021 
44.590540 
44.576059 
44.561579 
44.547098 
44.532617 
44.518137 
44.503656 
44.489176 
44.474695 
44.460214 
44.445734 
44.431253 
44.416772 
44.402292 
44.387811 
44.373330 
44.358850 
44.344369 
44.329888 
44.315408 
44.300927 
44.286446 
44.271966 
44.257485 
44.243004 
44.228524 
44.214043 
44.199562 
44.185082 
44.170601 
44.156120 
44.141640 
44.127159 
44.112678 
44.098198 
44.083717 
44.069237 
44.054756 
44.040275 
44.025795 
44.011314 
43.996833 
43.982353 
43.967872 
43.953391 
43.938911 
43.924430 
43.909949 
43.895469 
43.880988 
43.866507 
43.852027 
43.837546 
43.823065 
43.808585 
43.794104 
43.779623 
43.765143 
43.750662 
43.736181 
43.721701 
43.707220 
43.692739 
43.678259 
43.663778 
43.649298 
43.634817 
43.620336 
43.605856 
43.591375 
43.576894 
43.562414 
43.547933 
43.533452 
43.518972 
43.504491 
43.490010 
43.475530 
43.461049 
43.446568 
43.432088 
43.417607 
43.403126 
43.388646 
43.374165 
43.359684 
43.345204 
43.330723 
43.316242 
43.301762 
43.287281 
43.272800 
43.258320 
43.243839 
43.229359 
43.214878 
43.200397 
43.185917 
43.171436 
43.156955 
43.142475 
43.127994 
43.113513 
43.099033 
43.084552 
43.070071 
43.055591 
43.041110 
43.026629 
43.012149 
42.997668 
42.983187 
42.968707 
42.954226 
42.939745 
42.925265 
42.910784 
42.896303 
42.881823 
42.867342 
42.852861 
42.838381 
42.823900 
42.809420 
42.794939 
42.780458 
42.765978 
42.751497 
42.737016 
42.722536 
42.708055 
42.693574 
42.679094 
42.664613 
42.650132 
42.635652 
42.621171 
42.606690 
42.592210 
42.577729 
42.563248 
42.548768 
42.534287 
42.519806 
42.505326 
42.490845 
42.476364 
42.461884 
42.447403 
42.432922 
42.418442 
42.403961 
42.389481 
42.375000 
42.360519 
42.346039 
42.331558 
42.317077 
42.302597 
42.288116 
42.273635 
42.259155 
42.244674 
42.230193 
42.215713 
42.201232 
42.186751 
42.172271 
42.157790 
42.143309 
42.128829 
42.114348 
42.099867 
42.085387 
42.070906 
42.056425 
42.041945 
42.027464 
42.012983 
41.998503 
41.984022 
41.969542 
41.955061 
41.940580 
41.926100 
41.911619 
41.897138 
41.882658 
41.868177 
41.853696 
41.839216 
41.824735 
41.810254 
41.795774 
41.781293 
41.766812 
41.752332 
41.737851 
41.723370 
41.708890 
41.694409 
41.679928 
41.665448 
41.650967 
41.636486 
41.622006 
41.607525 
41.593044 
41.578564 
41.564083 
41.549603 
41.535122 
41.520641 
41.506161 
41.491680 
41.477199 
41.462719 
41.448238 
41.433757 
41.419277 
41.404796 
41.390315 
41.375835 
41.361354 
41.346873 
41.332393 
41.317912 
41.303431 
41.288951 
41.274470 
41.259989 
41.245509 
41.231028 
41.216547 
41.202067 
41.187586 
41.173105 
41.158625 
41.144144 
41.129664 
41.115183 
41.100702 
41.086222 
41.071741 
41.057260 
41.042780 
41.028299 
41.013818 
40.999338 
40.984857 
40.970376 
40.955896 
40.941415 
40.926934 
40.912454 
40.897973 
40.883492 
40.869012 
40.854531 
40.840050 
40.825570 
40.811089 
40.796608 
40.782128 
40.767647 
40.753166 
40.738686 
40.724205 
40.709725 
40.695244 
40.680763 
40.666283 
40.651802 
40.637321 
40.622841 
40.608360 
40.593879 
40.579399 
40.564918 
40.550437 
40.535957 
40.521476 
40.506995 
40.492515 
40.478034 
40.463553 
40.449073 
40.434592 
40.420111 
40.405631 
40.391150 
40.376669 
40.362189 
40.347708 
40.333227 
40.318747 
40.304266 
40.289786 
40.275305 
40.260824 
40.246344 
40.231863 
40.217382 
40.202902 
40.188421 
40.173940 
40.159460 
40.144979 
40.130498 
40.116018 
40.101537 
40.087056 
40.072576 
40.058095 
40.043614 
40.029134 
40.014653 
40.000172 
39.985692 
39.971211 
39.956730 
39.942250 
39.927769 
39.913289 
39.898808 
39.884327 
39.869847 
39.855366 
39.840885 
39.826405 
39.811924 
39.797443 
39.782963 
39.768482 
39.754001 
39.739521 
39.725040 
39.710559 
39.696079 
39.681598 
39.667117 
39.652637 
39.638156 
39.623675 
39.609195 
39.594714 
39.580233 
39.565753 
39.551272 
39.536791 
39.522311 
39.507830 
39.493350 
39.478869 
39.464388 
39.449908 
39.435427 
39.420946 
39.406466 
39.391985 
39.377504 
39.363024 
39.348543 
39.334062 
39.319582 
39.305101 
39.290620 
39.276140 
39.261659 
39.247178 
39.232698 
39.218217 
39.203736 
39.189256 
39.174775 
39.160294 
39.145814 
39.131333 
39.116852 
39.102372 
39.087891 
39.073411 
39.058930 
39.044449 
39.029969 
39.015488 
39.001007 
38.986527 
38.972046 
38.957565 
38.943085 
38.928604 
38.914123 
38.899643 
38.885162 
38.870681 
38.856201 
38.841720 
38.827239 
38.812759 
38.798278 
38.783797 
38.769317 
38.754836 
38.740355 
38.725875 
38.711394 
38.696913 
38.682433 
38.667952 
38.653472 
38.638991 
38.624510 
38.610030 
38.595549 
38.581068 
38.566588 
38.552107 
38.537626 
38.523146 
38.508665 
38.494184 
38.479704 
38.465223 
38.450742 
38.436262 
38.421781 
38.407300 
38.392820 
38.378339 
38.363858 
38.349378 
38.334897 
38.320416 
38.305936 
38.291455 
38.276974 
38.262494 
38.248013 
38.233533 
38.219052 
38.204571 
38.190091 
38.175610 
38.161129 
38.146649 
38.132168 
38.117687 
38.103207 
38.088726 
38.074245 
38.059765 
38.045284 
38.030803 
38.016323 
38.001842 
37.987361 
37.972881 
37.958400 
37.943919 
37.929439 
37.914958 
37.900477 
37.885997 
37.871516 
37.857035 
37.842555 
37.828074 
37.813594 
37.799113 
37.784632 
37.770152 
37.755671 
37.741190 
37.726710 
37.712229 
37.697748 
37.683268 
37.668787 
37.654306 
37.639826 
37.625345 
37.610864 
37.596384 
37.581903 
37.567422 
37.552942 
37.538461 
37.523980 
37.509500 
37.495019 
37.480538 
37.466058 
37.451577 
37.437096 
37.422616 
37.408135 
37.393655 
37.379174 
37.364693 
37.350213 
37.335732 
37.321251 
37.306771 
37.292290 
37.277809 
37.263329 
37.248848 
37.234367 
37.219887 
37.205406 
37.190925 
37.176445 
37.161964 
37.147483 
37.133003 
37.118522 
37.104041 
37.089561 
37.075080 
37.060599 
37.046119 
37.031638 
37.017157 
37.002677 
36.988196 
36.973716 
36.959235 
36.944754 
36.930274 
36.915793 
36.901312 
36.886832 
36.872351 
36.857870 
36.843390 
36.828909 
36.814428 
36.799948 
36.785467 
36.770986 
36.756506 
36.742025 
36.727544 
36.713064 
36.698583 
36.684102 
36.669622 
36.655141 
36.640660 
36.626180 
36.611699 
36.597218 
36.582738 
36.568257 
36.553777 
36.539296 
36.524815 
36.510335 
36.495854 
36.481373 
36.466893 
36.452412 
36.437931 
36.423451 
36.408970 
36.394489 
36.380009 
36.365528 
36.351047 
36.336567 
36.322086 
36.307605 
36.293125 
36.278644 
36.264163 
36.249683 
36.235202 
36.220721 
36.206241 
36.191760 
36.177279 
36.162799 
36.148318 
36.133838 
36.119357 
36.104876 
36.090396 
36.075915 
36.061434 
36.046954 
36.032473 
36.017992 
36.003512 
35.989031 
35.974550 
35.960070 
35.945589 
35.931108 
35.916628 
35.902147 
35.887666 
35.873186 
35.858705 
35.844224 
35.829744 
35.815263 
35.800782 
35.786302 
35.771821 
35.757340 
35.742860 
35.728379 
35.713899 
35.699418 
35.684937 
35.670457 
35.655976 
35.641495 
35.627015 
35.612534 
35.598053 
35.583573 
35.569092 
35.554611 
35.540131 
35.525650 
35.511169 
35.496689 
35.482208 
35.467727 
35.453247 
35.438766 
35.424285 
35.409805 
35.395324 
35.380843 
35.366363 
35.351882 
35.337401 
35.322921 
35.308440 
35.293960 
35.279479 
35.264998 
35.250518 
35.236037 
35.221556 
35.207076 
35.192595 
35.178114 
35.163634 
35.149153 
35.134672 
35.120192 
35.105711 
35.091230 
35.076750 
35.062269 
35.047788 
35.033308 
35.018827 
35.004346 
34.989866 
34.975385 
34.960904 
34.946424 
34.931943 
34.917462 
34.902982 
34.888501 
34.874021 
34.859540 
34.845059 
34.830579 
34.816098 
34.801617 
34.787137 
34.772656 
34.758175 
34.743695 
34.729214 
34.714733 
34.700253 
34.685772 
34.671291 
34.656811 
34.642330 
34.627849 
34.613369 
34.598888 
34.584407 
34.569927 
34.555446 
34.540965 
34.526485 
34.512004 
34.497523 
34.483043 
34.468562 
34.454082 
34.439601 
34.425120 
34.410640 
34.396159 
34.381678 
34.367198 
34.352717 
34.338236 
34.323756 
34.309275 
34.294794 
34.280314 
34.265833 
34.251352 
34.236872 
34.222391 
34.207910 
34.193430 
34.178949 
34.164468 
34.149988 
34.135507 
34.121026 
34.106546 
34.092065 
34.077585 
34.063104 
34.048623 
34.034143 
34.019662 
34.005181 
33.990701 
33.976220 
33.961739 
33.947259 
33.932778 
33.918297 
33.903817 
33.889336 
33.874855 
33.860375 
33.845894 
33.831413 
33.816933 
33.802452 
33.787971 
33.773491 
33.759010 
33.744529 
33.730049 
33.715568 
33.701087 
33.686607 
33.672126 
33.657646 
33.643165 
33.628684 
33.614204 
33.599723 
33.585242 
33.570762 
33.556281 
33.541800 
33.527320 
33.512839 
33.498358 
33.483878 
33.469397 
33.454916 
33.440436 
33.425955 
33.411474 
33.396994 
33.382513 
33.368032 
33.353552 
33.339071 
33.324590 
33.310110 
33.295629 
33.281148 
33.266668 
33.252187 
33.237707 
33.223226 
33.208745 
33.194265 
33.179784 
33.165303 
33.150823 
33.136342 
33.121861 
33.107381 
33.092900 
33.078419 
33.063939 
33.049458 
33.034977 
33.020497 
33.006016 
32.991535 
32.977055 
32.962574 
32.948093 
32.933613 
32.919132 
32.904651 
32.890171 
32.875690 
32.861209 
32.846729 
32.832248 
32.817768 
32.803287 
32.788806 
32.774326 
32.759845 
32.745364 
32.730884 
32.716403 
32.701922 
32.687442 
32.672961 
32.658480 
32.644000 
32.629519 
32.615038 
32.600558 
32.586077 
32.571596 
32.557116 
32.542635 
32.528154 
32.513674 
32.499193 
32.484712 
32.470232 
32.455751 
32.441270 
32.426790 
32.412309 
32.397829 
32.383348 
32.368867 
32.354387 
32.339906 
32.325425 
32.310945 
32.296464 
32.281983 
32.267503 
32.253022 
32.238541 
32.224061 
32.209580 
32.195099 
32.180619 
32.166138 
32.151657 
32.137177 
32.122696 
32.108215 
32.093735 
32.079254 
32.064773 
32.050293 
32.035812 
32.021331 
32.006851 
31.992370 
31.977890 
31.963409 
31.948928 
31.934448 
31.919967 
31.905486 
31.891006 
31.876525 
31.862044 
31.847564 
31.833083 
31.818602 
31.804122 
31.789641 
31.775160 
31.760680 
31.746199 
31.731718 
31.717238 
31.702757 
31.688276 
31.673796 
31.659315 
31.644834 
31.630354 
31.615873 
31.601392 
31.586912 
31.572431 
31.557951 
31.543470 
31.528989 
31.514509 
31.500028 
31.485547 
31.471067 
31.456586 
31.442105 
31.427625 
31.413144 
31.398663 
31.384183 
31.369702 
31.355221 
31.340741 
31.326260 
31.311779 
31.297299 
31.282818 
31.268337 
31.253857 
31.239376 
31.224895 
31.210415 
31.195934 
31.181453 
31.166973 
31.152492 
31.138012 
31.123531 
31.109050 
31.094570 
31.080089 
31.065608 
31.051128 
31.036647 
31.022166 
31.007686 
30.993205 
30.978724 
30.964244 
30.949763 
30.935282 
30.920802 
30.906321 
30.891840 
30.877360 
30.862879 
30.848398 
30.833918 
30.819437 
30.804956 
30.790476 
30.775995 
30.761514 
30.747034 
30.732553 
30.718073 
30.703592 
30.689111 
30.674631 
30.660150 
30.645669 
30.631189 
30.616708 
30.602227 
30.587747 
30.573266 
30.558785 
30.544305 
30.529824 
30.515343 
30.500863 
30.486382 
30.471901 
30.457421 
30.442940 
30.428459 
30.413979 
30.399498 
30.385017 
30.370537 
30.356056 
30.341575 
30.327095 
30.312614 
30.298134 
30.283653 
30.269172 
30.254692 
30.240211 
30.225730 
30.211250 
30.196769 
30.182288 
30.167808 
30.153327 
30.138846 
30.124366 
30.109885 
30.095404 
30.080924 
30.066443 
30.051962 
30.037482 
30.023001 
30.008520 
29.994040 
29.979559 
29.965078 
29.950598 
29.936117 
29.921636 
29.907156 
29.892675 
29.878195 
29.863714 
29.849233 
29.834753 
29.820272 
29.805791 
29.791311 
29.776830 
29.762349 
29.747869 
29.733388 
29.718907 
29.704427 
29.689946 
29.675465 
29.660985 
29.646504 
29.632023 
29.617543 
29.603062 
29.588581 
29.574101 
29.559620 
29.545139 
29.530659 
29.516178 
29.501697 
29.487217 
29.472736 
29.458256 
29.443775 
29.429294 
29.414814 
29.400333 
29.385852 
29.371372 
29.356891 
29.342410 
29.327930 
29.313449 
29.298968 
29.284488 
29.270007 
29.255526 
29.241046 
29.226565 
29.212084 
29.197604 
29.183123 
29.168642 
29.154162 
29.139681 
29.125200 
29.110720 
29.096239 
29.081758 
29.067278 
29.052797 
29.038317 
29.023836 
29.009355 
28.994875 
28.980394 
28.965913 
28.951433 
28.936952 
28.922471 
28.907991 
28.893510 
28.879029 
28.864549 
28.850068 
28.835587 
28.821107 
28.806626 
28.792145 
28.777665 
28.763184 
28.748703 
28.734223 
28.719742 
28.705261 
28.690781 
28.676300 
28.661820 
28.647339 
28.632858 
28.618378 
28.603897 
28.589416 
28.574936 
28.560455 
28.545974 
28.531494 
28.517013 
28.502532 
28.488052 
28.473571 
28.459090 
28.444610 
28.430129 
28.415648 
28.401168 
28.386687 
28.372206 
28.357726 
28.343245 
28.328764 
28.314284 
28.299803 
28.285322 
28.270842 
28.256361 
28.241881 
28.227400 
28.212919 
28.198439 
28.183958 
28.169477 
28.154997 
28.140516 
28.126035 
28.111555 
28.097074 
28.082593 
28.068113 
28.053632 
28.039151 
28.024671 
28.010190 
27.995709 
27.981229 
27.966748 
27.952267 
27.937787 
27.923306 
27.908825 
27.894345 
27.879864 
27.865383 
27.850903 
27.836422 
27.821942 
27.807461 
27.792980 
27.778500 
27.764019 
27.749538 
27.735058 
27.720577 
27.706096 
27.691616 
27.677135 
27.662654 
27.648174 
27.633693 
27.619212 
27.604732 
27.590251 
27.575770 
27.561290 
27.546809 
27.532328 
27.517848 
27.503367 
27.488886 
27.474406 
27.459925 
27.445444 
27.430964 
27.416483 
27.402003 
27.387522 
27.373041 
27.358561 
27.344080 
27.329599 
27.315119 
27.300638 
27.286157 
27.271677 
27.257196 
27.242715 
27.228235 
27.213754 
27.199273 
27.184793 
27.170312 
27.155831 
27.141351 
27.126870 
27.112389 
27.097909 
27.083428 
27.068947 
27.054467 
27.039986 
27.025505 
27.011025 
26.996544 
26.982064 
26.967583 
26.953102 
26.938622 
26.924141 
26.909660 
26.895180 
26.880699 
26.866218 
26.851738 
26.837257 
26.822776 
26.808296 
26.793815 
26.779334 
26.764854 
26.750373 
26.735892 
26.721412 
26.706931 
26.692450 
26.677970 
26.663489 
26.649008 
26.634528 
26.620047 
26.605566 
26.591086 
26.576605 
26.562125 
26.547644 
26.533163 
26.518683 
26.504202 
26.489721 
26.475241 
26.460760 
26.446279 
26.431799 
26.417318 
26.402837 
26.388357 
26.373876 
26.359395 
26.344915 
26.330434 
26.315953 
26.301473 
26.286992 
26.272511 
26.258031 
26.243550 
26.229069 
26.214589 
26.200108 
26.185627 
26.171147 
26.156666 
26.142186 
26.127705 
26.113224 
26.098744 
26.084263 
26.069782 
26.055302 
26.040821 
26.026340 
26.011860 
25.997379 
25.982898 
25.968418 
25.953937 
25.939456 
25.924976 
25.910495 
25.896014 
25.881534 
25.867053 
25.852572 
25.838092 
25.823611 
25.809130 
25.794650 
25.780169 
25.765688 
25.751208 
25.736727 
25.722247 
25.707766 
25.693285 
25.678805 
25.664324 
25.649843 
25.635363 
25.620882 
25.606401 
25.591921 
25.577440 
25.562959 
25.548479 
25.533998 
25.519517 
25.505037 
25.490556 
25.476075 
25.461595 
25.447114 
25.432633 
25.418153 
25.403672 
25.389191 
25.374711 
25.360230 
25.345749 
25.331269 
25.316788 
25.302308 
25.287827 
25.273346 
25.258866 
25.244385 
25.229904 
25.215424 
25.200943 
25.186462 
25.171982 
25.157501 
25.143020 
25.128540 
25.114059 
25.099578 
25.085098 
25.070617 
25.056136 
25.041656 
25.027175 
25.012694 
24.998214 
24.983733 
24.969252 
24.954772 
24.940291 
24.925810 
24.911330 
24.896849 
24.882369 
24.867888 
24.853407 
24.838927 
24.824446 
24.809965 
24.795485 
24.781004 
24.766523 
24.752043 
24.737562 
24.723081 
24.708601 
24.694120 
24.679639 
24.665159 
24.650678 
24.636197 
24.621717 
24.607236 
24.592755 
24.578275 
24.563794 
24.549313 
24.534833 
24.520352 
24.505871 
24.491391 
24.476910 
24.462430 
24.447949 
24.433468 
24.418988 
24.404507 
24.390026 
24.375546 
24.361065 
24.346584 
24.332104 
24.317623 
24.303142 
24.288662 
24.274181 
24.259700 
24.245220 
24.230739 
24.216258 
24.201778 
24.187297 
24.172816 
24.158336 
24.143855 
24.129374 
24.114894 
24.100413 
24.085932 
24.071452 
24.056971 
24.042491 
24.028010 
24.013529 
23.999049 
23.984568 
23.970087 
23.955607 
23.941126 
23.926645 
23.912165 
23.897684 
23.883203 
23.868723 
23.854242 
23.839761 
23.825281 
23.810800 
23.796319 
23.781839 
23.767358 
23.752877 
23.738397 
23.723916 
23.709435 
23.694955 
23.680474 
23.665993 
23.651513 
23.637032 
23.622552 
23.608071 
23.593590 
23.579110 
23.564629 
23.550148 
23.535668 
23.521187 
23.506706 
23.492226 
23.477745 
23.463264 
23.448784 
23.434303 
23.419822 
23.405342 
23.390861 
23.376380 
23.361900 
23.347419 
23.332938 
23.318458 
23.303977 
23.289496 
23.275016 
23.260535 
23.246055 
23.231574 
23.217093 
23.202613 
23.188132 
23.173651 
23.159171 
23.144690 
23.130209 
23.115729 
23.101248 
23.086767 
23.072287 
23.057806 
23.043325 
23.028845 
23.014364 
22.999883 
22.985403 
22.970922 
22.956441 
22.941961 
22.927480 
22.912999 
22.898519 
22.884038 
22.869557 
22.855077 
22.840596 
22.826116 
22.811635 
22.797154 
22.782674 
22.768193 
22.753712 
22.739232 
22.724751 
22.710270 
22.695790 
22.681309 
22.666828 
22.652348 
22.637867 
22.623386 
22.608906 
22.594425 
22.579944 
22.565464 
22.550983 
22.536502 
22.522022 
22.507541 
22.493060 
22.478580 
22.464099 
22.449618 
22.435138 
22.420657 
22.406177 
22.391696 
22.377215 
22.362735 
22.348254 
22.333773 
22.319293 
22.304812 
22.290331 
22.275851 
22.261370 
22.246889 
22.232409 
22.217928 
22.203447 
22.188967 
22.174486 
22.160005 
22.145525 
22.131044 
22.116563 
22.102083 
22.087602 
22.073121 
22.058641 
22.044160 
22.029679 
22.015199 
22.000718 
21.986238 
21.971757 
21.957276 
21.942796 
21.928315 
21.913834 
21.899354 
21.884873 
21.870392 
21.855912 
21.841431 
21.826950 
21.812470 
21.797989 
21.783508 
21.769028 
21.754547 
21.740066 
21.725586 
21.711105 
21.696624 
21.682144 
21.667663 
21.653182 
21.638702 
21.624221 
21.609740 
21.595260 
21.580779 
21.566299 
21.551818 
21.537337 
21.522857 
21.508376 
21.493895 
21.479415 
21.464934 
21.450453 
21.435973 
21.421492 
21.407011 
21.392531 
21.378050 
21.363569 
21.349089 
21.334608 
21.320127 
21.305647 
21.291166 
21.276685 
21.262205 
21.247724 
21.233243 
21.218763 
21.204282 
21.189801 
21.175321 
21.160840 
21.146360 
21.131879 
21.117398 
21.102918 
21.088437 
21.073956 
21.059476 
21.044995 
21.030514 
21.016034 
21.001553 
20.987072 
20.972592 
20.958111 
20.943630 
20.929150 
20.914669 
20.900188 
20.885708 
20.871227 
20.856746 
20.842266 
20.827785 
20.813304 
20.798824 
20.784343 
20.769862 
20.755382 
20.740901 
20.726421 
20.711940 
20.697459 
20.682979 
20.668498 
20.654017 
20.639537 
20.625056 
20.610575 
20.596095 
20.581614 
20.567133 
20.552653 
20.538172 
20.523691 
20.509211 
20.494730 
20.480249 
20.465769 
20.451288 
20.436807 
20.422327 
20.407846 
20.393365 
20.378885 
20.364404 
20.349923 
20.335443 
20.320962 
20.306482 
20.292001 
20.277520 
20.263040 
20.248559 
20.234078 
20.219598 
20.205117 
20.190636 
20.176156 
20.161675 
20.147194 
20.132714 
20.118233 
20.103752 
20.089272 
20.074791 
20.060310 
20.045830 
20.031349 
20.016868 
20.002388 
19.987907 
19.973426 
19.958946 
19.944465 
19.929984 
19.915504 
19.901023 
19.886543 
19.872062 
19.857581 
19.843101 
19.828620 
19.814139 
19.799659 
19.785178 
19.770697 
19.756217 
19.741736 
19.727255 
19.712775 
19.698294 
19.683813 
19.669333 
19.654852 
19.640371 
19.625891 
19.611410 
19.596929 
19.582449 
19.567968 
19.553487 
19.539007 
19.524526 
19.510045 
19.495565 
19.481084 
19.466604 
19.452123 
19.437642 
19.423162 
19.408681 
19.394200 
19.379720 
19.365239 
19.350758 
19.336278 
19.321797 
19.307316 
19.292836 
19.278355 
19.263874 
19.249394 
19.234913 
19.220432 
19.205952 
19.191471 
19.176990 
19.162510 
19.148029 
19.133548 
19.119068 
19.104587 
19.090106 
19.075626 
19.061145 
19.046665 
19.032184 
19.017703 
19.003223 
18.988742 
18.974261 
18.959781 
18.945300 
18.930819 
18.916339 
18.901858 
18.887377 
18.872897 
18.858416 
18.843935 
18.829455 
18.814974 
18.800493 
18.786013 
18.771532 
18.757051 
18.742571 
18.728090 
18.713609 
18.699129 
18.684648 
18.670167 
18.655687 
18.641206 
18.626726 
18.612245 
18.597764 
18.583284 
18.568803 
18.554322 
18.539842 
18.525361 
18.510880 
18.496400 
18.481919 
18.467438 
18.452958 
18.438477 
18.423996 
18.409516 
18.395035 
18.380554 
18.366074 
18.351593 
18.337112 
18.322632 
18.308151 
18.293670 
18.279190 
18.264709 
18.250228 
18.235748 
18.221267 
18.206787 
18.192306 
18.177825 
18.163345 
18.148864 
18.134383 
18.119903 
18.105422 
18.090941 
18.076461 
18.061980 
18.047499 
18.033019 
18.018538 
18.004057 
17.989577 
17.975096 
17.960615 
17.946135 
17.931654 
17.917173 
17.902693 
17.888212 
17.873731 
17.859251 
17.844770 
17.830290 
17.815809 
17.801328 
17.786848 
17.772367 
17.757886 
17.743406 
17.728925 
17.714444 
17.699964 
17.685483 
17.671002 
17.656522 
17.642041 
17.627560 
17.613080 
17.598599 
17.584118 
17.569638 
17.555157 
17.540676 
17.526196 
17.511715 
17.497234 
17.482754 
17.468273 
17.453792 
17.439312 
17.424831 
17.410351 
17.395870 
17.381389 
17.366909 
17.352428 
17.337947 
17.323467 
17.308986 
17.294505 
17.280025 
17.265544 
17.251063 
17.236583 
17.222102 
17.207621 
17.193141 
17.178660 
17.164179 
17.149699 
17.135218 
17.120737 
17.106257 
17.091776 
17.077295 
17.062815 
17.048334 
17.033853 
17.019373 
17.004892 
16.990412 
16.975931 
16.961450 
16.946970 
16.932489 
16.918008 
16.903528 
16.889047 
16.874566 
16.860086 
16.845605 
16.831124 
16.816644 
16.802163 
16.787682 
16.773202 
16.758721 
16.744240 
16.729760 
16.715279 
16.700798 
16.686318 
16.671837 
16.657356 
16.642876 
16.628395 
16.613914 
16.599434 
16.584953 
16.570473 
16.555992 
16.541511 
16.527031 
16.512550 
16.498069 
16.483589 
16.469108 
16.454627 
16.440147 
16.425666 
16.411185 
16.396705 
16.382224 
16.367743 
16.353263 
16.338782 
16.324301 
16.309821 
16.295340 
16.280859 
16.266379 
16.251898 
16.237417 
16.222937 
16.208456 
16.193975 
16.179495 
16.165014 
16.150534 
16.136053 
16.121572 
16.107092 
16.092611 
16.078130 
16.063650 
16.049169 
16.034688 
16.020208 
16.005727 
15.991246 
15.976766 
15.962285 
15.947804 
15.933324 
15.918843 
15.904362 
15.889882 
15.875401 
15.860920 
15.846440 
15.831959 
15.817478 
15.802998 
15.788517 
15.774036 
15.759556 
15.745075 
15.730595 
15.716114 
15.701633 
15.687153 
15.672672 
15.658191 
15.643711 
15.629230 
15.614749 
15.600269 
15.585788 
15.571307 
15.556827 
15.542346 
15.527865 
15.513385 
15.498904 
15.484423 
15.469943 
15.455462 
15.440981 
15.426501 
15.412020 
15.397539 
15.383059 
15.368578 
15.354097 
15.339617 
15.325136 
15.310656 
15.296175 
15.281694 
15.267214 
15.252733 
15.238252 
15.223772 
15.209291 
15.194810 
15.180330 
15.165849 
15.151368 
15.136888 
15.122407 
15.107926 
15.093446 
15.078965 
15.064484 
15.050004 
15.035523 
15.021042 
15.006562 
14.992081 
14.977600 
14.963120 
14.948639 
14.934158 
14.919678 
14.905197 
14.890717 
14.876236 
14.861755 
14.847275 
14.832794 
14.818313 
14.803833 
14.789352 
14.774871 
14.760391 
14.745910 
14.731429 
14.716949 
14.702468 
14.687987 
14.673507 
14.659026 
14.644545 
14.630065 
14.615584 
14.601103 
14.586623 
14.572142 
14.557661 
14.543181 
14.528700 
14.514219 
14.499739 
14.485258 
14.470778 
14.456297 
14.441816 
14.427336 
14.412855 
14.398374 
14.383894 
14.369413 
14.354932 
14.340452 
14.325971 
14.311490 
14.297010 
14.282529 
14.268048 
14.253568 
14.239087 
14.224606 
14.210126 
14.195645 
14.181164 
14.166684 
14.152203 
14.137722 
14.123242 
14.108761 
14.094280 
14.079800 
14.065319 
14.050839 
14.036358 
14.021877 
14.007397 
13.992916 
13.978435 
13.963955 
13.949474 
13.934993 
13.920513 
13.906032 
13.891551 
13.877071 
13.862590 
13.848109 
13.833629 
13.819148 
13.804667 
13.790187 
13.775706 
13.761225 
13.746745 
13.732264 
13.717783 
13.703303 
13.688822 
13.674341 
13.659861 
13.645380 
13.630900 
13.616419 
13.601938 
13.587458 
13.572977 
13.558496 
13.544016 
13.529535 
13.515054 
13.500574 
13.486093 
13.471612 
13.457132 
13.442651 
13.428170 
13.413690 
13.399209 
13.384728 
13.370248 
13.355767 
13.341286 
13.326806 
13.312325 
13.297844 
13.283364 
13.268883 
13.254402 
13.239922 
13.225441 
13.210961 
13.196480 
13.181999 
13.167519 
13.153038 
13.138557 
13.124077 
13.109596 
13.095115 
13.080635 
13.066154 
13.051673 
13.037193 
13.022712 
13.008231 
12.993751 
12.979270 
12.964789 
12.950309 
12.935828 
12.921347 
12.906867 
12.892386 
12.877905 
12.863425 
12.848944 
12.834463 
12.819983 
12.805502 
12.791022 
12.776541 
12.762060 
12.747580 
12.733099 
12.718618 
12.704138 
12.689657 
12.675176 
12.660696 
12.646215 
12.631734 
12.617254 
12.602773 
12.588292 
12.573812 
12.559331 
12.544850 
12.530370 
12.515889 
12.501408 
12.486928 
12.472447 
12.457966 
12.443486 
12.429005 
12.414525 
12.400044 
12.385563 
12.371083 
12.356602 
12.342121 
12.327641 
12.313160 
12.298679 
12.284199 
12.269718 
12.255237 
12.240757 
12.226276 
12.211795 
12.197315 
12.182834 
12.168353 
12.153873 
12.139392 
12.124911 
12.110431 
12.095950 
12.081469 
12.066989 
12.052508 
12.038027 
12.023547 
12.009066 
11.994586 
11.980105 
11.965624 
11.951144 
11.936663 
11.922182 
11.907702 
11.893221 
11.878740 
11.864260 
11.849779 
11.835298 
11.820818 
11.806337 
11.791856 
11.777376 
11.762895 
11.748414 
11.733934 
11.719453 
11.704972 
11.690492 
11.676011 
11.661530 
11.647050 
11.632569 
11.618088 
11.603608 
11.589127 
11.574647 
11.560166 
11.545685 
11.531205 
11.516724 
11.502243 
11.487763 
11.473282 
11.458801 
11.444321 
11.429840 
11.415359 
11.400879 
11.386398 
11.371917 
11.357437 
11.342956 
11.328475 
11.313995 
11.299514 
11.285033 
11.270553 
11.256072 
11.241591 
11.227111 
11.212630 
11.198149 
11.183669 
11.169188 
11.154708 
11.140227 
11.125746 
11.111266 
11.096785 
11.082304 
11.067824 
11.053343 
11.038862 
11.024382 
11.009901 
10.995420 
10.980940 
10.966459 
10.951978 
10.937498 
10.923017 
10.908536 
10.894056 
10.879575 
10.865094 
10.850614 
10.836133 
10.821652 
10.807172 
10.792691 
10.778210 
10.763730 
10.749249 
10.734769 
10.720288 
10.705807 
10.691327 
10.676846 
10.662365 
10.647885 
10.633404 
10.618923 
10.604443 
10.589962 
10.575481 
10.561001 
10.546520 
10.532039 
10.517559 
10.503078 
10.488597 
10.474117 
10.459636 
10.445155 
10.430675 
10.416194 
10.401713 
10.387233 
10.372752 
10.358271 
10.343791 
10.329310 
10.314830 
10.300349 
10.285868 
10.271388 
10.256907 
10.242426 
10.227946 
10.213465 
10.198984 
10.184504 
10.170023 
10.155542 
10.141062 
10.126581 
10.112100 
10.097620 
10.083139 
10.068658 
10.054178 
10.039697 
10.025216 
10.010736 
9.996255 
9.981774 
9.967294 
9.952813 
9.938332 
9.923852 
9.909371 
9.894891 
9.880410 
9.865929 
9.851449 
9.836968 
9.822487 
9.808007 
9.793526 
9.779045 
9.764565 
9.750084 
9.735603 
9.721123 
9.706642 
9.692161 
9.677681 
9.663200 
9.648719 
9.634239 
9.619758 
9.605277 
9.590797 
9.576316 
9.561835 
9.547355 
9.532874 
9.518393 
9.503913 
9.489432 
9.474952 
9.460471 
9.445990 
9.431510 
9.417029 
9.402548 
9.388068 
9.373587 
9.359106 
9.344626 
9.330145 
9.315664 
9.301184 
9.286703 
9.272222 
9.257742 
9.243261 
9.228780 
9.214300 
9.199819 
9.185338 
9.170858 
9.156377 
9.141896 
9.127416 
9.112935 
9.098454 
9.083974 
9.069493 
9.055013 
9.040532 
9.026051 
9.011571 
8.997090 
8.982609 
8.968129 
8.953648 
8.939167 
8.924687 
8.910206 
8.895725 
8.881245 
8.866764 
8.852283 
8.837803 
8.823322 
8.808841 
8.794361 
8.779880 
8.765399 
8.750919 
8.736438 
8.721957 
8.707477 
8.692996 
8.678515 
8.664035 
8.649554 
8.635074 
8.620593 
8.606112 
8.591632 
8.577151 
8.562670 
8.548190 
8.533709 
8.519228 
8.504748 
8.490267 
8.475786 
8.461306 
8.446825 
8.432344 
8.417864 
8.403383 
8.388902 
8.374422 
8.359941 
8.345460 
8.330980 
8.316499 
8.302018 
8.287538 
8.273057 
8.258576 
8.244096 
8.229615 
8.215135 
8.200654 
8.186173 
8.171693 
8.157212 
8.142731 
8.128251 
8.113770 
8.099289 
8.084809 
8.070328 
8.055847 
8.041367 
8.026886 
8.012405 
7.997925 
7.983444 
7.968963 
7.954483 
7.940002 
7.925521 
7.911041 
7.896560 
7.882079 
7.867599 
7.853118 
7.838637 
7.824157 
7.809676 
7.795196 
7.780715 
7.766234 
7.751754 
7.737273 
7.722792 
7.708312 
7.693831 
7.679350 
7.664870 
7.650389 
7.635908 
7.621428 
7.606947 
7.592466 
7.577986 
7.563505 
7.549024 
7.534544 
7.520063 
7.505582 
7.491102 
7.476621 
7.462140 
7.447660 
7.433179 
7.418698 
7.404218 
7.389737 
7.375257 
7.360776 
7.346295 
7.331815 
7.317334 
7.302853 
7.288373 
7.273892 
7.259411 
7.244931 
7.230450 
7.215969 
7.201489 
7.187008 
7.172527 
7.158047 
7.143566 
7.129085 
7.114605 
7.100124 
7.085643 
7.071163 
7.056682 
7.042201 
7.027721 
7.013240 
6.998759 
6.984279 
6.969798 
6.955318 
6.940837 
6.926356 
6.911876 
6.897395 
6.882914 
6.868434 
6.853953 
6.839472 
6.824992 
6.810511 
6.796030 
6.781550 
6.767069 
6.752588 
6.738108 
6.723627 
6.709146 
6.694666 
6.680185 
6.665704 
6.651224 
6.636743 
6.622262 
6.607782 
6.593301 
6.578821 
6.564340 
6.549859 
6.535379 
6.520898 
6.506417 
6.491937 
6.477456 
6.462975 
6.448495 
6.434014 
6.419533 
6.405053 
6.390572 
6.376091 
6.361611 
6.347130 
6.332649 
6.318169 
6.303688 
6.289207 
6.274727 
6.260246 
6.245765 
6.231285 
6.216804 
6.202323 
6.187843 
6.173362 
6.158882 
6.144401 
6.129920 
6.115440 
6.100959 
6.086478 
6.071998 
6.057517 
6.043036 
6.028556 
6.014075 
5.999594 
5.985114 
5.970633 
5.956152 
5.941672 
5.927191 
5.912710 
5.898230 
5.883749 
5.869268 
5.854788 
5.840307 
5.825826 
5.811346 
5.796865 
5.782384 
5.767904 
5.753423 
5.738943 
5.724462 
5.709981 
5.695501 
5.681020 
5.666539 
5.652059 
5.637578 
5.623097 
5.608617 
5.594136 
5.579655 
5.565175 
5.550694 
5.536213 
5.521733 
5.507252 
5.492771 
5.478291 
5.463810 
5.449329 
5.434849 
5.420368 
5.405887 
5.391407 
5.376926 
5.362445 
5.347965 
5.333484 
5.319004 
5.304523 
5.290042 
5.275562 
5.261081 
5.246600 
5.232120 
5.217639 
5.203158 
5.188678 
5.174197 
5.159716 
5.145236 
5.130755 
5.116274 
5.101794 
5.087313 
5.072832 
5.058352 
5.043871 
5.029390 
5.014910 
5.000429 
4.985948 
4.971468 
4.956987 
4.942506 
4.928026 
4.913545 
4.899065 
4.884584 
4.870103 
4.855623 
4.841142 
4.826661 
4.812181 
4.797700 
4.783219 
4.768739 
4.754258 
4.739777 
4.725297 
4.710816 
4.696335 
4.681855 
4.667374 
4.652893 
4.638413 
4.623932 
4.609451 
4.594971 
4.580490 
4.566009 
4.551529 
4.537048 
4.522567 
4.508087 
4.493606 
4.479126 
4.464645 
4.450164 
4.435684 
4.421203 
4.406722 
4.392242 
4.377761 
4.363280 
4.348800 
4.334319 
4.319838 
4.305358 
4.290877 
4.276396 
4.261916 
4.247435 
4.232954 
4.218474 
4.203993 
4.189512 
4.175032 
4.160551 
4.146070 
4.131590 
4.117109 
4.102628 
4.088148 
4.073667 
4.059187 
4.044706 
4.030225 
4.015745 
4.001264 
3.986783 
3.972303 
3.957822 
3.943341 
3.928861 
3.914380 
3.899899 
3.885419 
3.870938 
3.856457 
3.841977 
3.827496 
3.813015 
3.798535 
3.784054 
3.769573 
3.755093 
3.740612 
3.726131 
3.711651 
3.697170 
3.682689 
3.668209 
3.653728 
3.639248 
3.624767 
3.610286 
3.595806 
3.581325 
3.566844 
3.552364 
3.537883 
3.523402 
3.508922 
3.494441 
3.479960 
3.465480 
3.450999 
3.436518 
3.422038 
3.407557 
3.393076 
3.378596 
3.364115 
3.349634 
3.335154 
3.320673 
3.306192 
3.291712 
3.277231 
3.262750 
3.248270 
3.233789 
3.219309 
3.204828 
3.190347 
3.175867 
3.161386 
3.146905 
3.132425 
3.117944 
3.103463 
3.088983 
3.074502 
3.060021 
3.045541 
3.031060 
3.016579 
3.002099 
2.987618 
2.973137 
2.958657 
2.944176 
2.929695 
2.915215 
2.900734 
2.886253 
2.871773 
2.857292 
2.842811 
2.828331 
2.813850 
2.799370 
2.784889 
2.770408 
2.755928 
2.741447 
2.726966 
2.712486 
2.698005 
2.683524 
2.669044 
2.654563 
2.640082 
2.625602 
2.611121 
2.596640 
2.582160 
2.567679 
2.553198 
2.538718 
2.524237 
2.509756 
2.495276 
2.480795 
2.466314 
2.451834 
2.437353 
2.422872 
2.408392 
2.393911 
2.379431 
2.364950 
2.350469 
2.335989 
2.321508 
2.307027 
2.292547 
2.278066 
2.263585 
2.249105 
2.234624 
2.220143 
2.205663 
2.191182 
2.176701 
2.162221 
2.147740 
2.133259 
2.118779 
2.104298 
2.089817 
2.075337 
2.060856 
2.046375 
2.031895 
2.017414 
2.002933 
1.988453 
1.973972 
1.959492 
1.945011 
1.930530 
1.916050 
1.901569 
1.887088 
1.872608 
1.858127 
1.843646 
1.829166 
1.814685 
1.800204 
1.785724 
1.771243 
1.756762 
1.742282 
1.727801 
1.713320 
1.698840 
1.684359 
1.669878 
1.655398 
1.640917 
1.626436 
1.611956 
1.597475 
1.582994 
1.568514 
1.554033 
1.539553 
1.525072 
1.510591 
1.496111 
1.481630 
1.467149 
1.452669 
1.438188 
1.423707 
1.409227 
1.394746 
1.380265 
1.365785 
1.351304 
1.336823 
1.322343 
1.307862 
1.293381 
1.278901 
1.264420 
1.249939 
1.235459 
1.220978 
1.206497 
1.192017 
1.177536 
1.163056 
1.148575 
1.134094 
1.119614 
1.105133 
1.090652 
1.076172 
1.061691 
1.047210 
1.032730 
1.018249 
1.003768 
0.989288 
0.974807 
0.960326 
0.945846 
0.931365 
0.916884 
0.902404 
0.887923 
0.873442 
0.858962 
0.844481 
0.830000 
0.815520 
0.801039 
0.786558 
0.772078 
0.757597 
0.743117 
0.728636 
0.714155 
0.699675 
0.685194 
0.670713 
0.656233 
0.641752 
0.627271 
0.612791 
0.598310 
0.583829 
0.569349 
0.554868 
0.540387 
0.525907 
0.511426 
0.496945 
0.482465 
0.467984 
0.453503 
0.439023 
0.424542 
0.410061 
0.395581 
0.381100 
0.366619 
0.352139 
0.337658 
0.323178 
0.308697 
0.294216 
0.279736 
0.265255 
0.250774 
0.236294 
0.221813 
0.207332 
0.192852 
0.178371 
0.163890 
0.149410 
0.134929 
0.120448 
0.105968 
0.091487 
0.077006 
0.062526 
0.048045 
0.033564 
0.019084 
0.004603 
-0.009878 
-0.024358 
-0.038839 
-0.053320 
-0.067800 
-0.082281 
-0.096761 
-0.111242 
-0.125723 
-0.140203 
-0.154684 
-0.169165 
-0.183645 
-0.198126 
-0.212607 
-0.227087 
-0.241568 
-0.256049 
-0.270529 
-0.285010 
-0.299491 
-0.313971 
-0.328452 
-0.342933 
-0.357413 
-0.371894 
-0.386375 
-0.400855 
-0.415336 
-0.429817 
-0.444297 
-0.458778 
-0.473259 
-0.487739 
-0.502220 
-0.516700 
-0.531181 
-0.545662 
-0.560142 
