330.043116 
330.034280 
330.025443 
330.016605 
330.007767 
329.998928 
329.990089 
329.981249 
329.972408 
329.963567 
329.954725 
329.945882 
329.937039 
329.928195 
329.919350 
329.910505 
329.901660 
329.892813 
329.883966 
329.875119 
329.866271 
329.857422 
329.848572 
329.839722 
329.830871 
329.822020 
329.813168 
329.804316 
329.795462 
329.786609 
329.777754 
329.768899 
329.760043 
329.751187 
329.742330 
329.733472 
329.724614 
329.715755 
329.706896 
329.698036 
329.689175 
329.680314 
329.671452 
329.662589 
329.653726 
329.644862 
329.635997 
329.627132 
329.618266 
329.609400 
329.600533 
329.591665 
329.582797 
329.573928 
329.565059 
329.556188 
329.547318 
329.538446 
329.529574 
329.520701 
329.511828 
329.502954 
329.494080 
329.485204 
329.476328 
329.467452 
329.458575 
329.449697 
329.440819 
329.431940 
329.423060 
329.414180 
329.405299 
329.396417 
329.387535 
329.378653 
329.369769 
329.360885 
329.352000 
329.343115 
329.334229 
329.325342 
329.316455 
329.307567 
329.298679 
329.289790 
329.280900 
329.272010 
329.263119 
329.254227 
329.245335 
329.236442 
329.227548 
329.218654 
329.209759 
329.200864 
329.191968 
329.183071 
329.174173 
329.165275 
329.156377 
329.147478 
329.138578 
329.129677 
329.120776 
329.111874 
329.102972 
329.094068 
329.085165 
329.076260 
329.067355 
329.058450 
329.049543 
329.040636 
329.031729 
329.022821 
329.013912 
329.005002 
328.996092 
328.987182 
328.978270 
328.969358 
328.960445 
328.951532 
328.942618 
328.933704 
328.924788 
328.915873 
328.906956 
328.898039 
328.889121 
328.880203 
328.871284 
328.862364 
328.853444 
328.844523 
328.835601 
328.826679 
328.817756 
328.808832 
328.799908 
328.790983 
328.782058 
328.773132 
328.764205 
328.755278 
328.746349 
328.737421 
328.728491 
328.719562 
328.710631 
328.701700 
328.692768 
328.683835 
328.674902 
328.665968 
328.657034 
328.648099 
328.639163 
328.630227 
328.621289 
328.612352 
328.603413 
328.594475 
328.585535 
328.576595 
328.567654 
328.558712 
328.549770 
328.540827 
328.531884 
328.522940 
328.513995 
328.505049 
328.496103 
328.487157 
328.478209 
328.469261 
328.460313 
328.451363 
328.442413 
328.433463 
328.424511 
328.415560 
328.406607 
328.397654 
328.388700 
328.379746 
328.370790 
328.361835 
328.352878 
328.343921 
328.334963 
328.326005 
328.317046 
328.308086 
328.299126 
328.290165 
328.281203 
328.272241 
328.263278 
328.254315 
328.245351 
328.236386 
328.227420 
328.218454 
328.209487 
328.200520 
328.191552 
328.182583 
328.173613 
328.164643 
328.155673 
328.146701 
328.137729 
328.128757 
328.119783 
328.110809 
328.101835 
328.092859 
328.083883 
328.074907 
328.065930 
328.056952 
328.047973 
328.038994 
328.030014 
328.021034 
328.012053 
328.003071 
327.994088 
327.985105 
327.976121 
327.967137 
327.958152 
327.949166 
327.940180 
327.931193 
327.922205 
327.913217 
327.904228 
327.895238 
327.886248 
327.877257 
327.868265 
327.859273 
327.850280 
327.841286 
327.832292 
327.823297 
327.814302 
327.805305 
327.796308 
327.787311 
327.778313 
327.769314 
327.760314 
327.751314 
327.742313 
327.733312 
327.724310 
327.715307 
327.706304 
327.697299 
327.688295 
327.679289 
327.670283 
327.661276 
327.652269 
327.643261 
327.634252 
327.625243 
327.616233 
327.607222 
327.598211 
327.589199 
327.580186 
327.571173 
327.562159 
327.553144 
327.544129 
327.535113 
327.526096 
327.517079 
327.508061 
327.499042 
327.490023 
327.481003 
327.471982 
327.462961 
327.453939 
327.444916 
327.435893 
327.426869 
327.417845 
327.408819 
327.399793 
327.390767 
327.381740 
327.372712 
327.363683 
327.354654 
327.345624 
327.336593 
327.327562 
327.318530 
327.309498 
327.300464 
327.291431 
327.282396 
327.273361 
327.264325 
327.255288 
327.246251 
327.237213 
327.228175 
327.219135 
327.210096 
327.201055 
327.192014 
327.182972 
327.173929 
327.164886 
327.155842 
327.146798 
327.137753 
327.128707 
327.119660 
327.110613 
327.101565 
327.092516 
327.083467 
327.074417 
327.065367 
327.056316 
327.047264 
327.038211 
327.029158 
327.020104 
327.011049 
327.001994 
326.992938 
326.983882 
326.974824 
326.965766 
326.956708 
326.947649 
326.938589 
326.929528 
326.920467 
326.911405 
326.902342 
326.893279 
326.884215 
326.875150 
326.866085 
326.857019 
326.847952 
326.838885 
326.829817 
326.820748 
326.811679 
326.802609 
326.793538 
326.784467 
326.775395 
326.766322 
326.757249 
326.748175 
326.739100 
326.730025 
326.720949 
326.711872 
326.702794 
326.693716 
326.684638 
326.675558 
326.666478 
326.657397 
326.648316 
326.639234 
326.630151 
326.621067 
326.611983 
326.602898 
326.593813 
326.584727 
326.575640 
326.566552 
326.557464 
326.548375 
326.539285 
326.530195 
326.521104 
326.512013 
326.502920 
326.493827 
326.484734 
326.475639 
326.466544 
326.457449 
326.448352 
326.439255 
326.430157 
326.421059 
326.411960 
326.402860 
326.393760 
326.384659 
326.375557 
326.366454 
326.357351 
326.348247 
326.339143 
326.330038 
326.320932 
326.311825 
326.302718 
326.293610 
326.284501 
326.275392 
326.266282 
326.257171 
326.248060 
326.238948 
326.229835 
326.220722 
326.211608 
326.202493 
326.193378 
326.184262 
326.175145 
326.166027 
326.156909 
326.147790 
326.138671 
326.129551 
326.120430 
326.111308 
326.102186 
326.093063 
326.083939 
326.074815 
326.065690 
326.056564 
326.047438 
326.038311 
326.029183 
326.020055 
326.010926 
326.001796 
325.992665 
325.983534 
325.974402 
325.965270 
325.956136 
325.947003 
325.937868 
325.928733 
325.919597 
325.910460 
325.901323 
325.892185 
325.883046 
325.873906 
325.864766 
325.855625 
325.846484 
325.837342 
325.828199 
325.819055 
325.809911 
325.800766 
325.791621 
325.782474 
325.773327 
325.764180 
325.755031 
325.745882 
325.736732 
325.727582 
325.718431 
325.709279 
325.700126 
325.690973 
325.681819 
325.672665 
325.663509 
325.654353 
325.645197 
325.636039 
325.626881 
325.617722 
325.608563 
325.599403 
325.590242 
325.581080 
325.571918 
325.562755 
325.553592 
325.544427 
325.535262 
325.526097 
325.516930 
325.507763 
325.498595 
325.489427 
325.480258 
325.471088 
325.461917 
325.452746 
325.443574 
325.434402 
325.425228 
325.416054 
325.406880 
325.397704 
325.388528 
325.379351 
325.370174 
325.360995 
325.351817 
325.342637 
325.333457 
325.324276 
325.315094 
325.305912 
325.296728 
325.287545 
325.278360 
325.269175 
325.259989 
325.250802 
325.241615 
325.232427 
325.223239 
325.214049 
325.204859 
325.195668 
325.186477 
325.177285 
325.168092 
325.158898 
325.149704 
325.140509 
325.131313 
325.122117 
325.112920 
325.103722 
325.094523 
325.085324 
325.076124 
325.066924 
325.057722 
325.048520 
325.039318 
325.030114 
325.020910 
325.011705 
325.002500 
324.993294 
324.984087 
324.974879 
324.965671 
324.956462 
324.947252 
324.938042 
324.928831 
324.919619 
324.910406 
324.901193 
324.891979 
324.882764 
324.873549 
324.864333 
324.855116 
324.845899 
324.836680 
324.827461 
324.818242 
324.809022 
324.799801 
324.790579 
324.781356 
324.772133 
324.762909 
324.753685 
324.744460 
324.735234 
324.726007 
324.716780 
324.707551 
324.698323 
324.689093 
324.679863 
324.670632 
324.661400 
324.652168 
324.642935 
324.633701 
324.624467 
324.615232 
324.605996 
324.596759 
324.587522 
324.578284 
324.569045 
324.559806 
324.550565 
324.541325 
324.532083 
324.522841 
324.513598 
324.504354 
324.495110 
324.485864 
324.476619 
324.467372 
324.458125 
324.448877 
324.439628 
324.430379 
324.421128 
324.411878 
324.402626 
324.393374 
324.384121 
324.374867 
324.365613 
324.356358 
324.347102 
324.337845 
324.328588 
324.319330 
324.310071 
324.300812 
324.291552 
324.282291 
324.273029 
324.263767 
324.254504 
324.245240 
324.235976 
324.226711 
324.217445 
324.208178 
324.198911 
324.189643 
324.180374 
324.171105 
324.161835 
324.152564 
324.143292 
324.134020 
324.124747 
324.115473 
324.106199 
324.096924 
324.087648 
324.078371 
324.069094 
324.059816 
324.050537 
324.041257 
324.031977 
324.022696 
324.013415 
324.004132 
323.994849 
323.985565 
323.976281 
323.966995 
323.957709 
323.948423 
323.939135 
323.929847 
323.920558 
323.911269 
323.901978 
323.892687 
323.883396 
323.874103 
323.864810 
323.855516 
323.846221 
323.836926 
323.827630 
323.818333 
323.809035 
323.799737 
323.790438 
323.781138 
323.771838 
323.762537 
323.753235 
323.743932 
323.734629 
323.725325 
323.716020 
323.706714 
323.697408 
323.688101 
323.678793 
323.669485 
323.660176 
323.650866 
323.641555 
323.632244 
323.622932 
323.613619 
323.604306 
323.594991 
323.585676 
323.576361 
323.567044 
323.557727 
323.548409 
323.539091 
323.529771 
323.520451 
323.511130 
323.501809 
323.492487 
323.483164 
323.473840 
323.464515 
323.455190 
323.445864 
323.436538 
323.427210 
323.417882 
323.408553 
323.399224 
323.389893 
323.380562 
323.371231 
323.361898 
323.352565 
323.343231 
323.333896 
323.324561 
323.315225 
323.305888 
323.296550 
323.287212 
323.277873 
323.268533 
323.259192 
323.249851 
323.240509 
323.231166 
323.221823 
323.212478 
323.203133 
323.193788 
323.184441 
323.175094 
323.165746 
323.156398 
323.147048 
323.137698 
323.128347 
323.118996 
323.109643 
323.100290 
323.090936 
323.081582 
323.072227 
323.062871 
323.053514 
323.044156 
323.034798 
323.025439 
323.016079 
323.006719 
322.997358 
322.987996 
322.978633 
322.969270 
322.959906 
322.950541 
322.941175 
322.931809 
322.922442 
322.913074 
322.903705 
322.894336 
322.884966 
322.875595 
322.866224 
322.856851 
322.847478 
322.838104 
322.828730 
322.819355 
322.809979 
322.800602 
322.791225 
322.781846 
322.772467 
322.763088 
322.753707 
322.744326 
322.734944 
322.725561 
322.716178 
322.706794 
322.697409 
322.688023 
322.678637 
322.669250 
322.659862 
322.650473 
322.641084 
322.631694 
322.622303 
322.612911 
322.603519 
322.594126 
322.584732 
322.575337 
322.565942 
322.556546 
322.547149 
322.537751 
322.528353 
322.518954 
322.509554 
322.500153 
322.490752 
322.481350 
322.471947 
322.462544 
322.453139 
322.443734 
322.434328 
322.424922 
322.415515 
322.406107 
322.396698 
322.387288 
322.377878 
322.368467 
322.359055 
322.349642 
322.340229 
322.330815 
322.321400 
322.311985 
322.302568 
322.293151 
322.283733 
322.274315 
322.264895 
322.255475 
322.246054 
322.236633 
322.227211 
322.217787 
322.208364 
322.198939 
322.189514 
322.180087 
322.170661 
322.161233 
322.151805 
322.142376 
322.132946 
322.123515 
322.114084 
322.104651 
322.095219 
322.085785 
322.076350 
322.066915 
322.057479 
322.048043 
322.038605 
322.029167 
322.019728 
322.010288 
322.000848 
321.991407 
321.981965 
321.972522 
321.963078 
321.953634 
321.944189 
321.934743 
321.925297 
321.915850 
321.906401 
321.896953 
321.887503 
321.878053 
321.868602 
321.859150 
321.849697 
321.840244 
321.830790 
321.821335 
321.811879 
321.802423 
321.792966 
321.783508 
321.774049 
321.764589 
321.755129 
321.745668 
321.736207 
321.726744 
321.717281 
321.707817 
321.698352 
321.688886 
321.679420 
321.669953 
321.660485 
321.651016 
321.641547 
321.632077 
321.622606 
321.613134 
321.603662 
321.594189 
321.584715 
321.575240 
321.565765 
321.556288 
321.546811 
321.537333 
321.527855 
321.518376 
321.508895 
321.499415 
321.489933 
321.480451 
321.470967 
321.461483 
321.451999 
321.442513 
321.433027 
321.423540 
321.414052 
321.404564 
321.395074 
321.385584 
321.376093 
321.366602 
321.357109 
321.347616 
321.338122 
321.328628 
321.319132 
321.309636 
321.300139 
321.290641 
321.281143 
321.271643 
321.262143 
321.252642 
321.243141 
321.233638 
321.224135 
321.214631 
321.205126 
321.195621 
321.186115 
321.176608 
321.167100 
321.157591 
321.148082 
321.138572 
321.129061 
321.119549 
321.110037 
321.100523 
321.091009 
321.081495 
321.071979 
321.062463 
321.052946 
321.043428 
321.033909 
321.024390 
321.014869 
321.005348 
320.995827 
320.986304 
320.976781 
320.967257 
320.957732 
320.948206 
320.938680 
320.929153 
320.919625 
320.910096 
320.900566 
320.891036 
320.881505 
320.871973 
320.862440 
320.852907 
320.843373 
320.833838 
320.824302 
320.814765 
320.805228 
320.795690 
320.786151 
320.776611 
320.767071 
320.757530 
320.747988 
320.738445 
320.728901 
320.719357 
320.709812 
320.700266 
320.690719 
320.681172 
320.671623 
320.662074 
320.652524 
320.642974 
320.633422 
320.623870 
320.614317 
320.604763 
320.595209 
320.585653 
320.576097 
320.566540 
320.556983 
320.547424 
320.537865 
320.528305 
320.518744 
320.509182 
320.499620 
320.490057 
320.480493 
320.470928 
320.461363 
320.451796 
320.442229 
320.432661 
320.423093 
320.413523 
320.403953 
320.394382 
320.384810 
320.375237 
320.365664 
320.356090 
320.346514 
320.336939 
320.327362 
320.317785 
320.308207 
320.298628 
320.289048 
320.279467 
320.269886 
320.260304 
320.250721 
320.241137 
320.231553 
320.221967 
320.212381 
320.202794 
320.193207 
320.183618 
320.174029 
320.164439 
320.154848 
320.145257 
320.135664 
320.126071 
320.116477 
320.106882 
320.097286 
320.087690 
320.078093 
320.068495 
320.058896 
320.049296 
320.039696 
320.030095 
320.020493 
320.010890 
320.001287 
319.991682 
319.982077 
319.972471 
319.962864 
319.953257 
319.943649 
319.934039 
319.924429 
319.914819 
319.905207 
319.895595 
319.885982 
319.876368 
319.866753 
319.857138 
319.847521 
319.837904 
319.828286 
319.818667 
319.809048 
319.799428 
319.789806 
319.780185 
319.770562 
319.760938 
319.751314 
319.741689 
319.732063 
319.722436 
319.712809 
319.703180 
319.693551 
319.683921 
319.674290 
319.664659 
319.655026 
319.645393 
319.635759 
319.626125 
319.616489 
319.606853 
319.597215 
319.587577 
319.577939 
319.568299 
319.558659 
319.549018 
319.539375 
319.529733 
319.520089 
319.510445 
319.500799 
319.491153 
319.481506 
319.471859 
319.462210 
319.452561 
319.442911 
319.433260 
319.423608 
319.413956 
319.404303 
319.394649 
319.384994 
319.375338 
319.365681 
319.356024 
319.346366 
319.336707 
319.327047 
319.317386 
319.307725 
319.298063 
319.288400 
319.278736 
319.269071 
319.259406 
319.249740 
319.240072 
319.230405 
319.220736 
319.211066 
319.201396 
319.191725 
319.182053 
319.172380 
319.162706 
319.153032 
319.143357 
319.133681 
319.124004 
319.114326 
319.104648 
319.094969 
319.085288 
319.075608 
319.065926 
319.056243 
319.046560 
319.036876 
319.027191 
319.017505 
319.007818 
318.998131 
318.988443 
318.978754 
318.969064 
318.959373 
318.949681 
318.939989 
318.930296 
318.920602 
318.910907 
318.901211 
318.891515 
318.881818 
318.872120 
318.862421 
318.852721 
318.843020 
318.833319 
318.823617 
318.813914 
318.804210 
318.794505 
318.784800 
318.775094 
318.765387 
318.755679 
318.745970 
318.736260 
318.726550 
318.716839 
318.707127 
318.697414 
318.687700 
318.677986 
318.668270 
318.658554 
318.648837 
318.639119 
318.629401 
318.619681 
318.609961 
318.600240 
318.590518 
318.580795 
318.571071 
318.561347 
318.551622 
318.541896 
318.532169 
318.522441 
318.512713 
318.502983 
318.493253 
318.483522 
318.473790 
318.464057 
318.454324 
318.444590 
318.434854 
318.425118 
318.415382 
318.405644 
318.395905 
318.386166 
318.376426 
318.366685 
318.356943 
318.347201 
318.337457 
318.327713 
318.317968 
318.308222 
318.298475 
318.288727 
318.278979 
318.269229 
318.259479 
318.249728 
318.239977 
318.230224 
318.220471 
318.210716 
318.200961 
318.191205 
318.181448 
318.171691 
318.161932 
318.152173 
318.142413 
318.132652 
318.122890 
318.113127 
318.103364 
318.093600 
318.083835 
318.074069 
318.064302 
318.054534 
318.044766 
318.034996 
318.025226 
318.015455 
318.005683 
317.995911 
317.986137 
317.976363 
317.966588 
317.956812 
317.947035 
317.937257 
317.927478 
317.917699 
317.907919 
317.898138 
317.888356 
317.878573 
317.868789 
317.859005 
317.849220 
317.839434 
317.829647 
317.819859 
317.810070 
317.800281 
317.790490 
317.780699 
317.770907 
317.761114 
317.751321 
317.741526 
317.731731 
317.721935 
317.712138 
317.702340 
317.692541 
317.682741 
317.672941 
317.663139 
317.653337 
317.643534 
317.633731 
317.623926 
317.614120 
317.604314 
317.594507 
317.584699 
317.574890 
317.565080 
317.555269 
317.545458 
317.535646 
317.525833 
317.516019 
317.506204 
317.496388 
317.486571 
317.476754 
317.466936 
317.457117 
317.447297 
317.437476 
317.427654 
317.417832 
317.408008 
317.398184 
317.388359 
317.378533 
317.368707 
317.358879 
317.349051 
317.339221 
317.329391 
317.319560 
317.309728 
317.299895 
317.290062 
317.280227 
317.270392 
317.260556 
317.250719 
317.240881 
317.231043 
317.221203 
317.211363 
317.201521 
317.191679 
317.181836 
317.171992 
317.162148 
317.152302 
317.142456 
317.132609 
317.122760 
317.112911 
317.103062 
317.093211 
317.083359 
317.073507 
317.063654 
317.053800 
317.043945 
317.034089 
317.024232 
317.014375 
317.004516 
316.994657 
316.984797 
316.974936 
316.965074 
316.955211 
316.945348 
316.935483 
316.925618 
316.915752 
316.905885 
316.896017 
316.886148 
316.876278 
316.866408 
316.856537 
316.846664 
316.836791 
316.826917 
316.817043 
316.807167 
316.797290 
316.787413 
316.777535 
316.767656 
316.757776 
316.747895 
316.738013 
316.728131 
316.718247 
316.708363 
316.698478 
316.688592 
316.678705 
316.668817 
316.658928 
316.649039 
316.639148 
316.629257 
316.619365 
316.609472 
316.599578 
316.589684 
316.579788 
316.569892 
316.559994 
316.550096 
316.540197 
316.530297 
316.520396 
316.510495 
316.500592 
316.490689 
316.480784 
316.470879 
316.460973 
316.451066 
316.441158 
316.431250 
316.421340 
316.411430 
316.401519 
316.391606 
316.381693 
316.371779 
316.361865 
316.351949 
316.342033 
316.332115 
316.322197 
316.312278 
316.302358 
316.292437 
316.282515 
316.272592 
316.262669 
316.252745 
316.242819 
316.232893 
316.222966 
316.213038 
316.203109 
316.193180 
316.183249 
316.173318 
316.163386 
316.153452 
316.143518 
316.133583 
316.123648 
316.113711 
316.103773 
316.093835 
316.083896 
316.073955 
316.064014 
316.054072 
316.044129 
316.034186 
316.024241 
316.014296 
316.004349 
315.994402 
315.984454 
315.974505 
315.964555 
315.954604 
315.944652 
315.934700 
315.924746 
315.914792 
315.904837 
315.894881 
315.884924 
315.874966 
315.865007 
315.855047 
315.845087 
315.835125 
315.825163 
315.815200 
315.805236 
315.795271 
315.785305 
315.775338 
315.765371 
315.755402 
315.745433 
315.735463 
315.725491 
315.715519 
315.705546 
315.695573 
315.685598 
315.675622 
315.665646 
315.655668 
315.645690 
315.635711 
315.625731 
315.615750 
315.605768 
315.595785 
315.585802 
315.575817 
315.565832 
315.555845 
315.545858 
315.535870 
315.525881 
315.515891 
315.505900 
315.495909 
315.485916 
315.475923 
315.465928 
315.455933 
315.445937 
315.435940 
315.425942 
315.415943 
315.405943 
315.395943 
315.385941 
315.375939 
315.365935 
315.355931 
315.345926 
315.335920 
315.325913 
315.315905 
315.305897 
315.295887 
315.285876 
315.275865 
315.265853 
315.255840 
315.245825 
315.235810 
315.225795 
315.215778 
315.205760 
315.195741 
315.185722 
315.175702 
315.165680 
315.155658 
315.145635 
315.135611 
315.125586 
315.115560 
315.105533 
315.095506 
315.085477 
315.075448 
315.065417 
315.055386 
315.045354 
315.035321 
315.025287 
315.015252 
315.005216 
314.995180 
314.985142 
314.975104 
314.965064 
314.955024 
314.944983 
314.934941 
314.924898 
314.914854 
314.904809 
314.894763 
314.884717 
314.874669 
314.864620 
314.854571 
314.844521 
314.834470 
314.824418 
314.814365 
314.804311 
314.794256 
314.784200 
314.774143 
314.764086 
314.754027 
314.743968 
314.733908 
314.723846 
314.713784 
314.703721 
314.693657 
314.683592 
314.673527 
314.663460 
314.653392 
314.643324 
314.633254 
314.623184 
314.613113 
314.603041 
314.592967 
314.582893 
314.572819 
314.562743 
314.552666 
314.542588 
314.532510 
314.522430 
314.512350 
314.502268 
314.492186 
314.482103 
314.472019 
314.461934 
314.451848 
314.441761 
314.431673 
314.421585 
314.411495 
314.401404 
314.391313 
314.381221 
314.371127 
314.361033 
314.350938 
314.340842 
314.330745 
314.320647 
314.310548 
314.300448 
314.290348 
314.280246 
314.270144 
314.260040 
314.249936 
314.239831 
314.229724 
314.219617 
314.209509 
314.199400 
314.189290 
314.179179 
314.169068 
314.158955 
314.148841 
314.138727 
314.128611 
314.118495 
314.108378 
314.098259 
314.088140 
314.078020 
314.067899 
314.057777 
314.047654 
314.037531 
314.027406 
314.017280 
314.007154 
313.997026 
313.986898 
313.976768 
313.966638 
313.956507 
313.946374 
313.936241 
313.926107 
313.915972 
313.905836 
313.895700 
313.885562 
313.875423 
313.865283 
313.855143 
313.845001 
313.834859 
313.824716 
313.814571 
313.804426 
313.794280 
313.784133 
313.773985 
313.763836 
313.753686 
313.743535 
313.733383 
313.723230 
313.713077 
313.702922 
313.692767 
313.682610 
313.672453 
313.662294 
313.652135 
313.641975 
313.631814 
313.621652 
313.611489 
313.601325 
313.591160 
313.580994 
313.570827 
313.560659 
313.550491 
313.540321 
313.530150 
313.519979 
313.509806 
313.499633 
313.489459 
313.479283 
313.469107 
313.458930 
313.448752 
313.438573 
313.428393 
313.418212 
313.408030 
313.397847 
313.387664 
313.377479 
313.367293 
313.357107 
313.346919 
313.336731 
313.326541 
313.316351 
313.306159 
313.295967 
313.285774 
313.275580 
313.265385 
313.255188 
313.244991 
313.234793 
313.224595 
313.214395 
313.204194 
313.193992 
313.183789 
313.173586 
313.163381 
313.153176 
313.142969 
313.132762 
313.122553 
313.112344 
313.102133 
313.091922 
313.081710 
313.071497 
313.061283 
313.051068 
313.040852 
313.030635 
313.020417 
313.010198 
312.999978 
312.989757 
312.979535 
312.969313 
312.959089 
312.948864 
312.938639 
312.928412 
312.918185 
312.907956 
312.897727 
312.887496 
312.877265 
312.867033 
312.856799 
312.846565 
312.836330 
312.826094 
312.815857 
312.805619 
312.795380 
312.785140 
312.774899 
312.764657 
312.754414 
312.744170 
312.733926 
312.723680 
312.713433 
312.703186 
312.692937 
312.682687 
312.672437 
312.662185 
312.651933 
312.641680 
312.631425 
312.621170 
312.610913 
312.600656 
312.590398 
312.580139 
312.569879 
312.559617 
312.549355 
312.539092 
312.528828 
312.518563 
312.508297 
312.498030 
312.487762 
312.477493 
312.467224 
312.456953 
312.446681 
312.436408 
312.426135 
312.415860 
312.405584 
312.395308 
312.385030 
312.374751 
312.364472 
312.354191 
312.343910 
312.333627 
312.323344 
312.313060 
312.302774 
312.292488 
312.282201 
312.271912 
312.261623 
312.251333 
312.241042 
312.230749 
312.220456 
312.210162 
312.199867 
312.189571 
312.179274 
312.168976 
312.158677 
312.148377 
312.138076 
312.127774 
312.117471 
312.107167 
312.096862 
312.086556 
312.076250 
312.065942 
312.055633 
312.045323 
312.035012 
312.024701 
312.014388 
312.004074 
311.993760 
311.983444 
311.973127 
311.962810 
311.952491 
311.942172 
311.931851 
311.921530 
311.911207 
311.900884 
311.890559 
311.880234 
311.869907 
311.859580 
311.849251 
311.838922 
311.828591 
311.818260 
311.807928 
311.797594 
311.787260 
311.776925 
311.766588 
311.756251 
311.745913 
311.735574 
311.725233 
311.714892 
311.704550 
311.694207 
311.683863 
311.673517 
311.663171 
311.652824 
311.642476 
311.632127 
311.621777 
311.611425 
311.601073 
311.590720 
311.580366 
311.570011 
311.559655 
311.549298 
311.538940 
311.528581 
311.518221 
311.507860 
311.497498 
311.487135 
311.476771 
311.466406 
311.456040 
311.445673 
311.435305 
311.424936 
311.414566 
311.404195 
311.393823 
311.383450 
311.373076 
311.362701 
311.352325 
311.341948 
311.331570 
311.321191 
311.310811 
311.300430 
311.290048 
311.279665 
311.269281 
311.258896 
311.248510 
311.238123 
311.227735 
311.217346 
311.206956 
311.196565 
311.186173 
311.175780 
311.165386 
311.154991 
311.144595 
311.134198 
311.123800 
311.113401 
311.103001 
311.092600 
311.082198 
311.071795 
311.061391 
311.050986 
311.040580 
311.030173 
311.019765 
311.009356 
310.998946 
310.988535 
310.978123 
310.967710 
310.957296 
310.946881 
310.936465 
310.926048 
310.915630 
310.905210 
310.894790 
310.884369 
310.873947 
310.863524 
310.853100 
310.842675 
310.832248 
310.821821 
310.811393 
310.800964 
310.790533 
310.780102 
310.769670 
310.759237 
310.748802 
310.738367 
310.727931 
310.717493 
310.707055 
310.696616 
310.686175 
310.675734 
310.665292 
310.654848 
310.644404 
310.633958 
310.623512 
310.613064 
310.602616 
310.592166 
310.581716 
310.571264 
310.560812 
310.550358 
310.539903 
310.529448 
310.518991 
310.508533 
310.498075 
310.487615 
310.477154 
310.466692 
310.456230 
310.445766 
310.435301 
310.424835 
310.414368 
310.403900 
310.393431 
310.382962 
310.372491 
310.362019 
310.351546 
310.341072 
310.330596 
310.320120 
310.309643 
310.299165 
310.288686 
310.278206 
310.267725 
310.257242 
310.246759 
310.236275 
310.225789 
310.215303 
310.204816 
310.194327 
310.183838 
310.173347 
310.162856 
310.152363 
310.141870 
310.131375 
310.120879 
310.110383 
310.099885 
310.089386 
310.078887 
310.068386 
310.057884 
310.047381 
310.036877 
310.026372 
310.015867 
310.005360 
309.994852 
309.984342 
309.973832 
309.963321 
309.952809 
309.942296 
309.931782 
309.921266 
309.910750 
309.900233 
309.889714 
309.879195 
309.868675 
309.858153 
309.847631 
309.837107 
309.826582 
309.816057 
309.805530 
309.795002 
309.784474 
309.773944 
309.763413 
309.752881 
309.742348 
309.731814 
309.721279 
309.710743 
309.700206 
309.689668 
309.679129 
309.668588 
309.658047 
309.647505 
309.636961 
309.626417 
309.615872 
309.605325 
309.594778 
309.584229 
309.573679 
309.563129 
309.552577 
309.542024 
309.531470 
309.520916 
309.510360 
309.499803 
309.489245 
309.478686 
309.468126 
309.457564 
309.447002 
309.436439 
309.425875 
309.415309 
309.404743 
309.394175 
309.383607 
309.373037 
309.362467 
309.351895 
309.341322 
309.330749 
309.320174 
309.309598 
309.299021 
309.288443 
309.277864 
309.267284 
309.256703 
309.246120 
309.235537 
309.224953 
309.214367 
309.203781 
309.193194 
309.182605 
309.172015 
309.161425 
309.150833 
309.140240 
309.129646 
309.119052 
309.108456 
309.097859 
309.087260 
309.076661 
309.066061 
309.055460 
309.044858 
309.034254 
309.023650 
309.013044 
309.002438 
308.991830 
308.981221 
308.970612 
308.960001 
308.949389 
308.938776 
308.928162 
308.917547 
308.906931 
308.896314 
308.885695 
308.875076 
308.864456 
308.853834 
308.843212 
308.832588 
308.821963 
308.811337 
308.800711 
308.790083 
308.779454 
308.768824 
308.758193 
308.747561 
308.736927 
308.726293 
308.715658 
308.705021 
308.694384 
308.683745 
308.673106 
308.662465 
308.651823 
308.641180 
308.630536 
308.619891 
308.609245 
308.598598 
308.587950 
308.577300 
308.566650 
308.555999 
308.545346 
308.534692 
308.524038 
308.513382 
308.502725 
308.492067 
308.481408 
308.470748 
308.460087 
308.449425 
308.438761 
308.428097 
308.417431 
308.406765 
308.396097 
308.385429 
308.374759 
308.364088 
308.353416 
308.342743 
308.332069 
308.321394 
308.310717 
308.300040 
308.289361 
308.278682 
308.268001 
308.257320 
308.246637 
308.235953 
308.225268 
308.214582 
308.203895 
308.193207 
308.182517 
308.171827 
308.161135 
308.150443 
308.139749 
308.129055 
308.118359 
308.107662 
308.096964 
308.086265 
308.075564 
308.064863 
308.054161 
308.043457 
308.032753 
308.022047 
308.011340 
308.000633 
307.989924 
307.979214 
307.968503 
307.957790 
307.947077 
307.936363 
307.925647 
307.914931 
307.904213 
307.893494 
307.882775 
307.872054 
307.861332 
307.850608 
307.839884 
307.829159 
307.818432 
307.807705 
307.796976 
307.786247 
307.775516 
307.764784 
307.754051 
307.743317 
307.732581 
307.721845 
307.711108 
307.700369 
307.689630 
307.678889 
307.668147 
307.657404 
307.646660 
307.635915 
307.625169 
307.614421 
307.603673 
307.592923 
307.582173 
307.571421 
307.560668 
307.549914 
307.539159 
307.528403 
307.517646 
307.506887 
307.496128 
307.485367 
307.474605 
307.463843 
307.453079 
307.442314 
307.431547 
307.420780 
307.410012 
307.399242 
307.388472 
307.377700 
307.366927 
307.356153 
307.345378 
307.334602 
307.323825 
307.313047 
307.302267 
307.291486 
307.280705 
307.269922 
307.259138 
307.248353 
307.237567 
307.226780 
307.215991 
307.205202 
307.194411 
307.183619 
307.172826 
307.162032 
307.151237 
307.140441 
307.129644 
307.118845 
307.108046 
307.097245 
307.086443 
307.075640 
307.064836 
307.054031 
307.043225 
307.032417 
307.021609 
307.010799 
306.999988 
306.989177 
306.978364 
306.967549 
306.956734 
306.945918 
306.935100 
306.924282 
306.913462 
306.902641 
306.891819 
306.880996 
306.870171 
306.859346 
306.848520 
306.837692 
306.826863 
306.816033 
306.805202 
306.794370 
306.783537 
306.772702 
306.761867 
306.751030 
306.740192 
306.729353 
306.718513 
306.707672 
306.696830 
306.685986 
306.675142 
306.664296 
306.653449 
306.642601 
306.631752 
306.620902 
306.610050 
306.599198 
306.588344 
306.577489 
306.566633 
306.555776 
306.544918 
306.534059 
306.523198 
306.512337 
306.501474 
306.490610 
306.479745 
306.468879 
306.458011 
306.447143 
306.436273 
306.425403 
306.414531 
306.403658 
306.392784 
306.381908 
306.371032 
306.360154 
306.349276 
306.338396 
306.327515 
306.316633 
306.305749 
306.294865 
306.283979 
306.273092 
306.262205 
306.251316 
306.240425 
306.229534 
306.218642 
306.207748 
306.196853 
306.185957 
306.175060 
306.164162 
306.153263 
306.142362 
306.131461 
306.120558 
306.109654 
306.098749 
306.087843 
306.076935 
306.066027 
306.055117 
306.044206 
306.033294 
306.022381 
306.011467 
306.000551 
305.989634 
305.978717 
305.967798 
305.956878 
305.945956 
305.935034 
305.924110 
305.913186 
305.902260 
305.891333 
305.880405 
305.869475 
305.858545 
305.847613 
305.836680 
305.825746 
305.814811 
305.803875 
305.792938 
305.781999 
305.771059 
305.760118 
305.749176 
305.738233 
305.727288 
305.716343 
305.705396 
305.694448 
305.683499 
305.672549 
305.661597 
305.650645 
305.639691 
305.628736 
305.617780 
305.606823 
305.595865 
305.584905 
305.573944 
305.562982 
305.552019 
305.541055 
305.530090 
305.519123 
305.508155 
305.497186 
305.486216 
305.475245 
305.464273 
305.453299 
305.442324 
305.431348 
305.420371 
305.409393 
305.398414 
305.387433 
305.376451 
305.365468 
305.354484 
305.343499 
305.332512 
305.321524 
305.310536 
305.299546 
305.288554 
305.277562 
305.266568 
305.255574 
305.244578 
305.233581 
305.222582 
305.211583 
305.200582 
305.189580 
305.178578 
305.167573 
305.156568 
305.145561 
305.134554 
305.123545 
305.112535 
305.101523 
305.090511 
305.079497 
305.068483 
305.057467 
305.046449 
305.035431 
305.024411 
305.013391 
305.002369 
304.991346 
304.980321 
304.969296 
304.958269 
304.947241 
304.936212 
304.925182 
304.914151 
304.903118 
304.892084 
304.881049 
304.870013 
304.858976 
304.847937 
304.836897 
304.825856 
304.814814 
304.803771 
304.792726 
304.781681 
304.770634 
304.759586 
304.748536 
304.737486 
304.726434 
304.715381 
304.704327 
304.693272 
304.682215 
304.671158 
304.660099 
304.649039 
304.637977 
304.626915 
304.615851 
304.604786 
304.593720 
304.582653 
304.571585 
304.560515 
304.549444 
304.538372 
304.527299 
304.516224 
304.505149 
304.494072 
304.482994 
304.471914 
304.460834 
304.449752 
304.438669 
304.427585 
304.416500 
304.405413 
304.394326 
304.383237 
304.372147 
304.361055 
304.349963 
304.338869 
304.327774 
304.316678 
304.305580 
304.294482 
304.283382 
304.272281 
304.261179 
304.250075 
304.238971 
304.227865 
304.216758 
304.205649 
304.194540 
304.183429 
304.172317 
304.161204 
304.150090 
304.138974 
304.127857 
304.116739 
304.105620 
304.094500 
304.083378 
304.072255 
304.061131 
304.050006 
304.038879 
304.027751 
304.016623 
304.005492 
303.994361 
303.983228 
303.972094 
303.960959 
303.949823 
303.938686 
303.927547 
303.916407 
303.905266 
303.894123 
303.882980 
303.871835 
303.860689 
303.849541 
303.838393 
303.827243 
303.816092 
303.804940 
303.793787 
303.782632 
303.771476 
303.760319 
303.749161 
303.738001 
303.726840 
303.715678 
303.704515 
303.693350 
303.682185 
303.671018 
303.659850 
303.648680 
303.637510 
303.626338 
303.615165 
303.603990 
303.592815 
303.581638 
303.570460 
303.559280 
303.548100 
303.536918 
303.525735 
303.514551 
303.503366 
303.492179 
303.480991 
303.469802 
303.458611 
303.447420 
303.436227 
303.425033 
303.413837 
303.402641 
303.391443 
303.380244 
303.369043 
303.357842 
303.346639 
303.335435 
303.324230 
303.313023 
303.301815 
303.290606 
303.279396 
303.268184 
303.256972 
303.245758 
303.234542 
303.223326 
303.212108 
303.200889 
303.189669 
303.178447 
303.167225 
303.156001 
303.144775 
303.133549 
303.122321 
303.111092 
303.099862 
303.088630 
303.077398 
303.066163 
303.054928 
303.043692 
303.032454 
303.021215 
303.009975 
302.998733 
302.987490 
302.976246 
302.965001 
302.953754 
302.942507 
302.931258 
302.920007 
302.908756 
302.897503 
302.886249 
302.874993 
302.863737 
302.852479 
302.841220 
302.829959 
302.818698 
302.807435 
302.796171 
302.784905 
302.773638 
302.762370 
302.751101 
302.739831 
302.728559 
302.717286 
302.706012 
302.694736 
302.683459 
302.672181 
302.660902 
302.649621 
302.638339 
302.627056 
302.615772 
302.604486 
302.593199 
302.581911 
302.570621 
302.559331 
302.548038 
302.536745 
302.525451 
302.514155 
302.502858 
302.491559 
302.480259 
302.468959 
302.457656 
302.446353 
302.435048 
302.423742 
302.412435 
302.401126 
302.389816 
302.378505 
302.367193 
302.355879 
302.344564 
302.333248 
302.321930 
302.310611 
302.299291 
302.287970 
302.276647 
302.265323 
302.253998 
302.242671 
302.231344 
302.220015 
302.208684 
302.197353 
302.186020 
302.174685 
302.163350 
302.152013 
302.140675 
302.129336 
302.117995 
302.106653 
302.095310 
302.083965 
302.072620 
302.061273 
302.049924 
302.038575 
302.027224 
302.015871 
302.004518 
301.993163 
301.981807 
301.970449 
301.959091 
301.947731 
301.936370 
301.925007 
301.913643 
301.902278 
301.890911 
301.879544 
301.868175 
301.856804 
301.845433 
301.834060 
301.822686 
301.811310 
301.799933 
301.788555 
301.777176 
301.765795 
301.754413 
301.743030 
301.731645 
301.720259 
301.708872 
301.697483 
301.686093 
301.674702 
301.663310 
301.651916 
301.640521 
301.629125 
301.617727 
301.606328 
301.594928 
301.583526 
301.572123 
301.560719 
301.549314 
301.537907 
301.526499 
301.515089 
301.503679 
301.492267 
301.480853 
301.469439 
301.458023 
301.446605 
301.435187 
301.423767 
301.412346 
301.400923 
301.389499 
301.378074 
301.366648 
301.355220 
301.343791 
301.332361 
301.320929 
301.309496 
301.298061 
301.286626 
301.275189 
301.263750 
301.252311 
301.240870 
301.229428 
301.217984 
301.206539 
301.195093 
301.183645 
301.172196 
301.160746 
301.149295 
301.137842 
301.126388 
301.114932 
301.103475 
301.092017 
301.080558 
301.069097 
301.057635 
301.046171 
301.034707 
301.023241 
301.011773 
301.000304 
300.988834 
300.977363 
300.965890 
300.954416 
300.942941 
300.931464 
300.919986 
300.908507 
300.897026 
300.885544 
300.874060 
300.862576 
300.851090 
300.839602 
300.828114 
300.816623 
300.805132 
300.793639 
300.782145 
300.770650 
300.759153 
300.747655 
300.736156 
300.724655 
300.713153 
300.701649 
300.690145 
300.678638 
300.667131 
300.655622 
300.644112 
300.632601 
300.621088 
300.609574 
300.598058 
300.586541 
300.575023 
300.563504 
300.551983 
300.540460 
300.528937 
300.517412 
300.505886 
300.494358 
300.482829 
300.471299 
300.459767 
300.448234 
300.436700 
300.425164 
300.413627 
300.402089 
300.390549 
300.379008 
300.367465 
300.355921 
300.344376 
300.332830 
300.321282 
300.309733 
300.298182 
300.286630 
300.275077 
300.263522 
300.251966 
300.240409 
300.228850 
300.217290 
300.205728 
300.194166 
300.182601 
300.171036 
300.159469 
300.147901 
300.136331 
300.124760 
300.113188 
300.101614 
300.090039 
300.078463 
300.066885 
300.055306 
300.043725 
300.032143 
300.020560 
300.008975 
299.997389 
299.985802 
299.974213 
299.962623 
299.951032 
299.939439 
299.927845 
299.916249 
299.904652 
299.893054 
299.881454 
299.869853 
299.858251 
299.846647 
299.835042 
299.823435 
299.811827 
299.800218 
299.788607 
299.776995 
299.765382 
299.753767 
299.742151 
299.730533 
299.718915 
299.707294 
299.695673 
299.684050 
299.672425 
299.660799 
299.649172 
299.637543 
299.625913 
299.614282 
299.602649 
299.591015 
299.579380 
299.567743 
299.556105 
299.544465 
299.532824 
299.521182 
299.509538 
299.497893 
299.486246 
299.474598 
299.462949 
299.451298 
299.439646 
299.427992 
299.416337 
299.404681 
299.393023 
299.381364 
299.369704 
299.358042 
299.346379 
299.334714 
299.323048 
299.311380 
299.299712 
299.288041 
299.276370 
299.264697 
299.253022 
299.241346 
299.229669 
299.217991 
299.206311 
299.194629 
299.182946 
299.171262 
299.159577 
299.147890 
299.136201 
299.124511 
299.112820 
299.101127 
299.089433 
299.077738 
299.066041 
299.054343 
299.042643 
299.030942 
299.019240 
299.007536 
298.995831 
298.984124 
298.972416 
298.960706 
298.948995 
298.937283 
298.925569 
298.913854 
298.902138 
298.890420 
298.878700 
298.866980 
298.855257 
298.843534 
298.831809 
298.820082 
298.808355 
298.796625 
298.784895 
298.773162 
298.761429 
298.749694 
298.737958 
298.726220 
298.714481 
298.702740 
298.690998 
298.679255 
298.667510 
298.655764 
298.644016 
298.632267 
298.620516 
298.608764 
298.597011 
298.585256 
298.573500 
298.561742 
298.549983 
298.538222 
298.526460 
298.514697 
298.502932 
298.491166 
298.479398 
298.467629 
298.455859 
298.444087 
298.432313 
298.420539 
298.408762 
298.396985 
298.385206 
298.373425 
298.361643 
298.349860 
298.338075 
298.326289 
298.314501 
298.302712 
298.290921 
298.279129 
298.267336 
298.255541 
298.243745 
298.231947 
298.220148 
298.208347 
298.196545 
298.184741 
298.172936 
298.161130 
298.149322 
298.137513 
298.125702 
298.113890 
298.102076 
298.090261 
298.078445 
298.066627 
298.054807 
298.042986 
298.031164 
298.019340 
298.007515 
297.995689 
297.983860 
297.972031 
297.960200 
297.948367 
297.936534 
297.924698 
297.912861 
297.901023 
297.889183 
297.877342 
297.865500 
297.853656 
297.841810 
297.829963 
297.818115 
297.806265 
297.794413 
297.782561 
297.770706 
297.758851 
297.746993 
297.735135 
297.723275 
297.711413 
297.699550 
297.687686 
297.675820 
297.663952 
297.652083 
297.640213 
297.628341 
297.616468 
297.604593 
297.592717 
297.580839 
297.568960 
297.557080 
297.545198 
297.533314 
297.521429 
297.509543 
297.497655 
297.485765 
297.473874 
297.461982 
297.450088 
297.438193 
297.426296 
297.414398 
297.402498 
297.390597 
297.378694 
297.366790 
297.354884 
297.342977 
297.331069 
297.319159 
297.307247 
297.295334 
297.283420 
297.271504 
297.259586 
297.247667 
297.235747 
297.223825 
297.211902 
297.199977 
297.188050 
297.176123 
297.164193 
297.152262 
297.140330 
297.128396 
297.116461 
297.104524 
297.092586 
297.080646 
297.068705 
297.056763 
297.044818 
297.032873 
297.020926 
297.008977 
296.997027 
296.985075 
296.973122 
296.961167 
296.949211 
296.937254 
296.925294 
296.913334 
296.901372 
296.889408 
296.877443 
296.865476 
296.853508 
296.841539 
296.829568 
296.817595 
296.805621 
296.793645 
296.781668 
296.769690 
296.757710 
296.745728 
296.733745 
296.721760 
296.709774 
296.697787 
296.685798 
296.673807 
296.661815 
296.649821 
296.637826 
296.625829 
296.613831 
296.601831 
296.589830 
296.577828 
296.565823 
296.553818 
296.541810 
296.529802 
296.517791 
296.505780 
296.493766 
296.481752 
296.469735 
296.457718 
296.445698 
296.433677 
296.421655 
296.409631 
296.397606 
296.385579 
296.373550 
296.361520 
296.349489 
296.337456 
296.325421 
296.313385 
296.301348 
296.289309 
296.277268 
296.265226 
296.253182 
296.241137 
296.229090 
296.217042 
296.204992 
296.192941 
296.180888 
296.168834 
296.156778 
296.144720 
296.132661 
296.120601 
296.108539 
296.096475 
296.084410 
296.072344 
296.060276 
296.048206 
296.036135 
296.024062 
296.011988 
295.999912 
295.987834 
295.975756 
295.963675 
295.951593 
295.939510 
295.927425 
295.915338 
295.903250 
295.891160 
295.879069 
295.866976 
295.854882 
295.842786 
295.830689 
295.818590 
295.806489 
295.794387 
295.782284 
295.770179 
295.758072 
295.745964 
295.733854 
295.721743 
295.709630 
295.697515 
295.685399 
295.673282 
295.661163 
295.649042 
295.636920 
295.624796 
295.612671 
295.600544 
295.588416 
295.576286 
295.564154 
295.552021 
295.539887 
295.527751 
295.515613 
295.503474 
295.491333 
295.479190 
295.467046 
295.454901 
295.442754 
295.430605 
295.418455 
295.406303 
295.394150 
295.381995 
295.369838 
295.357680 
295.345521 
295.333360 
295.321197 
295.309033 
295.296867 
295.284699 
295.272530 
295.260360 
295.248187 
295.236014 
295.223838 
295.211662 
295.199483 
295.187303 
295.175122 
295.162938 
295.150754 
295.138567 
295.126379 
295.114190 
295.101999 
295.089806 
295.077612 
295.065416 
295.053219 
295.041020 
295.028819 
295.016617 
295.004414 
294.992208 
294.980001 
294.967793 
294.955583 
294.943371 
294.931158 
294.918943 
294.906727 
294.894509 
294.882289 
294.870068 
294.857846 
294.845621 
294.833395 
294.821168 
294.808939 
294.796708 
294.784476 
294.772242 
294.760006 
294.747769 
294.735531 
294.723291 
294.711049 
294.698805 
294.686560 
294.674314 
294.662065 
294.649815 
294.637564 
294.625311 
294.613056 
294.600800 
294.588542 
294.576283 
294.564022 
294.551759 
294.539495 
294.527229 
294.514962 
294.502692 
294.490422 
294.478149 
294.465876 
294.453600 
294.441323 
294.429044 
294.416764 
294.404482 
294.392198 
294.379913 
294.367626 
294.355338 
294.343048 
294.330756 
294.318463 
294.306168 
294.293872 
294.281574 
294.269274 
294.256973 
294.244670 
294.232365 
294.220059 
294.207751 
294.195442 
294.183131 
294.170818 
294.158504 
294.146188 
294.133870 
294.121551 
294.109230 
294.096908 
294.084584 
294.072258 
294.059931 
294.047602 
294.035271 
294.022939 
294.010605 
293.998270 
293.985933 
293.973594 
293.961254 
293.948912 
293.936568 
293.924223 
293.911876 
293.899528 
293.887177 
293.874826 
293.862472 
293.850117 
293.837760 
293.825402 
293.813042 
293.800680 
293.788317 
293.775952 
293.763586 
293.751218 
293.738848 
293.726476 
293.714103 
293.701728 
293.689352 
293.676974 
293.664594 
293.652213 
293.639830 
293.627445 
293.615059 
293.602671 
293.590281 
293.577890 
293.565497 
293.553103 
293.540706 
293.528308 
293.515909 
293.503508 
293.491105 
293.478700 
293.466294 
293.453886 
293.441477 
293.429066 
293.416653 
293.404239 
293.391822 
293.379405 
293.366985 
293.354564 
293.342141 
293.329717 
293.317291 
293.304863 
293.292434 
293.280003 
293.267570 
293.255136 
293.242699 
293.230262 
293.217822 
293.205381 
293.192938 
293.180494 
293.168048 
293.155600 
293.143151 
293.130699 
293.118247 
293.105792 
293.093336 
293.080878 
293.068419 
293.055958 
293.043495 
293.031030 
293.018564 
293.006096 
292.993626 
292.981155 
292.968682 
292.956208 
292.943731 
292.931253 
292.918774 
292.906292 
292.893809 
292.881324 
292.868838 
292.856350 
292.843860 
292.831369 
292.818875 
292.806380 
292.793884 
292.781386 
292.768886 
292.756384 
292.743881 
292.731376 
292.718869 
292.706361 
292.693850 
292.681339 
292.668825 
292.656310 
292.643793 
292.631274 
292.618754 
292.606232 
292.593708 
292.581183 
292.568656 
292.556127 
292.543596 
292.531064 
292.518530 
292.505995 
292.493457 
292.480918 
292.468377 
292.455835 
292.443291 
292.430745 
292.418197 
292.405648 
292.393097 
292.380544 
292.367990 
292.355434 
292.342876 
292.330316 
292.317755 
292.305192 
292.292627 
292.280061 
292.267492 
292.254922 
292.242351 
292.229777 
292.217202 
292.204626 
292.192047 
292.179467 
292.166885 
292.154301 
292.141716 
292.129129 
292.116540 
292.103949 
292.091357 
292.078763 
292.066167 
292.053570 
292.040971 
292.028370 
292.015767 
292.003162 
291.990556 
291.977948 
291.965339 
291.952727 
291.940114 
291.927500 
291.914883 
291.902265 
291.889645 
291.877023 
291.864399 
291.851774 
291.839147 
291.826518 
291.813888 
291.801256 
291.788622 
291.775986 
291.763348 
291.750709 
291.738068 
291.725426 
291.712781 
291.700135 
291.687487 
291.674837 
291.662186 
291.649533 
291.636878 
291.624221 
291.611563 
291.598902 
291.586240 
291.573577 
291.560911 
291.548244 
291.535575 
291.522904 
291.510232 
291.497557 
291.484881 
291.472204 
291.459524 
291.446843 
291.434160 
291.421475 
291.408788 
291.396100 
291.383410 
291.370718 
291.358024 
291.345329 
291.332632 
291.319933 
291.307232 
291.294529 
291.281825 
291.269119 
291.256411 
291.243702 
291.230990 
291.218277 
291.205562 
291.192846 
291.180127 
291.167407 
291.154685 
291.141961 
291.129236 
291.116508 
291.103779 
291.091048 
291.078315 
291.065581 
291.052845 
291.040107 
291.027367 
291.014625 
291.001882 
290.989137 
290.976390 
290.963641 
290.950890 
290.938138 
290.925384 
290.912628 
290.899870 
290.887111 
290.874349 
290.861586 
290.848821 
290.836055 
290.823286 
290.810516 
290.797744 
290.784970 
290.772194 
290.759417 
290.746637 
290.733856 
290.721074 
290.708289 
290.695502 
290.682714 
290.669924 
290.657132 
290.644338 
290.631543 
290.618746 
290.605946 
290.593145 
290.580343 
290.567538 
290.554732 
290.541924 
290.529114 
290.516302 
290.503488 
290.490673 
290.477856 
290.465037 
290.452216 
290.439393 
290.426568 
290.413742 
290.400914 
290.388084 
290.375252 
290.362419 
290.349583 
290.336746 
290.323907 
290.311066 
290.298223 
290.285379 
290.272532 
290.259684 
290.246834 
290.233982 
290.221128 
290.208273 
290.195415 
290.182556 
290.169695 
290.156832 
290.143968 
290.131101 
290.118233 
290.105363 
290.092491 
290.079617 
290.066741 
290.053863 
290.040984 
290.028103 
290.015220 
290.002335 
289.989448 
289.976560 
289.963669 
289.950777 
289.937883 
289.924987 
289.912089 
289.899189 
289.886288 
289.873384 
289.860479 
289.847572 
289.834663 
289.821752 
289.808840 
289.795925 
289.783009 
289.770091 
289.757171 
289.744249 
289.731325 
289.718399 
289.705472 
289.692542 
289.679611 
289.666678 
289.653743 
289.640806 
289.627868 
289.614927 
289.601985 
289.589041 
289.576095 
289.563147 
289.550197 
289.537245 
289.524291 
289.511336 
289.498379 
289.485420 
289.472458 
289.459495 
289.446531 
289.433564 
289.420595 
289.407625 
289.394653 
289.381678 
289.368702 
289.355724 
289.342745 
289.329763 
289.316779 
289.303794 
289.290806 
289.277817 
289.264826 
289.251833 
289.238838 
289.225841 
289.212843 
289.199842 
289.186840 
289.173835 
289.160829 
289.147821 
289.134811 
289.121799 
289.108785 
289.095770 
289.082752 
289.069732 
289.056711 
289.043688 
289.030663 
289.017636 
289.004607 
288.991576 
288.978543 
288.965508 
288.952472 
288.939433 
288.926393 
288.913350 
288.900306 
288.887260 
288.874212 
288.861162 
288.848110 
288.835057 
288.822001 
288.808943 
288.795884 
288.782822 
288.769759 
288.756694 
288.743627 
288.730558 
288.717487 
288.704414 
288.691339 
288.678262 
288.665184 
288.652103 
288.639021 
288.625936 
288.612850 
288.599762 
288.586671 
288.573579 
288.560485 
288.547389 
288.534291 
288.521192 
288.508090 
288.494986 
288.481881 
288.468773 
288.455664 
288.442552 
288.429439 
288.416324 
288.403206 
288.390087 
288.376966 
288.363843 
288.350718 
288.337591 
288.324462 
288.311332 
288.298199 
288.285064 
288.271928 
288.258789 
288.245648 
288.232506 
288.219362 
288.206215 
288.193067 
288.179917 
288.166765 
288.153610 
288.140454 
288.127296 
288.114136 
288.100974 
288.087810 
288.074645 
288.061477 
288.048307 
288.035135 
288.021962 
288.008786 
287.995608 
287.982429 
287.969247 
287.956064 
287.942878 
287.929691 
287.916501 
287.903310 
287.890117 
287.876921 
287.863724 
287.850525 
287.837324 
287.824120 
287.810915 
287.797708 
287.784499 
287.771288 
287.758075 
287.744860 
287.731643 
287.718424 
287.705203 
287.691980 
287.678755 
287.665528 
287.652299 
287.639068 
287.625836 
287.612601 
287.599364 
287.586125 
287.572884 
287.559642 
287.546397 
287.533150 
287.519901 
287.506651 
287.493398 
287.480143 
287.466886 
287.453628 
287.440367 
287.427104 
287.413840 
287.400573 
287.387304 
287.374034 
287.360761 
287.347486 
287.334210 
287.320931 
287.307650 
287.294367 
287.281083 
287.267796 
287.254507 
287.241217 
287.227924 
287.214629 
287.201332 
287.188034 
287.174733 
287.161430 
287.148125 
287.134818 
287.121510 
287.108199 
287.094886 
287.081571 
287.068254 
287.054935 
287.041614 
287.028291 
287.014966 
287.001639 
286.988310 
286.974979 
286.961646 
286.948311 
286.934974 
286.921635 
286.908293 
286.894950 
286.881605 
286.868258 
286.854908 
286.841557 
286.828204 
286.814848 
286.801491 
286.788131 
286.774770 
286.761406 
286.748041 
286.734673 
286.721303 
286.707932 
286.694558 
286.681182 
286.667804 
286.654424 
286.641042 
286.627658 
286.614272 
286.600884 
286.587494 
286.574102 
286.560708 
286.547311 
286.533913 
286.520512 
286.507110 
286.493706 
286.480299 
286.466890 
286.453480 
286.440067 
286.426652 
286.413235 
286.399816 
286.386395 
286.372972 
286.359547 
286.346120 
286.332691 
286.319259 
286.305826 
286.292391 
286.278953 
286.265513 
286.252072 
286.238628 
286.225182 
286.211734 
286.198284 
286.184832 
286.171378 
286.157922 
286.144464 
286.131003 
286.117541 
286.104077 
286.090610 
286.077141 
286.063670 
286.050198 
286.036723 
286.023246 
286.009767 
285.996285 
285.982802 
285.969317 
285.955829 
285.942340 
285.928848 
285.915354 
285.901859 
285.888361 
285.874861 
285.861358 
285.847854 
285.834348 
285.820840 
285.807329 
285.793816 
285.780302 
285.766785 
285.753266 
285.739745 
285.726222 
285.712696 
285.699169 
285.685640 
285.672108 
285.658574 
285.645039 
285.631501 
285.617961 
285.604419 
285.590874 
285.577328 
285.563779 
285.550229 
285.536676 
285.523121 
285.509564 
285.496005 
285.482444 
285.468881 
285.455315 
285.441748 
285.428178 
285.414606 
285.401032 
285.387456 
285.373878 
285.360297 
285.346715 
285.333130 
285.319543 
285.305955 
285.292364 
285.278770 
285.265175 
285.251578 
285.237978 
285.224376 
285.210772 
285.197166 
285.183558 
285.169948 
285.156336 
285.142721 
285.129104 
285.115485 
285.101864 
285.088241 
285.074616 
285.060988 
285.047359 
285.033727 
285.020093 
285.006457 
284.992819 
284.979178 
284.965536 
284.951891 
284.938244 
284.924595 
284.910944 
284.897291 
284.883635 
284.869977 
284.856317 
284.842655 
284.828991 
284.815325 
284.801656 
284.787986 
284.774313 
284.760638 
284.746961 
284.733281 
284.719600 
284.705916 
284.692230 
284.678542 
284.664852 
284.651159 
284.637464 
284.623768 
284.610069 
284.596367 
284.582664 
284.568958 
284.555251 
284.541541 
284.527829 
284.514114 
284.500398 
284.486679 
284.472958 
284.459235 
284.445510 
284.431782 
284.418053 
284.404321 
284.390587 
284.376851 
284.363112 
284.349371 
284.335629 
284.321884 
284.308136 
284.294387 
284.280635 
284.266881 
284.253125 
284.239367 
284.225606 
284.211844 
284.198079 
284.184311 
284.170542 
284.156771 
284.142997 
284.129221 
284.115442 
284.101662 
284.087879 
284.074094 
284.060307 
284.046518 
284.032726 
284.018933 
284.005137 
283.991338 
283.977538 
283.963735 
283.949930 
283.936123 
283.922314 
283.908502 
283.894688 
283.880872 
283.867054 
283.853233 
283.839411 
283.825586 
283.811758 
283.797929 
283.784097 
283.770263 
283.756427 
283.742588 
283.728748 
283.714905 
283.701059 
283.687212 
283.673362 
283.659510 
283.645656 
283.631799 
283.617941 
283.604080 
283.590216 
283.576351 
283.562483 
283.548613 
283.534741 
283.520866 
283.506990 
283.493111 
283.479229 
283.465346 
283.451460 
283.437572 
283.423681 
283.409789 
283.395894 
283.381996 
283.368097 
283.354195 
283.340291 
283.326385 
283.312476 
283.298565 
283.284652 
283.270737 
283.256819 
283.242899 
283.228977 
283.215052 
283.201126 
283.187197 
283.173265 
283.159331 
283.145396 
283.131457 
283.117517 
283.103574 
283.089629 
283.075681 
283.061732 
283.047780 
283.033825 
283.019869 
283.005910 
282.991949 
282.977985 
282.964019 
282.950051 
282.936081 
282.922108 
282.908133 
282.894156 
282.880176 
282.866194 
282.852210 
282.838223 
282.824234 
282.810243 
282.796250 
282.782254 
282.768256 
282.754255 
282.740252 
282.726247 
282.712240 
282.698230 
282.684218 
282.670204 
282.656187 
282.642168 
282.628146 
282.614123 
282.600097 
282.586068 
282.572038 
282.558005 
282.543969 
282.529932 
282.515892 
282.501849 
282.487804 
282.473757 
282.459708 
282.445656 
282.431602 
282.417546 
282.403487 
282.389426 
282.375363 
282.361297 
282.347229 
282.333158 
282.319085 
282.305010 
282.290933 
282.276853 
282.262770 
282.248686 
282.234599 
282.220509 
282.206418 
282.192324 
282.178227 
282.164129 
282.150027 
282.135924 
282.121818 
282.107710 
282.093599 
282.079486 
282.065371 
282.051253 
282.037133 
282.023011 
282.008886 
281.994759 
281.980629 
281.966497 
281.952363 
281.938226 
281.924087 
281.909945 
281.895801 
281.881655 
281.867507 
281.853356 
281.839202 
281.825046 
281.810888 
281.796728 
281.782565 
281.768399 
281.754231 
281.740061 
281.725889 
281.711714 
281.697536 
281.683357 
281.669174 
281.654990 
281.640803 
281.626614 
281.612422 
281.598228 
281.584031 
281.569832 
281.555631 
281.541427 
281.527221 
281.513012 
281.498801 
281.484587 
281.470371 
281.456153 
281.441932 
281.427709 
281.413484 
281.399256 
281.385025 
281.370792 
281.356557 
281.342319 
281.328079 
281.313837 
281.299592 
281.285344 
281.271094 
281.256842 
281.242587 
281.228330 
281.214071 
281.199809 
281.185544 
281.171277 
281.157008 
281.142736 
281.128462 
281.114185 
281.099906 
281.085624 
281.071340 
281.057054 
281.042765 
281.028474 
281.014180 
280.999883 
280.985585 
280.971283 
280.956980 
280.942674 
280.928365 
280.914054 
280.899741 
280.885425 
280.871106 
280.856785 
280.842462 
280.828136 
280.813808 
280.799477 
280.785144 
280.770808 
280.756470 
280.742129 
280.727786 
280.713440 
280.699092 
280.684742 
280.670388 
280.656033 
280.641675 
280.627314 
280.612951 
280.598586 
280.584218 
280.569847 
280.555474 
280.541099 
280.526721 
280.512340 
280.497958 
280.483572 
280.469184 
280.454794 
280.440401 
280.426005 
280.411607 
280.397207 
280.382804 
280.368398 
280.353991 
280.339580 
280.325167 
280.310752 
280.296334 
280.281913 
280.267490 
280.253064 
280.238636 
280.224206 
280.209773 
280.195337 
280.180899 
280.166458 
280.152015 
280.137569 
280.123121 
280.108670 
280.094217 
280.079761 
280.065303 
280.050842 
280.036378 
280.021912 
280.007444 
279.992973 
279.978499 
279.964023 
279.949544 
279.935063 
279.920579 
279.906093 
279.891604 
279.877113 
279.862619 
279.848122 
279.833623 
279.819122 
279.804618 
279.790111 
279.775602 
279.761090 
279.746575 
279.732058 
279.717539 
279.703017 
279.688492 
279.673965 
279.659435 
279.644903 
279.630368 
279.615831 
279.601291 
279.586748 
279.572203 
279.557655 
279.543105 
279.528552 
279.513996 
279.499438 
279.484877 
279.470314 
279.455748 
279.441180 
279.426609 
279.412035 
279.397459 
279.382881 
279.368299 
279.353715 
279.339129 
279.324540 
279.309948 
279.295354 
279.280757 
279.266157 
279.251555 
279.236950 
279.222343 
279.207733 
279.193120 
279.178505 
279.163888 
279.149267 
279.134644 
279.120019 
279.105390 
279.090760 
279.076126 
279.061490 
279.046851 
279.032210 
279.017566 
279.002920 
278.988271 
278.973619 
278.958964 
278.944307 
278.929648 
278.914985 
278.900320 
278.885653 
278.870983 
278.856310 
278.841634 
278.826956 
278.812275 
278.797592 
278.782906 
278.768217 
278.753526 
278.738832 
278.724135 
278.709436 
278.694734 
278.680030 
278.665322 
278.650613 
278.635900 
278.621185 
278.606467 
278.591747 
278.577023 
278.562298 
278.547569 
278.532838 
278.518104 
278.503368 
278.488628 
278.473887 
278.459142 
278.444395 
278.429645 
278.414893 
278.400137 
278.385380 
278.370619 
278.355856 
278.341090 
278.326321 
278.311550 
278.296776 
278.281999 
278.267220 
278.252438 
278.237653 
278.222866 
278.208076 
278.193283 
278.178487 
278.163689 
278.148888 
278.134085 
278.119278 
278.104469 
278.089658 
278.074843 
278.060026 
278.045206 
278.030384 
278.015559 
278.000731 
277.985900 
277.971066 
277.956230 
277.941392 
277.926550 
277.911706 
277.896859 
277.882009 
277.867157 
277.852301 
277.837444 
277.822583 
277.807720 
277.792853 
277.777985 
277.763113 
277.748239 
277.733362 
277.718482 
277.703600 
277.688714 
277.673826 
277.658936 
277.644042 
277.629146 
277.614247 
277.599345 
277.584441 
277.569533 
277.554624 
277.539711 
277.524795 
277.509877 
277.494956 
277.480032 
277.465106 
277.450176 
277.435244 
277.420310 
277.405372 
277.390432 
277.375488 
277.360543 
277.345594 
277.330642 
277.315688 
277.300731 
277.285771 
277.270809 
277.255844 
277.240875 
277.225904 
277.210931 
277.195954 
277.180975 
277.165993 
277.151008 
277.136020 
277.121030 
277.106037 
277.091041 
277.076042 
277.061040 
277.046036 
277.031029 
277.016019 
277.001006 
276.985990 
276.970972 
276.955950 
276.940926 
276.925899 
276.910870 
276.895837 
276.880802 
276.865763 
276.850723 
276.835679 
276.820632 
276.805583 
276.790530 
276.775475 
276.760417 
276.745356 
276.730293 
276.715226 
276.700157 
276.685085 
276.670010 
276.654932 
276.639852 
276.624768 
276.609682 
276.594593 
276.579501 
276.564406 
276.549308 
276.534208 
276.519104 
276.503998 
276.488889 
276.473777 
276.458662 
276.443544 
276.428424 
276.413301 
276.398174 
276.383045 
276.367913 
276.352778 
276.337640 
276.322500 
276.307356 
276.292210 
276.277061 
276.261909 
276.246754 
276.231596 
276.216435 
276.201271 
276.186105 
276.170935 
276.155763 
276.140588 
276.125410 
276.110229 
276.095045 
276.079858 
276.064669 
276.049476 
276.034281 
276.019082 
276.003881 
275.988677 
275.973470 
275.958260 
275.943047 
275.927831 
275.912612 
275.897391 
275.882166 
275.866939 
275.851709 
275.836475 
275.821239 
275.806000 
275.790758 
275.775513 
275.760265 
275.745014 
275.729760 
275.714504 
275.699244 
275.683981 
275.668716 
275.653448 
275.638176 
275.622902 
275.607625 
275.592344 
275.577061 
275.561775 
275.546486 
275.531194 
275.515899 
275.500601 
275.485300 
275.469997 
275.454690 
275.439380 
275.424067 
275.408752 
275.393433 
275.378111 
275.362787 
275.347459 
275.332129 
275.316795 
275.301459 
275.286120 
275.270777 
275.255432 
275.240084 
275.224732 
275.209378 
275.194021 
275.178660 
275.163297 
275.147931 
275.132562 
275.117189 
275.101814 
275.086436 
275.071055 
275.055670 
275.040283 
275.024893 
275.009500 
274.994103 
274.978704 
274.963302 
274.947897 
274.932488 
274.917077 
274.901663 
274.886246 
274.870825 
274.855402 
274.839975 
274.824546 
274.809114 
274.793678 
274.778240 
274.762798 
274.747354 
274.731906 
274.716455 
274.701002 
274.685545 
274.670085 
274.654623 
274.639157 
274.623688 
274.608216 
274.592741 
274.577263 
274.561782 
274.546298 
274.530811 
274.515321 
274.499828 
274.484331 
274.468832 
274.453329 
274.437824 
274.422315 
274.406804 
274.391289 
274.375771 
274.360251 
274.344727 
274.329200 
274.313670 
274.298136 
274.282600 
274.267061 
274.251519 
274.235973 
274.220425 
274.204873 
274.189318 
274.173760 
274.158199 
274.142635 
274.127068 
274.111498 
274.095925 
274.080348 
274.064769 
274.049186 
274.033601 
274.018012 
274.002420 
273.986825 
273.971227 
273.955625 
273.940021 
273.924413 
273.908803 
273.893189 
273.877572 
273.861952 
273.846329 
273.830703 
273.815073 
273.799441 
273.783805 
273.768166 
273.752524 
273.736879 
273.721231 
273.705580 
273.689925 
273.674268 
273.658607 
273.642943 
273.627276 
273.611606 
273.595932 
273.580256 
273.564576 
273.548893 
273.533207 
273.517518 
273.501826 
273.486130 
273.470431 
273.454730 
273.439025 
273.423316 
273.407605 
273.391890 
273.376173 
273.360452 
273.344728 
273.329000 
273.313270 
273.297536 
273.281799 
273.266059 
273.250316 
273.234570 
273.218820 
273.203067 
273.187311 
273.171552 
273.155790 
273.140024 
273.124255 
273.108483 
273.092708 
273.076930 
273.061148 
273.045363 
273.029575 
273.013784 
272.997989 
272.982191 
272.966390 
272.950586 
272.934779 
272.918968 
272.903154 
272.887337 
272.871517 
272.855693 
272.839866 
272.824036 
272.808203 
272.792366 
272.776526 
272.760683 
272.744837 
272.728988 
272.713135 
272.697279 
272.681419 
272.665557 
272.649691 
272.633822 
272.617949 
272.602074 
272.586195 
272.570313 
272.554427 
272.538539 
272.522647 
272.506751 
272.490853 
272.474951 
272.459046 
272.443137 
272.427226 
272.411311 
272.395393 
272.379471 
272.363546 
272.347618 
272.331687 
272.315752 
272.299814 
272.283873 
272.267928 
272.251980 
272.236029 
272.220074 
272.204116 
272.188155 
272.172191 
272.156223 
272.140252 
272.124277 
272.108300 
272.092318 
272.076334 
272.060346 
272.044355 
272.028361 
272.012363 
271.996362 
271.980357 
271.964350 
271.948339 
271.932324 
271.916306 
271.900285 
271.884261 
271.868233 
271.852202 
271.836167 
271.820129 
271.804088 
271.788043 
271.771995 
271.755944 
271.739889 
271.723831 
271.707770 
271.691705 
271.675637 
271.659565 
271.643490 
271.627412 
271.611330 
271.595245 
271.579157 
271.563065 
271.546970 
271.530871 
271.514769 
271.498663 
271.482555 
271.466442 
271.450327 
271.434208 
271.418085 
271.401959 
271.385830 
271.369697 
271.353561 
271.337422 
271.321279 
271.305133 
271.288983 
271.272830 
271.256673 
271.240513 
271.224350 
271.208183 
271.192013 
271.175839 
271.159662 
271.143481 
271.127297 
271.111109 
271.094918 
271.078724 
271.062526 
271.046325 
271.030120 
271.013912 
270.997700 
270.981485 
270.965267 
270.949045 
270.932819 
270.916590 
270.900358 
270.884122 
270.867883 
270.851640 
270.835393 
270.819144 
270.802890 
270.786634 
270.770373 
270.754110 
270.737842 
270.721572 
270.705298 
270.689020 
270.672739 
270.656454 
270.640166 
270.623874 
270.607579 
270.591280 
270.574978 
270.558672 
270.542363 
270.526050 
270.509734 
270.493414 
270.477091 
270.460764 
270.444434 
270.428100 
270.411763 
270.395422 
270.379077 
270.362729 
270.346378 
270.330023 
270.313664 
270.297302 
270.280936 
270.264567 
270.248194 
270.231818 
270.215438 
270.199055 
270.182668 
270.166277 
270.149883 
270.133485 
270.117084 
270.100679 
270.084271 
270.067859 
270.051443 
270.035024 
270.018602 
270.002175 
269.985745 
269.969312 
269.952875 
269.936434 
269.919990 
269.903542 
269.887091 
269.870636 
269.854177 
269.837715 
269.821249 
269.804780 
269.788307 
269.771830 
269.755350 
269.738866 
269.722379 
269.705888 
269.689393 
269.672895 
269.656393 
269.639887 
269.623378 
269.606865 
269.590349 
269.573829 
269.557305 
269.540778 
269.524246 
269.507712 
269.491174 
269.474632 
269.458086 
269.441537 
269.424984 
269.408427 
269.391867 
269.375303 
269.358735 
269.342164 
269.325589 
269.309011 
269.292428 
269.275843 
269.259253 
269.242660 
269.226063 
269.209462 
269.192858 
269.176250 
269.159638 
269.143023 
269.126404 
269.109781 
269.093154 
269.076524 
269.059890 
269.043253 
269.026611 
269.009966 
268.993318 
268.976665 
268.960009 
268.943349 
268.926685 
268.910018 
268.893347 
268.876672 
268.859994 
268.843312 
268.826626 
268.809936 
268.793242 
268.776545 
268.759844 
268.743140 
268.726431 
268.709719 
268.693003 
268.676283 
268.659560 
268.642833 
268.626102 
268.609367 
268.592629 
268.575886 
268.559140 
268.542390 
268.525637 
268.508879 
268.492118 
268.475353 
268.458585 
268.441812 
268.425036 
268.408256 
268.391472 
268.374684 
268.357893 
268.341097 
268.324298 
268.307496 
268.290689 
268.273878 
268.257064 
268.240246 
268.223424 
268.206598 
268.189769 
268.172935 
268.156098 
268.139257 
268.122412 
268.105563 
268.088711 
268.071854 
268.054994 
268.038130 
268.021262 
268.004390 
267.987515 
267.970635 
267.953752 
267.936865 
267.919974 
267.903079 
267.886180 
267.869277 
267.852371 
267.835460 
267.818546 
267.801628 
267.784706 
267.767780 
267.750850 
267.733917 
267.716979 
267.700038 
267.683092 
267.666143 
267.649190 
267.632233 
267.615272 
267.598307 
267.581338 
267.564366 
267.547389 
267.530409 
267.513424 
267.496436 
267.479444 
267.462448 
267.445447 
267.428443 
267.411435 
267.394424 
267.377408 
267.360388 
267.343364 
267.326337 
267.309305 
267.292270 
267.275230 
267.258187 
267.241139 
267.224088 
267.207033 
267.189973 
267.172910 
267.155843 
267.138772 
267.121696 
267.104617 
267.087534 
267.070447 
267.053356 
267.036261 
267.019162 
267.002059 
266.984952 
266.967841 
266.950726 
266.933607 
266.916484 
266.899357 
266.882226 
266.865091 
266.847952 
266.830808 
266.813661 
266.796510 
266.779355 
266.762196 
266.745033 
266.727865 
266.710694 
266.693519 
266.676340 
266.659156 
266.641969 
266.624777 
266.607582 
266.590382 
266.573179 
266.555971 
266.538759 
266.521543 
266.504323 
266.487099 
266.469871 
266.452639 
266.435403 
266.418163 
266.400919 
266.383670 
266.366418 
266.349161 
266.331901 
266.314636 
266.297367 
266.280094 
266.262817 
266.245536 
266.228251 
266.210961 
266.193668 
266.176370 
266.159069 
266.141763 
266.124453 
266.107139 
266.089821 
266.072498 
266.055172 
266.037841 
266.020506 
266.003168 
265.985825 
265.968477 
265.951126 
265.933771 
265.916411 
265.899047 
265.881679 
265.864307 
265.846931 
265.829551 
265.812166 
265.794777 
265.777384 
265.759987 
265.742586 
265.725181 
265.707771 
265.690357 
265.672939 
265.655517 
265.638090 
265.620660 
265.603225 
265.585786 
265.568343 
265.550895 
265.533444 
265.515988 
265.498528 
265.481063 
265.463595 
265.446122 
265.428645 
265.411164 
265.393679 
265.376189 
265.358695 
265.341197 
265.323694 
265.306188 
265.288677 
265.271162 
265.253642 
265.236119 
265.218591 
265.201058 
265.183522 
265.165981 
265.148436 
265.130887 
265.113333 
265.095775 
265.078213 
265.060647 
265.043076 
265.025501 
265.007922 
264.990338 
264.972750 
264.955158 
264.937562 
264.919961 
264.902356 
264.884746 
264.867133 
264.849514 
264.831892 
264.814265 
264.796634 
264.778999 
264.761359 
264.743715 
264.726067 
264.708414 
264.690757 
264.673095 
264.655430 
264.637759 
264.620085 
264.602406 
264.584723 
264.567035 
264.549343 
264.531647 
264.513946 
264.496241 
264.478532 
264.460818 
264.443100 
264.425377 
264.407650 
264.389919 
264.372183 
264.354442 
264.336698 
264.318949 
264.301195 
264.283438 
264.265675 
264.247909 
264.230137 
264.212362 
264.194582 
264.176798 
264.159009 
264.141216 
264.123418 
264.105616 
264.087809 
264.069998 
264.052183 
264.034363 
264.016538 
263.998709 
263.980876 
263.963038 
263.945196 
263.927349 
263.909498 
263.891642 
263.873782 
263.855918 
263.838049 
263.820175 
263.802297 
263.784414 
263.766527 
263.748635 
263.730739 
263.712839 
263.694934 
263.677024 
263.659110 
263.641191 
263.623268 
263.605340 
263.587408 
263.569471 
263.551530 
263.533584 
263.515633 
263.497679 
263.479719 
263.461755 
263.443786 
263.425813 
263.407835 
263.389853 
263.371866 
263.353875 
263.335879 
263.317878 
263.299873 
263.281863 
263.263849 
263.245830 
263.227807 
263.209779 
263.191746 
263.173709 
263.155667 
263.137620 
263.119569 
263.101513 
263.083453 
263.065388 
263.047319 
263.029244 
263.011166 
262.993082 
262.974994 
262.956901 
262.938804 
262.920702 
262.902595 
262.884484 
262.866368 
262.848247 
262.830122 
262.811992 
262.793857 
262.775718 
262.757574 
262.739426 
262.721272 
262.703114 
262.684952 
262.666784 
262.648612 
262.630435 
262.612254 
262.594068 
262.575877 
262.557681 
262.539481 
262.521276 
262.503066 
262.484852 
262.466633 
262.448409 
262.430180 
262.411947 
262.393709 
262.375466 
262.357218 
262.338966 
262.320709 
262.302447 
262.284180 
262.265909 
262.247633 
262.229352 
262.211066 
262.192776 
262.174480 
262.156180 
262.137876 
262.119566 
262.101252 
262.082933 
262.064609 
262.046280 
262.027946 
262.009608 
261.991265 
261.972917 
261.954564 
261.936206 
261.917844 
261.899477 
261.881104 
261.862728 
261.844346 
261.825959 
261.807568 
261.789171 
261.770770 
261.752364 
261.733953 
261.715537 
261.697117 
261.678691 
261.660261 
261.641826 
261.623386 
261.604941 
261.586491 
261.568036 
261.549576 
261.531112 
261.512642 
261.494168 
261.475689 
261.457205 
261.438715 
261.420221 
261.401723 
261.383219 
261.364710 
261.346196 
261.327678 
261.309154 
261.290625 
261.272092 
261.253554 
261.235010 
261.216462 
261.197909 
261.179350 
261.160787 
261.142219 
261.123646 
261.105068 
261.086485 
261.067897 
261.049303 
261.030705 
261.012102 
260.993494 
260.974881 
260.956263 
260.937640 
260.919012 
260.900379 
260.881741 
260.863098 
260.844449 
260.825796 
260.807138 
260.788475 
260.769806 
260.751133 
260.732455 
260.713771 
260.695083 
260.676389 
260.657690 
260.638987 
260.620278 
260.601564 
260.582845 
260.564121 
260.545392 
260.526658 
260.507919 
260.489174 
260.470425 
260.451670 
260.432911 
260.414146 
260.395376 
260.376601 
260.357821 
260.339035 
260.320245 
260.301450 
260.282649 
260.263843 
260.245032 
260.226216 
260.207395 
260.188568 
260.169737 
260.150900 
260.132058 
260.113211 
260.094359 
260.075502 
260.056639 
260.037771 
260.018898 
260.000020 
259.981137 
259.962248 
259.943354 
259.924455 
259.905551 
259.886642 
259.867727 
259.848807 
259.829882 
259.810952 
259.792017 
259.773076 
259.754130 
259.735179 
259.716222 
259.697260 
259.678293 
259.659321 
259.640343 
259.621361 
259.602373 
259.583379 
259.564381 
259.545377 
259.526367 
259.507353 
259.488333 
259.469308 
259.450278 
259.431242 
259.412201 
259.393155 
259.374103 
259.355046 
259.335984 
259.316916 
259.297843 
259.278765 
259.259681 
259.240592 
259.221498 
259.202398 
259.183293 
259.164182 
259.145066 
259.125945 
259.106819 
259.087687 
259.068549 
259.049407 
259.030259 
259.011105 
258.991946 
258.972782 
258.953612 
258.934437 
258.915257 
258.896071 
258.876879 
258.857682 
258.838480 
258.819272 
258.800059 
258.780841 
258.761617 
258.742387 
258.723152 
258.703912 
258.684666 
258.665415 
258.646158 
258.626896 
258.607628 
258.588355 
258.569076 
258.549792 
258.530502 
258.511207 
258.491906 
258.472600 
258.453288 
258.433971 
258.414648 
258.395320 
258.375986 
258.356647 
258.337302 
258.317951 
258.298595 
258.279234 
258.259867 
258.240494 
258.221116 
258.201732 
258.182342 
258.162947 
258.143547 
258.124141 
258.104729 
258.085312 
258.065889 
258.046460 
258.027026 
258.007586 
257.988141 
257.968690 
257.949233 
257.929771 
257.910303 
257.890830 
257.871351 
257.851866 
257.832375 
257.812879 
257.793378 
257.773870 
257.754357 
257.734838 
257.715314 
257.695784 
257.676248 
257.656707 
257.637159 
257.617606 
257.598048 
257.578484 
257.558914 
257.539338 
257.519756 
257.500169 
257.480576 
257.460978 
257.441373 
257.421763 
257.402147 
257.382526 
257.362898 
257.343265 
257.323626 
257.303982 
257.284331 
257.264675 
257.245013 
257.225345 
257.205672 
257.185992 
257.166307 
257.146616 
257.126920 
257.107217 
257.087509 
257.067794 
257.048074 
257.028348 
257.008617 
256.988879 
256.969136 
256.949386 
256.929631 
256.909870 
256.890103 
256.870331 
256.850552 
256.830768 
256.810977 
256.791181 
256.771379 
256.751571 
256.731757 
256.711937 
256.692111 
256.672280 
256.652442 
256.632598 
256.612749 
256.592894 
256.573032 
256.553165 
256.533292 
256.513413 
256.493528 
256.473637 
256.453740 
256.433836 
256.413927 
256.394013 
256.374092 
256.354165 
256.334232 
256.314293 
256.294348 
256.274397 
256.254440 
256.234477 
256.214508 
256.194533 
256.174552 
256.154565 
256.134571 
256.114572 
256.094567 
256.074556 
256.054538 
256.034515 
256.014485 
255.994450 
255.974408 
255.954360 
255.934306 
255.914246 
255.894180 
255.874108 
255.854030 
255.833946 
255.813855 
255.793758 
255.773656 
255.753547 
255.733432 
255.713310 
255.693183 
255.673050 
255.652910 
255.632764 
255.612612 
255.592454 
255.572290 
255.552119 
255.531942 
255.511759 
255.491570 
255.471375 
255.451174 
255.430966 
255.410752 
255.390532 
255.370305 
255.350073 
255.329834 
255.309588 
255.289337 
255.269079 
255.248815 
255.228545 
255.208269 
255.187986 
255.167697 
255.147402 
255.127100 
255.106792 
255.086478 
255.066158 
255.045831 
255.025498 
255.005158 
254.984812 
254.964460 
254.944102 
254.923737 
254.903366 
254.882988 
254.862605 
254.842214 
254.821818 
254.801415 
254.781006 
254.760590 
254.740168 
254.719739 
254.699304 
254.678863 
254.658415 
254.637961 
254.617500 
254.597033 
254.576560 
254.556080 
254.535594 
254.515101 
254.494602 
254.474096 
254.453584 
254.433065 
254.412540 
254.392009 
254.371471 
254.350926 
254.330375 
254.309818 
254.289254 
254.268683 
254.248106 
254.227522 
254.206932 
254.186335 
254.165732 
254.145122 
254.124506 
254.103883 
254.083254 
254.062618 
254.041975 
254.021326 
254.000670 
253.980008 
253.959339 
253.938664 
253.917982 
253.897293 
253.876597 
253.855895 
253.835187 
253.814472 
253.793750 
253.773021 
253.752286 
253.731544 
253.710796 
253.690040 
253.669279 
253.648510 
253.627735 
253.606953 
253.586164 
253.565369 
253.544567 
253.523758 
253.502943 
253.482121 
253.461292 
253.440456 
253.419614 
253.398765 
253.377909 
253.357046 
253.336177 
253.315301 
253.294418 
253.273528 
253.252632 
253.231728 
253.210818 
253.189901 
253.168978 
253.148047 
253.127110 
253.106166 
253.085215 
253.064257 
253.043292 
253.022320 
253.001342 
252.980357 
252.959365 
252.938366 
252.917360 
252.896347 
252.875327 
252.854301 
252.833267 
252.812227 
252.791179 
252.770125 
252.749064 
252.727996 
252.706921 
252.685839 
252.664750 
252.643654 
252.622551 
252.601441 
252.580324 
252.559201 
252.538070 
252.516932 
252.495787 
252.474636 
252.453477 
252.432311 
252.411138 
252.389958 
252.368771 
252.347577 
252.326376 
252.305168 
252.283953 
252.262731 
252.241502 
252.220265 
252.199022 
252.177771 
252.156514 
252.135249 
252.113977 
252.092698 
252.071412 
252.050119 
252.028818 
252.007511 
251.986196 
251.964874 
251.943545 
251.922209 
251.900866 
251.879515 
251.858158 
251.836793 
251.815421 
251.794041 
251.772655 
251.751261 
251.729860 
251.708452 
251.687037 
251.665614 
251.644184 
251.622747 
251.601303 
251.579851 
251.558392 
251.536926 
251.515452 
251.493971 
251.472483 
251.450988 
251.429485 
251.407975 
251.386457 
251.364932 
251.343400 
251.321861 
251.300314 
251.278760 
251.257198 
251.235629 
251.214053 
251.192470 
251.170878 
251.149280 
251.127674 
251.106061 
251.084440 
251.062812 
251.041176 
251.019533 
250.997883 
250.976225 
250.954559 
250.932887 
250.911206 
250.889518 
250.867823 
250.846120 
250.824410 
250.802692 
250.780967 
250.759234 
250.737494 
250.715746 
250.693990 
250.672227 
250.650457 
250.628679 
250.606893 
250.585100 
250.563299 
250.541490 
250.519674 
250.497851 
250.476019 
250.454180 
250.432334 
250.410480 
250.388618 
250.366749 
250.344872 
250.322987 
250.301094 
250.279194 
250.257287 
250.235371 
250.213448 
250.191517 
250.169579 
250.147632 
250.125678 
250.103716 
250.081747 
250.059770 
250.037785 
250.015792 
249.993792 
249.971783 
249.949767 
249.927743 
249.905712 
249.883672 
249.861625 
249.839570 
249.817507 
249.795436 
249.773358 
249.751272 
249.729177 
249.707075 
249.684965 
249.662847 
249.640722 
249.618588 
249.596446 
249.574297 
249.552140 
249.529974 
249.507801 
249.485620 
249.463431 
249.441234 
249.419029 
249.396816 
249.374595 
249.352366 
249.330129 
249.307885 
249.285632 
249.263371 
249.241102 
249.218825 
249.196540 
249.174247 
249.151946 
249.129637 
249.107320 
249.084995 
249.062661 
249.040320 
249.017970 
248.995613 
248.973247 
248.950873 
248.928491 
248.906101 
248.883703 
248.861297 
248.838882 
248.816460 
248.794029 
248.771590 
248.749143 
248.726687 
248.704224 
248.681752 
248.659272 
248.636784 
248.614287 
248.591783 
248.569270 
248.546749 
248.524219 
248.501681 
248.479135 
248.456581 
248.434018 
248.411448 
248.388868 
248.366281 
248.343685 
248.321081 
248.298468 
248.275847 
248.253218 
248.230581 
248.207935 
248.185280 
248.162618 
248.139946 
248.117267 
248.094579 
248.071883 
248.049178 
248.026464 
248.003743 
247.981013 
247.958274 
247.935527 
247.912771 
247.890007 
247.867235 
247.844454 
247.821664 
247.798866 
247.776059 
247.753244 
247.730420 
247.707588 
247.684747 
247.661898 
247.639040 
247.616173 
247.593298 
247.570414 
247.547522 
247.524621 
247.501711 
247.478793 
247.455866 
247.432930 
247.409986 
247.387033 
247.364072 
247.341101 
247.318122 
247.295135 
247.272138 
247.249133 
247.226119 
247.203096 
247.180065 
247.157025 
247.133976 
247.110918 
247.087852 
247.064777 
247.041693 
247.018600 
246.995498 
246.972387 
246.949268 
246.926140 
246.903003 
246.879857 
246.856702 
246.833538 
246.810366 
246.787184 
246.763994 
246.740795 
246.717587 
246.694369 
246.671143 
246.647908 
246.624664 
246.601411 
246.578149 
246.554878 
246.531598 
246.508309 
246.485011 
246.461704 
246.438388 
246.415063 
246.391729 
246.368386 
246.345034 
246.321672 
246.298302 
246.274922 
246.251534 
246.228136 
246.204729 
246.181313 
246.157888 
246.134454 
246.111010 
246.087557 
246.064096 
246.040625 
246.017144 
245.993655 
245.970156 
245.946648 
245.923131 
245.899605 
245.876069 
245.852524 
245.828970 
245.805407 
245.781834 
245.758252 
245.734661 
245.711060 
245.687450 
245.663831 
245.640202 
245.616564 
245.592916 
245.569260 
245.545593 
245.521918 
245.498233 
245.474538 
245.450834 
245.427121 
245.403398 
245.379666 
245.355925 
245.332173 
245.308413 
245.284643 
245.260863 
245.237074 
245.213275 
245.189467 
245.165649 
245.141822 
245.117985 
245.094138 
245.070282 
245.046417 
245.022541 
244.998656 
244.974762 
244.950858 
244.926944 
244.903020 
244.879087 
244.855144 
244.831192 
244.807230 
244.783258 
244.759276 
244.735285 
244.711284 
244.687273 
244.663252 
244.639222 
244.615182 
244.591132 
244.567072 
244.543003 
244.518923 
244.494834 
244.470735 
244.446626 
244.422508 
244.398379 
244.374240 
244.350092 
244.325934 
244.301765 
244.277587 
244.253399 
244.229201 
244.204993 
244.180775 
244.156547 
244.132309 
244.108062 
244.083804 
244.059536 
244.035258 
244.010970 
243.986672 
243.962363 
243.938045 
243.913717 
243.889378 
243.865030 
243.840671 
243.816303 
243.791924 
243.767535 
243.743135 
243.718726 
243.694306 
243.669877 
243.645437 
243.620987 
243.596526 
243.572056 
243.547575 
243.523083 
243.498582 
243.474070 
243.449548 
243.425016 
243.400473 
243.375920 
243.351357 
243.326783 
243.302199 
243.277605 
243.253000 
243.228385 
243.203759 
243.179123 
243.154477 
243.129820 
243.105153 
243.080475 
243.055787 
243.031088 
243.006379 
242.981659 
242.956929 
242.932188 
242.907437 
242.882675 
242.857902 
242.833119 
242.808325 
242.783521 
242.758706 
242.733881 
242.709045 
242.684198 
242.659340 
242.634472 
242.609594 
242.584704 
242.559804 
242.534893 
242.509971 
242.485039 
242.460096 
242.435142 
242.410177 
242.385201 
242.360215 
242.335218 
242.310210 
242.285191 
242.260161 
242.235121 
242.210069 
242.185007 
242.159934 
242.134850 
242.109755 
242.084649 
242.059532 
242.034404 
242.009265 
241.984115 
241.958954 
241.933782 
241.908599 
241.883406 
241.858201 
241.832984 
241.807757 
241.782519 
241.757270 
241.732009 
241.706738 
241.681455 
241.656161 
241.630856 
241.605540 
241.580213 
241.554874 
241.529524 
241.504163 
241.478791 
241.453407 
241.428012 
241.402606 
241.377189 
241.351760 
241.326320 
241.300869 
241.275406 
241.249932 
241.224447 
241.198950 
241.173442 
241.147922 
241.122391 
241.096849 
241.071295 
241.045730 
241.020153 
240.994564 
240.968964 
240.943353 
240.917730 
240.892096 
240.866450 
240.840792 
240.815123 
240.789442 
240.763750 
240.738046 
240.712331 
240.686603 
240.660864 
240.635114 
240.609352 
240.583578 
240.557792 
240.531994 
240.506185 
240.480364 
240.454532 
240.428687 
240.402831 
240.376963 
240.351083 
240.325191 
240.299287 
240.273372 
240.247444 
240.221505 
240.195554 
240.169591 
240.143615 
240.117628 
240.091629 
240.065618 
240.039595 
240.013560 
239.987513 
239.961454 
239.935383 
239.909300 
239.883205 
239.857097 
239.830978 
239.804846 
239.778702 
239.752546 
239.726378 
239.700198 
239.674006 
239.647801 
239.621584 
239.595355 
239.569113 
239.542860 
239.516594 
239.490315 
239.464025 
239.437722 
239.411407 
239.385079 
239.358739 
239.332387 
239.306022 
239.279644 
239.253255 
239.226853 
239.200438 
239.174011 
239.147571 
239.121119 
239.094655 
239.068177 
239.041688 
239.015185 
238.988671 
238.962143 
238.935603 
238.909050 
238.882485 
238.855907 
238.829316 
238.802713 
238.776096 
238.749467 
238.722826 
238.696171 
238.669504 
238.642824 
238.616132 
238.589426 
238.562708 
238.535976 
238.509232 
238.482475 
238.455705 
238.428922 
238.402126 
238.375318 
238.348496 
238.321661 
238.294814 
238.267953 
238.241079 
238.214192 
238.187293 
238.160380 
238.133454 
238.106514 
238.079562 
238.052597 
238.025618 
237.998626 
237.971621 
237.944603 
237.917572 
237.890527 
237.863469 
237.836398 
237.809314 
237.782216 
237.755105 
237.727980 
237.700843 
237.673691 
237.646527 
237.619349 
237.592157 
237.564953 
237.537734 
237.510502 
237.483257 
237.455998 
237.428726 
237.401440 
237.374140 
237.346827 
237.319501 
237.292160 
237.264807 
237.237439 
237.210058 
237.182663 
237.155254 
237.127832 
237.100396 
237.072946 
237.045482 
237.018005 
236.990514 
236.963008 
236.935490 
236.907957 
236.880410 
236.852850 
236.825275 
236.797687 
236.770084 
236.742468 
236.714838 
236.687193 
236.659535 
236.631862 
236.604176 
236.576475 
236.548761 
236.521032 
236.493289 
236.465532 
236.437761 
236.409975 
236.382175 
236.354362 
236.326533 
236.298691 
236.270834 
236.242963 
236.215078 
236.187178 
236.159264 
236.131336 
236.103393 
236.075436 
236.047464 
236.019478 
235.991477 
235.963462 
235.935433 
235.907389 
235.879330 
235.851257 
235.823169 
235.795066 
235.766949 
235.738818 
235.710671 
235.682510 
235.654334 
235.626144 
235.597938 
235.569718 
235.541484 
235.513234 
235.484969 
235.456690 
235.428396 
235.400087 
235.371763 
235.343424 
235.315070 
235.286701 
235.258317 
235.229919 
235.201505 
235.173076 
235.144632 
235.116173 
235.087699 
235.059209 
235.030705 
235.002185 
234.973651 
234.945101 
234.916535 
234.887955 
234.859359 
234.830748 
234.802122 
234.773480 
234.744823 
234.716150 
234.687463 
234.658759 
234.630041 
234.601306 
234.572557 
234.543792 
234.515011 
234.486215 
234.457403 
234.428575 
234.399732 
234.370874 
234.342000 
234.313110 
234.284204 
234.255282 
234.226345 
234.197392 
234.168424 
234.139439 
234.110439 
234.081423 
234.052391 
234.023343 
233.994279 
233.965199 
233.936103 
233.906991 
233.877863 
233.848720 
233.819560 
233.790384 
233.761192 
233.731984 
233.702759 
233.673519 
233.644262 
233.614989 
233.585700 
233.556395 
233.527073 
233.497735 
233.468381 
233.439010 
233.409623 
233.380220 
233.350800 
233.321364 
233.291911 
233.262442 
233.232956 
233.203454 
233.173935 
233.144399 
233.114847 
233.085279 
233.055693 
233.026091 
232.996472 
232.966837 
232.937185 
232.907516 
232.877830 
232.848127 
232.818408 
232.788672 
232.758918 
232.729148 
232.699361 
232.669557 
232.639736 
232.609898 
232.580043 
232.550171 
232.520281 
232.490375 
232.460451 
232.430511 
232.400553 
232.370577 
232.340585 
232.310575 
232.280548 
232.250504 
232.220443 
232.190363 
232.160267 
232.130153 
232.100022 
232.069873 
232.039707 
232.009523 
231.979322 
231.949103 
231.918866 
231.888612 
231.858340 
231.828051 
231.797744 
231.767419 
231.737076 
231.706716 
231.676337 
231.645941 
231.615527 
231.585095 
231.554645 
231.524178 
231.493692 
231.463188 
231.432666 
231.402127 
231.371569 
231.340993 
231.310398 
231.279786 
231.249156 
231.218507 
231.187840 
231.157155 
231.126451 
231.095729 
231.064989 
231.034230 
231.003453 
230.972658 
230.941844 
230.911011 
230.880160 
230.849291 
230.818403 
230.787496 
230.756570 
230.725626 
230.694664 
230.663682 
230.632682 
230.601663 
230.570625 
230.539568 
230.508493 
230.477398 
230.446285 
230.415153 
230.384001 
230.352831 
230.321642 
230.290433 
230.259206 
230.227959 
230.196693 
230.165408 
230.134104 
230.102780 
230.071437 
230.040075 
230.008694 
229.977293 
229.945873 
229.914433 
229.882974 
229.851495 
229.819997 
229.788479 
229.756942 
229.725385 
229.693808 
229.662212 
229.630596 
229.598960 
229.567305 
229.535629 
229.503934 
229.472219 
229.440484 
229.408729 
229.376955 
229.345160 
229.313345 
229.281510 
229.249655 
229.217780 
229.185885 
229.153969 
229.122033 
229.090078 
229.058101 
229.026105 
228.994088 
228.962051 
228.929993 
228.897915 
228.865816 
228.833697 
228.801557 
228.769397 
228.737216 
228.705014 
228.672792 
228.640549 
228.608286 
228.576001 
228.543696 
228.511370 
228.479023 
228.446655 
228.414266 
228.381856 
228.349425 
228.316973 
228.284500 
228.252006 
228.219490 
228.186954 
228.154396 
228.121817 
228.089217 
228.056595 
228.023952 
227.991287 
227.958601 
227.925894 
227.893165 
227.860415 
227.827643 
227.794849 
227.762034 
227.729197 
227.696338 
227.663457 
227.630555 
227.597631 
227.564685 
227.531717 
227.498727 
227.465715 
227.432681 
227.399625 
227.366547 
227.333447 
227.300325 
227.267180 
227.234013 
227.200824 
227.167613 
227.134379 
227.101123 
227.067844 
227.034543 
227.001219 
226.967873 
226.934504 
226.901113 
226.867699 
226.834262 
226.800803 
226.767320 
226.733815 
226.700287 
226.666736 
226.633162 
226.599566 
226.565946 
226.532303 
226.498637 
226.464948 
226.431235 
226.397500 
226.363741 
226.329959 
226.296153 
226.262324 
226.228472 
226.194596 
226.160697 
226.126774 
226.092828 
226.058858 
226.024864 
225.990847 
225.956806 
225.922741 
225.888652 
225.854539 
225.820403 
225.786242 
225.752058 
225.717849 
225.683616 
225.649359 
225.615078 
225.580773 
225.546444 
225.512090 
225.477712 
225.443309 
225.408882 
225.374430 
225.339954 
225.305454 
225.270929 
225.236379 
225.201804 
225.167205 
225.132581 
225.097932 
225.063258 
225.028559 
224.993835 
224.959087 
224.924313 
224.889514 
224.854690 
224.819841 
224.784966 
224.750066 
224.715141 
224.680191 
224.645215 
224.610213 
224.575186 
224.540134 
224.505056 
224.469952 
224.434822 
224.399667 
224.364486 
224.329279 
224.294046 
224.258787 
224.223502 
224.188192 
224.152855 
224.117492 
224.082102 
224.046687 
224.011245 
223.975777 
223.940282 
223.904761 
223.869214 
223.833640 
223.798039 
223.762412 
223.726758 
223.691078 
223.655370 
223.619636 
223.583875 
223.548087 
223.512272 
223.476429 
223.440560 
223.404664 
223.368740 
223.332790 
223.296811 
223.260806 
223.224773 
223.188713 
223.152625 
223.116510 
223.080367 
223.044196 
223.007998 
222.971771 
222.935517 
222.899236 
222.862926 
222.826588 
222.790222 
222.753828 
222.717406 
222.680956 
222.644477 
222.607971 
222.571435 
222.534872 
222.498280 
222.461659 
222.425010 
222.388332 
222.351625 
222.314890 
222.278125 
222.241332 
222.204510 
222.167659 
222.130779 
222.093870 
222.056932 
222.019964 
221.982968 
221.945941 
221.908886 
221.871801 
221.834686 
221.797542 
221.760369 
221.723165 
221.685932 
221.648669 
221.611376 
221.574054 
221.536701 
221.499318 
221.461905 
221.424462 
221.386989 
221.349486 
221.311952 
221.274387 
221.236792 
221.199167 
221.161511 
221.123825 
221.086107 
221.048359 
221.010580 
220.972770 
220.934930 
220.897058 
220.859155 
220.821220 
220.783255 
220.745258 
220.707230 
220.669171 
220.631080 
220.592957 
220.554803 
220.516617 
220.478400 
220.440151 
220.401869 
220.363556 
220.325211 
220.286833 
220.248424 
220.209982 
220.171508 
220.133002 
220.094463 
220.055892 
220.017288 
219.978652 
219.939983 
219.901281 
219.862546 
219.823778 
219.784978 
219.746144 
219.707277 
219.668377 
219.629444 
219.590477 
219.551477 
219.512444 
219.473377 
219.434276 
219.395142 
219.355974 
219.316772 
219.277537 
219.238267 
219.198963 
219.159625 
219.120253 
219.080847 
219.041406 
219.001931 
218.962421 
218.922877 
218.883298 
218.843684 
218.804036 
218.764353 
218.724634 
218.684881 
218.645093 
218.605269 
218.565410 
218.525516 
218.485586 
218.445621 
218.405621 
218.365584 
218.325512 
218.285404 
218.245261 
218.205081 
218.164865 
218.124613 
218.084325 
218.044001 
218.003640 
217.963243 
217.922809 
217.882338 
217.841831 
217.801287 
217.760706 
217.720089 
217.679434 
217.638742 
217.598013 
217.557246 
217.516442 
217.475601 
217.434722 
217.393806 
217.352852 
217.311860 
217.270830 
217.229762 
217.188656 
217.147512 
217.106329 
217.065109 
217.023849 
216.982552 
216.941216 
216.899841 
216.858427 
216.816974 
216.775483 
216.733952 
216.692382 
216.650773 
216.609125 
216.567437 
216.525710 
216.483943 
216.442136 
216.400290 
216.358404 
216.316477 
216.274511 
216.232504 
216.190457 
216.148370 
216.106243 
216.064074 
216.021866 
215.979616 
215.937325 
215.894994 
215.852621 
215.810208 
215.767753 
215.725257 
215.682719 
215.640140 
215.597519 
215.554856 
215.512152 
215.469405 
215.426617 
215.383786 
215.340913 
215.297998 
215.255040 
215.212040 
215.168996 
215.125911 
215.082782 
215.039610 
214.996395 
214.953137 
214.909836 
214.866491 
214.823103 
214.779671 
214.736195 
214.692676 
214.649112 
214.605504 
214.561853 
214.518156 
214.474416 
214.430631 
214.386801 
214.342927 
214.299007 
214.255043 
214.211034 
214.166979 
214.122879 
214.078734 
214.034543 
213.990306 
213.946024 
213.901695 
213.857321 
213.812901 
213.768434 
213.723921 
213.679361 
213.634755 
213.590102 
213.545402 
213.500655 
213.455861 
213.411020 
213.366132 
213.321196 
213.276212 
213.231181 
213.186101 
213.140974 
213.095799 
213.050576 
213.005304 
212.959983 
212.914614 
212.869197 
212.823730 
212.778214 
212.732650 
212.687036 
212.641372 
212.595659 
212.549897 
212.504084 
212.458222 
212.412309 
212.366347 
212.320334 
212.274270 
212.228156 
212.181992 
212.135776 
212.089509 
212.043191 
211.996822 
211.950402 
211.903929 
211.857405 
211.810830 
211.764202 
211.717522 
211.670789 
211.624005 
211.577167 
211.530277 
211.483334 
211.436338 
211.389289 
211.342187 
211.295031 
211.247821 
211.200558 
211.153240 
211.105869 
211.058443 
211.010963 
210.963428 
210.915839 
210.868195 
210.820496 
210.772742 
210.724932 
210.677067 
210.629146 
210.581169 
210.533137 
210.485048 
210.436903 
210.388702 
210.340444 
210.292129 
210.243757 
210.195329 
210.146842 
210.098299 
210.049698 
210.001039 
209.952322 
209.903547 
209.854714 
209.805822 
209.756872 
209.707863 
209.658794 
209.609667 
209.560480 
209.511234 
209.461929 
209.412563 
209.363137 
209.313651 
209.264105 
209.214498 
209.164830 
209.115102 
209.065312 
209.015461 
208.965548 
208.915574 
208.865538 
208.815440 
208.765279 
208.715056 
208.664771 
208.614422 
208.564011 
208.513536 
208.462998 
208.412397 
208.361731 
208.311002 
208.260208 
208.209350 
208.158427 
208.107440 
208.056387 
208.005270 
207.954086 
207.902838 
207.851523 
207.800143 
207.748696 
207.697182 
207.645602 
207.593955 
207.542241 
207.490460 
207.438611 
207.386695 
207.334710 
207.282658 
207.230537 
207.178347 
207.126088 
207.073761 
207.021364 
206.968897 
206.916361 
206.863755 
206.811079 
206.758332 
206.705515 
206.652627 
206.599667 
206.546636 
206.493534 
206.440360 
206.387114 
206.333795 
206.280404 
206.226940 
206.173403 
206.119793 
206.066109 
206.012352 
205.958520 
205.904614 
205.850634 
205.796579 
205.742449 
205.688243 
205.633962 
205.579605 
205.525172 
205.470663 
205.416078 
205.361415 
205.306675 
205.251858 
205.196963 
205.141991 
205.086940 
205.031811 
204.976602 
204.921315 
204.865949 
204.810503 
204.754977 
204.699371 
204.643685 
204.587918 
204.532070 
204.476141 
204.420130 
204.364037 
204.307862 
204.251605 
204.195265 
204.138842 
204.082336 
204.025746 
203.969072 
203.912314 
203.855471 
203.798543 
203.741530 
203.684432 
203.627248 
203.569978 
203.512621 
203.455178 
203.397648 
203.340030 
203.282325 
203.224531 
203.166649 
203.108679 
203.050619 
202.992470 
202.934231 
202.875903 
202.817484 
202.758974 
202.700373 
202.641681 
202.582897 
202.524020 
202.465052 
202.405990 
202.346836 
202.287588 
202.228246 
202.168809 
202.109279 
202.049653 
201.989931 
201.930114 
201.870201 
201.810192 
201.750085 
201.689882 
201.629580 
201.569181 
201.508683 
201.448087 
201.387391 
201.326596 
201.265701 
201.204705 
201.143608 
201.082411 
201.021112 
200.959710 
200.898207 
200.836600 
200.774890 
200.713077 
200.651159 
200.589137 
200.527010 
200.464778 
200.402440 
200.339995 
200.277444 
200.214785 
200.152019 
200.089145 
200.026163 
199.963071 
199.899870 
199.836559 
199.773138 
199.709606 
199.645963 
199.582208 
199.518340 
199.454360 
199.390267 
199.326060 
199.261739 
199.197303 
199.132752 
199.068085 
199.003303 
198.938403 
198.873386 
198.808252 
198.742999 
198.677628 
198.612137 
198.546527 
198.480796 
198.414944 
198.348971 
198.282876 
198.216658 
198.150317 
198.083853 
198.017265 
197.950552 
197.883713 
197.816749 
197.749658 
197.682440 
197.615094 
197.547621 
197.480018 
197.412286 
197.344425 
197.276432 
197.208308 
197.140053 
197.071665 
197.003144 
196.934489 
196.865700 
196.796776 
196.727717 
196.658521 
196.589188 
196.519718 
196.450109 
196.380362 
196.310475 
196.240447 
196.170279 
196.099969 
196.029517 
195.958922 
195.888184 
195.817300 
195.746272 
195.675098 
195.603777 
195.532309 
195.460693 
195.388928 
195.317014 
195.244949 
195.172733 
195.100366 
195.027846 
194.955172 
194.882345 
194.809362 
194.736224 
194.662929 
194.589477 
194.515867 
194.442097 
194.368168 
194.294079 
194.219827 
194.145414 
194.070837 
193.996096 
193.921190 
193.846119 
193.770880 
193.695474 
193.619900 
193.544156 
193.468242 
193.392156 
193.315898 
193.239467 
193.162863 
193.086083 
193.009127 
192.931994 
192.854683 
192.777193 
192.699523 
192.621672 
192.543639 
192.465424 
192.387024 
192.308439 
192.229668 
192.150710 
192.071563 
191.992227 
191.912701 
191.832983 
191.753072 
191.672968 
191.592669 
191.512174 
191.431481 
191.350590 
191.269500 
191.188208 
191.106715 
191.025019 
190.943118 
190.861012 
190.778699 
190.696177 
190.613447 
190.530506 
190.447353 
190.363986 
190.280405 
190.196608 
190.112594 
190.028362 
189.943909 
189.859235 
189.774338 
189.689218 
189.603871 
189.518298 
189.432496 
189.346465 
189.260202 
189.173706 
189.086975 
189.000009 
188.912805 
188.825363 
188.737679 
188.649754 
188.561585 
188.473170 
188.384508 
188.295598 
188.206437 
188.117024 
188.027357 
187.937435 
187.847255 
187.756817 
187.666117 
187.575155 
187.483929 
187.392436 
187.300675 
187.208644 
187.116341 
187.023765 
186.930912 
186.837782 
186.744371 
186.650679 
186.556704 
186.462442 
186.367892 
186.273053 
186.177921 
186.082494 
185.986771 
185.890750 
185.794427 
185.697801 
185.600870 
185.503630 
185.406081 
185.308219 
185.210042 
185.111547 
185.012733 
184.913596 
184.814135 
184.714346 
184.614227 
184.513776 
184.412990 
184.311865 
184.210400 
184.108592 
184.006437 
183.903934 
183.801079 
183.697869 
183.594302 
183.490374 
183.386083 
183.281425 
183.176397 
183.070997 
182.965220 
182.859065 
182.752527 
182.645604 
182.538291 
182.430587 
182.322486 
182.213986 
182.105084 
181.995775 
181.886056 
181.775924 
181.665374 
181.554404 
181.443008 
181.331183 
181.218926 
181.106232 
180.993098 
180.879518 
180.765490 
180.651008 
180.536069 
180.420667 
180.304800 
180.188461 
180.071648 
179.954354 
179.836575 
179.718308 
179.599546 
179.480284 
179.360519 
179.240244 
179.119455 
178.998146 
178.876313 
178.753949 
178.631049 
178.507608 
178.383619 
178.259078 
178.133978 
178.008314 
177.882079 
177.755267 
177.627872 
177.499887 
177.371307 
177.242124 
177.112331 
176.981923 
176.850892 
176.719231 
176.586932 
176.453989 
176.320394 
176.186140 
176.051218 
175.915621 
175.779340 
175.642369 
175.504698 
175.366319 
175.227223 
175.087401 
174.946845 
174.805546 
174.663494 
174.520679 
174.377092 
174.232723 
174.087562 
173.941598 
173.794822 
173.647223 
173.498788 
173.349509 
173.199372 
173.048366 
172.896480 
172.743701 
172.590018 
172.435416 
172.279884 
172.123408 
171.965974 
171.807569 
171.648178 
171.487788 
171.326383 
171.163948 
171.000467 
170.835925 
170.670306 
170.503593 
170.335768 
170.166814 
169.996714 
169.825449 
169.653000 
169.479348 
169.304472 
169.128354 
168.950972 
168.772304 
168.592329 
168.411024 
168.228366 
168.044332 
167.858895 
167.672033 
167.483718 
167.293925 
167.102625 
166.909791 
166.715394 
166.519404 
166.321791 
166.122521 
165.921564 
165.718885 
165.514450 
165.308223 
165.100166 
164.890243 
164.678412 
164.464635 
164.248868 
164.031069 
163.811191 
163.589190 
163.365015 
163.138618 
162.909947 
162.678948 
162.445565 
162.209741 
161.971415 
161.730527 
161.487009 
161.240796 
160.991818 
160.740001 
160.485270 
160.227545 
159.966744 
159.702781 
159.435565 
159.165004 
158.890998 
158.613445 
158.332237 
158.047261 
157.758399 
157.465527 
157.168514 
156.867222 
156.561508 
156.251218 
155.936193 
155.616264 
155.291250 
154.960962 
154.625201 
154.283752 
153.936391 
153.582876 
153.222953 
152.856349 
152.482772 
152.101912 
151.713435 
151.316983 
150.912173 
150.498590 
150.075788 
149.643283 
149.200552 
148.747026 
148.282086 
147.805056 
147.315195 
146.811689 
146.293643 
145.760065 
145.209855 
144.641788 
144.054490 
143.446420 
142.815835 
142.160752 
141.478908 
140.767694 
140.024087 
139.244553 
138.424921 
137.560220 
136.644454 
135.670294 
134.628642 
133.508002 
132.293531 
130.965573 
129.497271 
127.850460 
125.968089 
123.758859 
121.061760 
117.546544 
112.320890 
99.977975 
NaN
NaN
NaN
NaN
NaN
NaN
NaN
NaN
NaN
NaN
NaN
NaN
NaN
NaN
NaN
NaN
NaN
NaN
NaN
NaN
NaN
NaN
NaN
NaN
NaN
NaN
NaN
NaN
NaN
NaN
NaN
NaN
NaN
NaN
NaN
NaN
NaN
NaN
NaN
