330.030127 
330.023691 
330.017253 
330.010815 
330.004377 
329.997938 
329.991499 
329.985059 
329.978618 
329.972177 
329.965735 
329.959293 
329.952850 
329.946407 
329.939963 
329.933519 
329.927074 
329.920629 
329.914183 
329.907736 
329.901289 
329.894842 
329.888393 
329.881945 
329.875496 
329.869046 
329.862595 
329.856145 
329.849693 
329.843241 
329.836789 
329.830336 
329.823882 
329.817428 
329.810973 
329.804518 
329.798062 
329.791606 
329.785149 
329.778692 
329.772234 
329.765775 
329.759316 
329.752857 
329.746397 
329.739936 
329.733475 
329.727013 
329.720551 
329.714088 
329.707625 
329.701161 
329.694696 
329.688231 
329.681766 
329.675300 
329.668833 
329.662366 
329.655898 
329.649430 
329.642961 
329.636491 
329.630021 
329.623551 
329.617080 
329.610608 
329.604136 
329.597663 
329.591190 
329.584716 
329.578242 
329.571767 
329.565292 
329.558816 
329.552339 
329.545862 
329.539385 
329.532906 
329.526428 
329.519948 
329.513469 
329.506988 
329.500507 
329.494026 
329.487544 
329.481061 
329.474578 
329.468095 
329.461610 
329.455126 
329.448640 
329.442154 
329.435668 
329.429181 
329.422693 
329.416205 
329.409717 
329.403228 
329.396738 
329.390248 
329.383757 
329.377265 
329.370773 
329.364281 
329.357788 
329.351294 
329.344800 
329.338305 
329.331810 
329.325314 
329.318818 
329.312321 
329.305824 
329.299326 
329.292827 
329.286328 
329.279828 
329.273328 
329.266827 
329.260326 
329.253824 
329.247321 
329.240818 
329.234315 
329.227811 
329.221306 
329.214801 
329.208295 
329.201789 
329.195282 
329.188774 
329.182266 
329.175758 
329.169249 
329.162739 
329.156229 
329.149718 
329.143207 
329.136695 
329.130182 
329.123669 
329.117156 
329.110642 
329.104127 
329.097612 
329.091096 
329.084580 
329.078063 
329.071545 
329.065027 
329.058509 
329.051989 
329.045470 
329.038950 
329.032429 
329.025907 
329.019385 
329.012863 
329.006340 
328.999816 
328.993292 
328.986767 
328.980242 
328.973716 
328.967190 
328.960663 
328.954135 
328.947607 
328.941079 
328.934549 
328.928020 
328.921489 
328.914958 
328.908427 
328.901895 
328.895362 
328.888829 
328.882295 
328.875761 
328.869226 
328.862691 
328.856155 
328.849619 
328.843082 
328.836544 
328.830006 
328.823467 
328.816928 
328.810388 
328.803847 
328.797306 
328.790765 
328.784223 
328.777680 
328.771137 
328.764593 
328.758048 
328.751504 
328.744958 
328.738412 
328.731865 
328.725318 
328.718770 
328.712222 
328.705673 
328.699124 
328.692574 
328.686023 
328.679472 
328.672920 
328.666368 
328.659815 
328.653262 
328.646708 
328.640153 
328.633598 
328.627042 
328.620486 
328.613929 
328.607372 
328.600814 
328.594255 
328.587696 
328.581137 
328.574576 
328.568016 
328.561454 
328.554892 
328.548330 
328.541767 
328.535203 
328.528639 
328.522074 
328.515509 
328.508943 
328.502376 
328.495809 
328.489242 
328.482674 
328.476105 
328.469536 
328.462966 
328.456395 
328.449824 
328.443253 
328.436681 
328.430108 
328.423534 
328.416961 
328.410386 
328.403811 
328.397236 
328.390659 
328.384083 
328.377505 
328.370928 
328.364349 
328.357770 
328.351191 
328.344610 
328.338030 
328.331448 
328.324867 
328.318284 
328.311701 
328.305118 
328.298533 
328.291949 
328.285363 
328.278777 
328.272191 
328.265604 
328.259016 
328.252428 
328.245840 
328.239250 
328.232660 
328.226070 
328.219479 
328.212887 
328.206295 
328.199702 
328.193109 
328.186515 
328.179921 
328.173326 
328.166730 
328.160134 
328.153537 
328.146940 
328.140342 
328.133743 
328.127144 
328.120544 
328.113944 
328.107343 
328.100742 
328.094140 
328.087537 
328.080934 
328.074331 
328.067726 
328.061122 
328.054516 
328.047910 
328.041304 
328.034696 
328.028089 
328.021480 
328.014871 
328.008262 
328.001652 
327.995041 
327.988430 
327.981818 
327.975206 
327.968593 
327.961980 
327.955365 
327.948751 
327.942135 
327.935520 
327.928903 
327.922286 
327.915669 
327.909051 
327.902432 
327.895812 
327.889193 
327.882572 
327.875951 
327.869329 
327.862707 
327.856084 
327.849461 
327.842837 
327.836212 
327.829587 
327.822962 
327.816335 
327.809708 
327.803081 
327.796453 
327.789824 
327.783195 
327.776565 
327.769935 
327.763304 
327.756673 
327.750040 
327.743408 
327.736774 
327.730141 
327.723506 
327.716871 
327.710235 
327.703599 
327.696962 
327.690325 
327.683687 
327.677049 
327.670409 
327.663770 
327.657129 
327.650489 
327.643847 
327.637205 
327.630562 
327.623919 
327.617275 
327.610631 
327.603986 
327.597340 
327.590694 
327.584048 
327.577400 
327.570752 
327.564104 
327.557455 
327.550805 
327.544155 
327.537504 
327.530853 
327.524201 
327.517548 
327.510895 
327.504241 
327.497587 
327.490932 
327.484276 
327.477620 
327.470963 
327.464306 
327.457648 
327.450989 
327.444330 
327.437671 
327.431010 
327.424350 
327.417688 
327.411026 
327.404363 
327.397700 
327.391036 
327.384372 
327.377707 
327.371042 
327.364375 
327.357709 
327.351041 
327.344373 
327.337705 
327.331036 
327.324366 
327.317696 
327.311025 
327.304353 
327.297681 
327.291008 
327.284335 
327.277661 
327.270987 
327.264312 
327.257636 
327.250960 
327.244283 
327.237606 
327.230928 
327.224249 
327.217570 
327.210890 
327.204210 
327.197529 
327.190847 
327.184165 
327.177482 
327.170799 
327.164115 
327.157430 
327.150745 
327.144059 
327.137373 
327.130686 
327.123999 
327.117311 
327.110622 
327.103932 
327.097243 
327.090552 
327.083861 
327.077169 
327.070477 
327.063784 
327.057091 
327.050396 
327.043702 
327.037007 
327.030311 
327.023614 
327.016917 
327.010219 
327.003521 
326.996822 
326.990123 
326.983423 
326.976722 
326.970021 
326.963319 
326.956616 
326.949913 
326.943210 
326.936505 
326.929801 
326.923095 
326.916389 
326.909682 
326.902975 
326.896267 
326.889559 
326.882850 
326.876140 
326.869430 
326.862719 
326.856007 
326.849295 
326.842583 
326.835869 
326.829156 
326.822441 
326.815726 
326.809010 
326.802294 
326.795577 
326.788860 
326.782142 
326.775423 
326.768704 
326.761984 
326.755263 
326.748542 
326.741820 
326.735098 
326.728375 
326.721652 
326.714927 
326.708203 
326.701477 
326.694751 
326.688025 
326.681298 
326.674570 
326.667842 
326.661113 
326.654383 
326.647653 
326.640922 
326.634191 
326.627459 
326.620726 
326.613993 
326.607259 
326.600525 
326.593790 
326.587054 
326.580318 
326.573581 
326.566844 
326.560105 
326.553367 
326.546628 
326.539888 
326.533147 
326.526406 
326.519664 
326.512922 
326.506179 
326.499436 
326.492691 
326.485947 
326.479201 
326.472455 
326.465709 
326.458962 
326.452214 
326.445465 
326.438716 
326.431967 
326.425217 
326.418466 
326.411714 
326.404962 
326.398209 
326.391456 
326.384702 
326.377948 
326.371193 
326.364437 
326.357681 
326.350924 
326.344166 
326.337408 
326.330649 
326.323890 
326.317130 
326.310369 
326.303608 
326.296846 
326.290083 
326.283320 
326.276557 
326.269792 
326.263027 
326.256262 
326.249496 
326.242729 
326.235962 
326.229194 
326.222425 
326.215656 
326.208886 
326.202116 
326.195344 
326.188573 
326.181800 
326.175028 
326.168254 
326.161480 
326.154705 
326.147930 
326.141154 
326.134377 
326.127600 
326.120822 
326.114044 
326.107265 
326.100485 
326.093705 
326.086924 
326.080142 
326.073360 
326.066577 
326.059794 
326.053010 
326.046225 
326.039440 
326.032654 
326.025868 
326.019081 
326.012293 
326.005504 
325.998715 
325.991926 
325.985136 
325.978345 
325.971553 
325.964761 
325.957969 
325.951175 
325.944382 
325.937587 
325.930792 
325.923996 
325.917200 
325.910403 
325.903605 
325.896807 
325.890008 
325.883208 
325.876408 
325.869607 
325.862806 
325.856004 
325.849201 
325.842398 
325.835594 
325.828790 
325.821985 
325.815179 
325.808373 
325.801566 
325.794758 
325.787950 
325.781141 
325.774332 
325.767521 
325.760711 
325.753899 
325.747087 
325.740275 
325.733462 
325.726648 
325.719833 
325.713018 
325.706203 
325.699386 
325.692569 
325.685752 
325.678933 
325.672115 
325.665295 
325.658475 
325.651654 
325.644833 
325.638011 
325.631188 
325.624365 
325.617541 
325.610717 
325.603892 
325.597066 
325.590240 
325.583413 
325.576585 
325.569757 
325.562928 
325.556098 
325.549268 
325.542437 
325.535606 
325.528774 
325.521941 
325.515108 
325.508274 
325.501440 
325.494604 
325.487769 
325.480932 
325.474095 
325.467257 
325.460419 
325.453580 
325.446740 
325.439900 
325.433059 
325.426218 
325.419376 
325.412533 
325.405690 
325.398846 
325.392001 
325.385156 
325.378310 
325.371463 
325.364616 
325.357768 
325.350920 
325.344071 
325.337221 
325.330371 
325.323520 
325.316668 
325.309816 
325.302963 
325.296110 
325.289255 
325.282401 
325.275545 
325.268689 
325.261833 
325.254975 
325.248117 
325.241259 
325.234399 
325.227540 
325.220679 
325.213818 
325.206956 
325.200094 
325.193231 
325.186367 
325.179503 
325.172638 
325.165772 
325.158906 
325.152039 
325.145172 
325.138304 
325.131435 
325.124565 
325.117695 
325.110825 
325.103953 
325.097081 
325.090209 
325.083335 
325.076462 
325.069587 
325.062712 
325.055836 
325.048960 
325.042083 
325.035205 
325.028326 
325.021447 
325.014568 
325.007688 
325.000807 
324.993925 
324.987043 
324.980160 
324.973277 
324.966392 
324.959508 
324.952622 
324.945736 
324.938849 
324.931962 
324.925074 
324.918186 
324.911296 
324.904406 
324.897516 
324.890625 
324.883733 
324.876840 
324.869947 
324.863053 
324.856159 
324.849264 
324.842368 
324.835472 
324.828575 
324.821677 
324.814779 
324.807880 
324.800981 
324.794080 
324.787179 
324.780278 
324.773376 
324.766473 
324.759570 
324.752665 
324.745761 
324.738855 
324.731949 
324.725043 
324.718135 
324.711227 
324.704319 
324.697409 
324.690500 
324.683589 
324.676678 
324.669766 
324.662853 
324.655940 
324.649026 
324.642112 
324.635197 
324.628281 
324.621365 
324.614448 
324.607530 
324.600612 
324.593693 
324.586773 
324.579853 
324.572932 
324.566010 
324.559088 
324.552165 
324.545242 
324.538317 
324.531392 
324.524467 
324.517541 
324.510614 
324.503687 
324.496758 
324.489830 
324.482900 
324.475970 
324.469040 
324.462108 
324.455176 
324.448243 
324.441310 
324.434376 
324.427441 
324.420506 
324.413570 
324.406634 
324.399696 
324.392758 
324.385820 
324.378881 
324.371941 
324.365000 
324.358059 
324.351117 
324.344175 
324.337232 
324.330288 
324.323343 
324.316398 
324.309453 
324.302506 
324.295559 
324.288611 
324.281663 
324.274714 
324.267764 
324.260814 
324.253863 
324.246911 
324.239959 
324.233006 
324.226052 
324.219098 
324.212143 
324.205187 
324.198231 
324.191274 
324.184316 
324.177358 
324.170399 
324.163439 
324.156479 
324.149518 
324.142557 
324.135595 
324.128632 
324.121668 
324.114704 
324.107739 
324.100773 
324.093807 
324.086840 
324.079873 
324.072905 
324.065936 
324.058966 
324.051996 
324.045025 
324.038054 
324.031082 
324.024109 
324.017135 
324.010161 
324.003187 
323.996211 
323.989235 
323.982258 
323.975281 
323.968303 
323.961324 
323.954344 
323.947364 
323.940383 
323.933402 
323.926420 
323.919437 
323.912454 
323.905470 
323.898485 
323.891499 
323.884513 
323.877527 
323.870539 
323.863551 
323.856562 
323.849573 
323.842583 
323.835592 
323.828600 
323.821608 
323.814616 
323.807622 
323.800628 
323.793633 
323.786638 
323.779642 
323.772645 
323.765648 
323.758649 
323.751651 
323.744651 
323.737651 
323.730650 
323.723649 
323.716647 
323.709644 
323.702640 
323.695636 
323.688631 
323.681626 
323.674620 
323.667613 
323.660605 
323.653597 
323.646588 
323.639579 
323.632569 
323.625558 
323.618546 
323.611534 
323.604521 
323.597508 
323.590493 
323.583479 
323.576463 
323.569447 
323.562430 
323.555412 
323.548394 
323.541375 
323.534356 
323.527335 
323.520314 
323.513293 
323.506270 
323.499247 
323.492224 
323.485199 
323.478174 
323.471149 
323.464122 
323.457095 
323.450068 
323.443039 
323.436010 
323.428980 
323.421950 
323.414919 
323.407887 
323.400855 
323.393822 
323.386788 
323.379753 
323.372718 
323.365682 
323.358646 
323.351609 
323.344571 
323.337532 
323.330493 
323.323453 
323.316412 
323.309371 
323.302329 
323.295287 
323.288243 
323.281199 
323.274155 
323.267109 
323.260063 
323.253017 
323.245969 
323.238921 
323.231872 
323.224823 
323.217773 
323.210722 
323.203670 
323.196618 
323.189565 
323.182512 
323.175458 
323.168403 
323.161347 
323.154291 
323.147234 
323.140176 
323.133118 
323.126059 
323.118999 
323.111939 
323.104878 
323.097816 
323.090754 
323.083691 
323.076627 
323.069563 
323.062497 
323.055432 
323.048365 
323.041298 
323.034230 
323.027161 
323.020092 
323.013022 
323.005952 
322.998880 
322.991808 
322.984735 
322.977662 
322.970588 
322.963513 
322.956438 
322.949362 
322.942285 
322.935207 
322.928129 
322.921050 
322.913971 
322.906890 
322.899809 
322.892728 
322.885645 
322.878562 
322.871479 
322.864394 
322.857309 
322.850223 
322.843137 
322.836050 
322.828962 
322.821873 
322.814784 
322.807694 
322.800603 
322.793512 
322.786420 
322.779327 
322.772234 
322.765140 
322.758045 
322.750950 
322.743853 
322.736757 
322.729659 
322.722561 
322.715462 
322.708362 
322.701262 
322.694161 
322.687059 
322.679957 
322.672854 
322.665750 
322.658645 
322.651540 
322.644434 
322.637328 
322.630220 
322.623112 
322.616004 
322.608894 
322.601784 
322.594674 
322.587562 
322.580450 
322.573337 
322.566224 
322.559109 
322.551994 
322.544879 
322.537762 
322.530645 
322.523528 
322.516409 
322.509290 
322.502170 
322.495050 
322.487928 
322.480806 
322.473684 
322.466561 
322.459436 
322.452312 
322.445186 
322.438060 
322.430933 
322.423806 
322.416678 
322.409549 
322.402419 
322.395289 
322.388158 
322.381026 
322.373893 
322.366760 
322.359626 
322.352492 
322.345357 
322.338221 
322.331084 
322.323947 
322.316809 
322.309670 
322.302530 
322.295390 
322.288249 
322.281108 
322.273965 
322.266822 
322.259679 
322.252534 
322.245389 
322.238243 
322.231097 
322.223950 
322.216802 
322.209653 
322.202504 
322.195354 
322.188203 
322.181051 
322.173899 
322.166746 
322.159593 
322.152439 
322.145284 
322.138128 
322.130971 
322.123814 
322.116656 
322.109498 
322.102339 
322.095179 
322.088018 
322.080857 
322.073695 
322.066532 
322.059368 
322.052204 
322.045039 
322.037873 
322.030707 
322.023540 
322.016372 
322.009204 
322.002035 
321.994865 
321.987694 
321.980523 
321.973351 
321.966178 
321.959004 
321.951830 
321.944655 
321.937480 
321.930303 
321.923126 
321.915949 
321.908770 
321.901591 
321.894411 
321.887231 
321.880049 
321.872867 
321.865684 
321.858501 
321.851317 
321.844132 
321.836946 
321.829760 
321.822573 
321.815385 
321.808197 
321.801008 
321.793818 
321.786627 
321.779436 
321.772244 
321.765051 
321.757857 
321.750663 
321.743468 
321.736273 
321.729076 
321.721879 
321.714681 
321.707483 
321.700284 
321.693084 
321.685883 
321.678682 
321.671480 
321.664277 
321.657073 
321.649869 
321.642664 
321.635458 
321.628252 
321.621045 
321.613837 
321.606628 
321.599419 
321.592209 
321.584998 
321.577787 
321.570574 
321.563361 
321.556148 
321.548933 
321.541718 
321.534503 
321.527286 
321.520069 
321.512851 
321.505632 
321.498413 
321.491192 
321.483972 
321.476750 
321.469528 
321.462305 
321.455081 
321.447856 
321.440631 
321.433405 
321.426178 
321.418951 
321.411723 
321.404494 
321.397264 
321.390034 
321.382803 
321.375571 
321.368339 
321.361106 
321.353872 
321.346637 
321.339402 
321.332165 
321.324929 
321.317691 
321.310453 
321.303214 
321.295974 
321.288733 
321.281492 
321.274250 
321.267007 
321.259764 
321.252520 
321.245275 
321.238029 
321.230783 
321.223536 
321.216288 
321.209039 
321.201790 
321.194540 
321.187289 
321.180038 
321.172786 
321.165533 
321.158279 
321.151025 
321.143770 
321.136514 
321.129257 
321.122000 
321.114742 
321.107483 
321.100223 
321.092963 
321.085702 
321.078440 
321.071178 
321.063915 
321.056651 
321.049386 
321.042121 
321.034854 
321.027587 
321.020320 
321.013051 
321.005782 
320.998513 
320.991242 
320.983971 
320.976699 
320.969426 
320.962152 
320.954878 
320.947603 
320.940327 
320.933051 
320.925774 
320.918496 
320.911217 
320.903937 
320.896657 
320.889376 
320.882095 
320.874812 
320.867529 
320.860245 
320.852961 
320.845675 
320.838389 
320.831102 
320.823815 
320.816526 
320.809237 
320.801948 
320.794657 
320.787366 
320.780074 
320.772781 
320.765487 
320.758193 
320.750898 
320.743602 
320.736306 
320.729009 
320.721711 
320.714412 
320.707112 
320.699812 
320.692511 
320.685210 
320.677907 
320.670604 
320.663300 
320.655995 
320.648690 
320.641384 
320.634077 
320.626769 
320.619461 
320.612151 
320.604841 
320.597531 
320.590219 
320.582907 
320.575594 
320.568281 
320.560966 
320.553651 
320.546335 
320.539019 
320.531701 
320.524383 
320.517064 
320.509744 
320.502424 
320.495103 
320.487781 
320.480458 
320.473135 
320.465811 
320.458486 
320.451160 
320.443834 
320.436507 
320.429179 
320.421850 
320.414521 
320.407190 
320.399860 
320.392528 
320.385195 
320.377862 
320.370528 
320.363194 
320.355858 
320.348522 
320.341185 
320.333847 
320.326509 
320.319170 
320.311830 
320.304489 
320.297148 
320.289805 
320.282462 
320.275119 
320.267774 
320.260429 
320.253083 
320.245736 
320.238388 
320.231040 
320.223691 
320.216341 
320.208991 
320.201639 
320.194287 
320.186934 
320.179581 
320.172227 
320.164871 
320.157516 
320.150159 
320.142802 
320.135443 
320.128084 
320.120725 
320.113364 
320.106003 
320.098641 
320.091278 
320.083915 
320.076551 
320.069186 
320.061820 
320.054453 
320.047086 
320.039718 
320.032349 
320.024980 
320.017609 
320.010238 
320.002866 
319.995494 
319.988120 
319.980746 
319.973371 
319.965996 
319.958619 
319.951242 
319.943864 
319.936485 
319.929106 
319.921726 
319.914344 
319.906963 
319.899580 
319.892197 
319.884813 
319.877428 
319.870042 
319.862656 
319.855269 
319.847881 
319.840492 
319.833102 
319.825712 
319.818321 
319.810929 
319.803537 
319.796143 
319.788749 
319.781355 
319.773959 
319.766563 
319.759165 
319.751767 
319.744369 
319.736969 
319.729569 
319.722168 
319.714766 
319.707364 
319.699960 
319.692556 
319.685151 
319.677746 
319.670339 
319.662932 
319.655524 
319.648115 
319.640706 
319.633295 
319.625884 
319.618472 
319.611060 
319.603646 
319.596232 
319.588817 
319.581402 
319.573985 
319.566568 
319.559150 
319.551731 
319.544311 
319.536891 
319.529470 
319.522048 
319.514625 
319.507202 
319.499778 
319.492353 
319.484927 
319.477500 
319.470073 
319.462645 
319.455216 
319.447786 
319.440356 
319.432924 
319.425492 
319.418059 
319.410626 
319.403191 
319.395756 
319.388320 
319.380884 
319.373446 
319.366008 
319.358569 
319.351129 
319.343688 
319.336247 
319.328805 
319.321362 
319.313918 
319.306473 
319.299028 
319.291582 
319.284135 
319.276688 
319.269239 
319.261790 
319.254340 
319.246889 
319.239437 
319.231985 
319.224532 
319.217078 
319.209623 
319.202168 
319.194711 
319.187254 
319.179796 
319.172338 
319.164878 
319.157418 
319.149957 
319.142495 
319.135033 
319.127569 
319.120105 
319.112640 
319.105174 
319.097708 
319.090241 
319.082772 
319.075304 
319.067834 
319.060363 
319.052892 
319.045420 
319.037947 
319.030473 
319.022999 
319.015524 
319.008048 
319.000571 
318.993093 
318.985615 
318.978136 
318.970656 
318.963175 
318.955694 
318.948211 
318.940728 
318.933244 
318.925759 
318.918274 
318.910788 
318.903300 
318.895813 
318.888324 
318.880834 
318.873344 
318.865853 
318.858361 
318.850868 
318.843375 
318.835881 
318.828386 
318.820890 
318.813393 
318.805896 
318.798397 
318.790898 
318.783398 
318.775898 
318.768396 
318.760894 
318.753391 
318.745887 
318.738383 
318.730877 
318.723371 
318.715864 
318.708356 
318.700847 
318.693338 
318.685828 
318.678317 
318.670805 
318.663292 
318.655779 
318.648265 
318.640750 
318.633234 
318.625717 
318.618200 
318.610681 
318.603162 
318.595642 
318.588122 
318.580600 
318.573078 
318.565555 
318.558031 
318.550506 
318.542981 
318.535455 
318.527928 
318.520400 
318.512871 
318.505341 
318.497811 
318.490280 
318.482748 
318.475215 
318.467682 
318.460147 
318.452612 
318.445076 
318.437540 
318.430002 
318.422464 
318.414924 
318.407384 
318.399844 
318.392302 
318.384760 
318.377216 
318.369672 
318.362127 
318.354582 
318.347035 
318.339488 
318.331940 
318.324391 
318.316841 
318.309291 
318.301739 
318.294187 
318.286634 
318.279081 
318.271526 
318.263971 
318.256414 
318.248857 
318.241300 
318.233741 
318.226181 
318.218621 
318.211060 
318.203498 
318.195935 
318.188372 
318.180808 
318.173242 
318.165676 
318.158110 
318.150542 
318.142974 
318.135404 
318.127834 
318.120263 
318.112692 
318.105119 
318.097546 
318.089972 
318.082397 
318.074821 
318.067244 
318.059667 
318.052089 
318.044510 
318.036930 
318.029349 
318.021767 
318.014185 
318.006602 
317.999018 
317.991433 
317.983848 
317.976261 
317.968674 
317.961086 
317.953497 
317.945907 
317.938317 
317.930725 
317.923133 
317.915540 
317.907946 
317.900351 
317.892756 
317.885160 
317.877563 
317.869965 
317.862366 
317.854766 
317.847166 
317.839565 
317.831962 
317.824360 
317.816756 
317.809151 
317.801546 
317.793940 
317.786333 
317.778725 
317.771116 
317.763506 
317.755896 
317.748285 
317.740673 
317.733060 
317.725446 
317.717832 
317.710217 
317.702601 
317.694984 
317.687366 
317.679747 
317.672128 
317.664507 
317.656886 
317.649264 
317.641641 
317.634018 
317.626393 
317.618768 
317.611142 
317.603515 
317.595887 
317.588259 
317.580629 
317.572999 
317.565368 
317.557736 
317.550103 
317.542469 
317.534835 
317.527200 
317.519564 
317.511927 
317.504289 
317.496650 
317.489011 
317.481370 
317.473729 
317.466087 
317.458445 
317.450801 
317.443156 
317.435511 
317.427865 
317.420218 
317.412570 
317.404921 
317.397272 
317.389622 
317.381970 
317.374318 
317.366666 
317.359012 
317.351357 
317.343702 
317.336046 
317.328389 
317.320731 
317.313072 
317.305412 
317.297752 
317.290091 
317.282429 
317.274766 
317.267102 
317.259437 
317.251772 
317.244105 
317.236438 
317.228770 
317.221101 
317.213432 
317.205761 
317.198090 
317.190418 
317.182745 
317.175071 
317.167396 
317.159720 
317.152044 
317.144366 
317.136688 
317.129009 
317.121329 
317.113649 
317.105967 
317.098285 
317.090602 
317.082918 
317.075233 
317.067547 
317.059860 
317.052173 
317.044484 
317.036795 
317.029105 
317.021414 
317.013723 
317.006030 
316.998337 
316.990642 
316.982947 
316.975251 
316.967554 
316.959857 
316.952158 
316.944459 
316.936759 
316.929057 
316.921356 
316.913653 
316.905949 
316.898245 
316.890539 
316.882833 
316.875126 
316.867418 
316.859709 
316.852000 
316.844289 
316.836578 
316.828866 
316.821153 
316.813439 
316.805724 
316.798008 
316.790292 
316.782574 
316.774856 
316.767137 
316.759417 
316.751696 
316.743975 
316.736252 
316.728529 
316.720805 
316.713080 
316.705354 
316.697627 
316.689899 
316.682171 
316.674441 
316.666711 
316.658980 
316.651248 
316.643515 
316.635782 
316.628047 
316.620312 
316.612576 
316.604838 
316.597100 
316.589362 
316.581622 
316.573881 
316.566140 
316.558398 
316.550654 
316.542910 
316.535165 
316.527420 
316.519673 
316.511926 
316.504177 
316.496428 
316.488678 
316.480927 
316.473175 
316.465422 
316.457669 
316.449914 
316.442159 
316.434403 
316.426646 
316.418888 
316.411129 
316.403369 
316.395609 
316.387848 
316.380085 
316.372322 
316.364558 
316.356793 
316.349028 
316.341261 
316.333493 
316.325725 
316.317956 
316.310186 
316.302415 
316.294643 
316.286870 
316.279097 
316.271322 
316.263547 
316.255771 
316.247994 
316.240216 
316.232437 
316.224657 
316.216877 
316.209095 
316.201313 
316.193530 
316.185745 
316.177960 
316.170175 
316.162388 
316.154600 
316.146812 
316.139023 
316.131232 
316.123441 
316.115649 
316.107856 
316.100063 
316.092268 
316.084472 
316.076676 
316.068879 
316.061081 
316.053282 
316.045482 
316.037681 
316.029879 
316.022077 
316.014273 
316.006469 
315.998664 
315.990858 
315.983051 
315.975243 
315.967434 
315.959625 
315.951814 
315.944003 
315.936191 
315.928377 
315.920563 
315.912749 
315.904933 
315.897116 
315.889298 
315.881480 
315.873661 
315.865840 
315.858019 
315.850197 
315.842374 
315.834551 
315.826726 
315.818900 
315.811074 
315.803247 
315.795418 
315.787589 
315.779759 
315.771928 
315.764097 
315.756264 
315.748431 
315.740596 
315.732761 
315.724925 
315.717087 
315.709249 
315.701410 
315.693571 
315.685730 
315.677888 
315.670046 
315.662203 
315.654358 
315.646513 
315.638667 
315.630820 
315.622972 
315.615124 
315.607274 
315.599423 
315.591572 
315.583720 
315.575867 
315.568012 
315.560157 
315.552302 
315.544445 
315.536587 
315.528728 
315.520869 
315.513009 
315.505147 
315.497285 
315.489422 
315.481558 
315.473693 
315.465827 
315.457961 
315.450093 
315.442225 
315.434355 
315.426485 
315.418614 
315.410742 
315.402869 
315.394995 
315.387120 
315.379244 
315.371368 
315.363490 
315.355612 
315.347733 
315.339852 
315.331971 
315.324089 
315.316206 
315.308323 
315.300438 
315.292552 
315.284666 
315.276778 
315.268890 
315.261001 
315.253110 
315.245219 
315.237327 
315.229435 
315.221541 
315.213646 
315.205750 
315.197854 
315.189956 
315.182058 
315.174159 
315.166259 
315.158358 
315.150456 
315.142553 
315.134649 
315.126744 
315.118839 
315.110932 
315.103025 
315.095116 
315.087207 
315.079297 
315.071386 
315.063474 
315.055561 
315.047647 
315.039732 
315.031817 
315.023900 
315.015983 
315.008064 
315.000145 
314.992225 
314.984304 
314.976381 
314.968458 
314.960535 
314.952610 
314.944684 
314.936757 
314.928830 
314.920901 
314.912972 
314.905042 
314.897110 
314.889178 
314.881245 
314.873311 
314.865376 
314.857440 
314.849504 
314.841566 
314.833627 
314.825688 
314.817747 
314.809806 
314.801864 
314.793921 
314.785976 
314.778031 
314.770085 
314.762139 
314.754191 
314.746242 
314.738292 
314.730342 
314.722390 
314.714438 
314.706484 
314.698530 
314.690575 
314.682619 
314.674662 
314.666704 
314.658745 
314.650785 
314.642824 
314.634862 
314.626900 
314.618936 
314.610972 
314.603006 
314.595040 
314.587073 
314.579104 
314.571135 
314.563165 
314.555194 
314.547222 
314.539249 
314.531276 
314.523301 
314.515325 
314.507349 
314.499371 
314.491393 
314.483413 
314.475433 
314.467452 
314.459470 
314.451487 
314.443503 
314.435518 
314.427532 
314.419545 
314.411557 
314.403568 
314.395579 
314.387588 
314.379596 
314.371604 
314.363611 
314.355616 
314.347621 
314.339625 
314.331628 
314.323630 
314.315630 
314.307631 
314.299630 
314.291628 
314.283625 
314.275621 
314.267617 
314.259611 
314.251604 
314.243597 
314.235589 
314.227579 
314.219569 
314.211558 
314.203545 
314.195532 
314.187518 
314.179503 
314.171487 
314.163470 
314.155452 
314.147434 
314.139414 
314.131393 
314.123371 
314.115349 
314.107325 
314.099301 
314.091275 
314.083249 
314.075222 
314.067193 
314.059164 
314.051134 
314.043103 
314.035071 
314.027038 
314.019004 
314.010969 
314.002933 
313.994896 
313.986859 
313.978820 
313.970780 
313.962740 
313.954698 
313.946656 
313.938612 
313.930568 
313.922522 
313.914476 
313.906429 
313.898381 
313.890331 
313.882281 
313.874230 
313.866178 
313.858125 
313.850071 
313.842016 
313.833961 
313.825904 
313.817846 
313.809787 
313.801728 
313.793667 
313.785605 
313.777543 
313.769479 
313.761415 
313.753349 
313.745283 
313.737216 
313.729147 
313.721078 
313.713008 
313.704937 
313.696864 
313.688791 
313.680717 
313.672642 
313.664566 
313.656489 
313.648411 
313.640333 
313.632253 
313.624172 
313.616090 
313.608007 
313.599924 
313.591839 
313.583753 
313.575667 
313.567579 
313.559491 
313.551401 
313.543311 
313.535220 
313.527127 
313.519034 
313.510939 
313.502844 
313.494748 
313.486651 
313.478553 
313.470453 
313.462353 
313.454252 
313.446150 
313.438047 
313.429943 
313.421838 
313.413732 
313.405625 
313.397517 
313.389409 
313.381299 
313.373188 
313.365076 
313.356963 
313.348850 
313.340735 
313.332619 
313.324503 
313.316385 
313.308267 
313.300147 
313.292026 
313.283905 
313.275783 
313.267659 
313.259535 
313.251409 
313.243283 
313.235155 
313.227027 
313.218898 
313.210768 
313.202636 
313.194504 
313.186371 
313.178237 
313.170101 
313.161965 
313.153828 
313.145690 
313.137551 
313.129411 
313.121270 
313.113128 
313.104985 
313.096841 
313.088696 
313.080550 
313.072403 
313.064255 
313.056106 
313.047956 
313.039805 
313.031653 
313.023500 
313.015346 
313.007191 
312.999036 
312.990879 
312.982721 
312.974562 
312.966403 
312.958242 
312.950080 
312.941917 
312.933754 
312.925589 
312.917423 
312.909256 
312.901089 
312.892920 
312.884750 
312.876580 
312.868408 
312.860236 
312.852062 
312.843887 
312.835712 
312.827535 
312.819358 
312.811179 
312.802999 
312.794819 
312.786637 
312.778455 
312.770271 
312.762087 
312.753901 
312.745715 
312.737527 
312.729339 
312.721149 
312.712959 
312.704767 
312.696575 
312.688381 
312.680187 
312.671991 
312.663795 
312.655597 
312.647399 
312.639199 
312.630999 
312.622797 
312.614595 
312.606391 
312.598187 
312.589981 
312.581775 
312.573567 
312.565359 
312.557149 
312.548939 
312.540727 
312.532515 
312.524301 
312.516087 
312.507871 
312.499655 
312.491437 
312.483219 
312.474999 
312.466779 
312.458557 
312.450334 
312.442111 
312.433886 
312.425661 
312.417434 
312.409207 
312.400978 
312.392748 
312.384518 
312.376286 
312.368054 
312.359820 
312.351585 
312.343350 
312.335113 
312.326875 
312.318637 
312.310397 
312.302156 
312.293915 
312.285672 
312.277428 
312.269183 
312.260937 
312.252691 
312.244443 
312.236194 
312.227944 
312.219693 
312.211442 
312.203189 
312.194935 
312.186680 
312.178424 
312.170167 
312.161909 
312.153650 
312.145390 
312.137129 
312.128867 
312.120604 
312.112340 
312.104075 
312.095809 
312.087542 
312.079274 
312.071004 
312.062734 
312.054463 
312.046191 
312.037917 
312.029643 
312.021368 
312.013092 
312.004814 
311.996536 
311.988257 
311.979976 
311.971695 
311.963412 
311.955129 
311.946844 
311.938559 
311.930272 
311.921985 
311.913696 
311.905406 
311.897116 
311.888824 
311.880531 
311.872237 
311.863943 
311.855647 
311.847350 
311.839052 
311.830753 
311.822453 
311.814152 
311.805850 
311.797547 
311.789243 
311.780938 
311.772632 
311.764325 
311.756017 
311.747708 
311.739397 
311.731086 
311.722774 
311.714461 
311.706146 
311.697831 
311.689514 
311.681197 
311.672878 
311.664559 
311.656238 
311.647916 
311.639594 
311.631270 
311.622945 
311.614620 
311.606293 
311.597965 
311.589636 
311.581306 
311.572975 
311.564643 
311.556310 
311.547976 
311.539641 
311.531305 
311.522967 
311.514629 
311.506290 
311.497950 
311.489608 
311.481266 
311.472922 
311.464578 
311.456232 
311.447886 
311.439538 
311.431189 
311.422839 
311.414489 
311.406137 
311.397784 
311.389430 
311.381075 
311.372719 
311.364362 
311.356004 
311.347645 
311.339284 
311.330923 
311.322561 
311.314197 
311.305833 
311.297468 
311.289101 
311.280733 
311.272365 
311.263995 
311.255624 
311.247253 
311.238880 
311.230506 
311.222131 
311.213755 
311.205378 
311.197000 
311.188621 
311.180241 
311.171859 
311.163477 
311.155094 
311.146709 
311.138324 
311.129937 
311.121549 
311.113161 
311.104771 
311.096380 
311.087988 
311.079596 
311.071202 
311.062807 
311.054410 
311.046013 
311.037615 
311.029216 
311.020816 
311.012414 
311.004012 
310.995608 
310.987204 
310.978798 
310.970391 
310.961984 
310.953575 
310.945165 
310.936754 
310.928342 
310.919929 
310.911515 
310.903099 
310.894683 
310.886266 
310.877847 
310.869428 
310.861007 
310.852586 
310.844163 
310.835739 
310.827314 
310.818888 
310.810461 
310.802033 
310.793604 
310.785174 
310.776743 
310.768310 
310.759877 
310.751443 
310.743007 
310.734570 
310.726133 
310.717694 
310.709254 
310.700813 
310.692371 
310.683928 
310.675484 
310.667039 
310.658592 
310.650145 
310.641697 
310.633247 
310.624797 
310.616345 
310.607892 
310.599438 
310.590983 
310.582527 
310.574070 
310.565612 
310.557153 
310.548693 
310.540231 
310.531769 
310.523305 
310.514840 
310.506375 
310.497908 
310.489440 
310.480971 
310.472501 
310.464030 
310.455558 
310.447084 
310.438610 
310.430134 
310.421658 
310.413180 
310.404701 
310.396222 
310.387741 
310.379259 
310.370776 
310.362291 
310.353806 
310.345320 
310.336832 
310.328344 
310.319854 
310.311363 
310.302872 
310.294379 
310.285885 
310.277390 
310.268893 
310.260396 
310.251898 
310.243398 
310.234898 
310.226396 
310.217893 
310.209390 
310.200885 
310.192379 
310.183872 
310.175363 
310.166854 
310.158344 
310.149832 
310.141319 
310.132806 
310.124291 
310.115775 
310.107258 
310.098740 
310.090221 
310.081700 
310.073179 
310.064657 
310.056133 
310.047608 
310.039082 
310.030556 
310.022028 
310.013498 
310.004968 
309.996437 
309.987904 
309.979371 
309.970836 
309.962301 
309.953764 
309.945226 
309.936687 
309.928147 
309.919605 
309.911063 
309.902519 
309.893975 
309.885429 
309.876882 
309.868334 
309.859785 
309.851235 
309.842684 
309.834132 
309.825578 
309.817024 
309.808468 
309.799911 
309.791353 
309.782794 
309.774234 
309.765673 
309.757110 
309.748547 
309.739982 
309.731417 
309.722850 
309.714282 
309.705713 
309.697143 
309.688571 
309.679999 
309.671425 
309.662851 
309.654275 
309.645698 
309.637120 
309.628541 
309.619961 
309.611379 
309.602797 
309.594213 
309.585629 
309.577043 
309.568456 
309.559868 
309.551278 
309.542688 
309.534097 
309.525504 
309.516910 
309.508316 
309.499720 
309.491123 
309.482524 
309.473925 
309.465325 
309.456723 
309.448120 
309.439516 
309.430911 
309.422305 
309.413698 
309.405090 
309.396480 
309.387870 
309.379258 
309.370645 
309.362031 
309.353416 
309.344800 
309.336182 
309.327564 
309.318944 
309.310323 
309.301701 
309.293078 
309.284454 
309.275829 
309.267202 
309.258575 
309.249946 
309.241316 
309.232685 
309.224053 
309.215420 
309.206785 
309.198150 
309.189513 
309.180875 
309.172236 
309.163596 
309.154955 
309.146313 
309.137669 
309.129024 
309.120379 
309.111732 
309.103084 
309.094434 
309.085784 
309.077132 
309.068480 
309.059826 
309.051171 
309.042515 
309.033858 
309.025199 
309.016540 
309.007879 
308.999217 
308.990554 
308.981890 
308.973225 
308.964558 
308.955891 
308.947222 
308.938552 
308.929881 
308.921209 
308.912536 
308.903861 
308.895186 
308.886509 
308.877831 
308.869152 
308.860472 
308.851790 
308.843108 
308.834424 
308.825739 
308.817053 
308.808366 
308.799678 
308.790988 
308.782298 
308.773606 
308.764913 
308.756219 
308.747524 
308.738827 
308.730130 
308.721431 
308.712731 
308.704030 
308.695328 
308.686625 
308.677920 
308.669214 
308.660508 
308.651800 
308.643090 
308.634380 
308.625669 
308.616956 
308.608242 
308.599527 
308.590811 
308.582094 
308.573375 
308.564656 
308.555935 
308.547213 
308.538490 
308.529765 
308.521040 
308.512313 
308.503585 
308.494856 
308.486126 
308.477395 
308.468662 
308.459929 
308.451194 
308.442458 
308.433721 
308.424982 
308.416243 
308.407502 
308.398760 
308.390017 
308.381273 
308.372528 
308.363781 
308.355033 
308.346285 
308.337534 
308.328783 
308.320031 
308.311277 
308.302522 
308.293766 
308.285009 
308.276251 
308.267491 
308.258731 
308.249969 
308.241206 
308.232441 
308.223676 
308.214909 
308.206142 
308.197373 
308.188603 
308.179831 
308.171059 
308.162285 
308.153510 
308.144734 
308.135957 
308.127178 
308.118399 
308.109618 
308.100836 
308.092053 
308.083268 
308.074483 
308.065696 
308.056908 
308.048119 
308.039329 
308.030537 
308.021745 
308.012951 
308.004156 
307.995359 
307.986562 
307.977763 
307.968963 
307.960162 
307.951360 
307.942557 
307.933752 
307.924946 
307.916139 
307.907331 
307.898522 
307.889711 
307.880899 
307.872086 
307.863272 
307.854457 
307.845640 
307.836822 
307.828003 
307.819183 
307.810362 
307.801539 
307.792715 
307.783890 
307.775064 
307.766237 
307.757408 
307.748578 
307.739747 
307.730915 
307.722082 
307.713247 
307.704411 
307.695574 
307.686736 
307.677897 
307.669056 
307.660214 
307.651371 
307.642527 
307.633681 
307.624835 
307.615987 
307.607138 
307.598287 
307.589436 
307.580583 
307.571729 
307.562874 
307.554018 
307.545160 
307.536301 
307.527441 
307.518580 
307.509718 
307.500854 
307.491989 
307.483123 
307.474256 
307.465387 
307.456517 
307.447647 
307.438774 
307.429901 
307.421026 
307.412151 
307.403274 
307.394395 
307.385516 
307.376635 
307.367753 
307.358870 
307.349986 
307.341100 
307.332213 
307.323325 
307.314436 
307.305545 
307.296654 
307.287761 
307.278867 
307.269971 
307.261075 
307.252177 
307.243278 
307.234378 
307.225476 
307.216573 
307.207669 
307.198764 
307.189858 
307.180950 
307.172041 
307.163131 
307.154220 
307.145307 
307.136393 
307.127478 
307.118562 
307.109644 
307.100726 
307.091806 
307.082885 
307.073962 
307.065038 
307.056114 
307.047187 
307.038260 
307.029331 
307.020401 
307.011470 
307.002538 
306.993604 
306.984670 
306.975734 
306.966796 
306.957858 
306.948918 
306.939977 
306.931035 
306.922091 
306.913146 
306.904200 
306.895253 
306.886305 
306.877355 
306.868404 
306.859452 
306.850498 
306.841544 
306.832588 
306.823630 
306.814672 
306.805712 
306.796751 
306.787789 
306.778826 
306.769861 
306.760895 
306.751928 
306.742960 
306.733990 
306.725019 
306.716047 
306.707073 
306.698099 
306.689123 
306.680145 
306.671167 
306.662187 
306.653206 
306.644224 
306.635240 
306.626256 
306.617270 
306.608282 
306.599294 
306.590304 
306.581313 
306.572321 
306.563327 
306.554333 
306.545336 
306.536339 
306.527341 
306.518341 
306.509340 
306.500337 
306.491334 
306.482329 
306.473322 
306.464315 
306.455306 
306.446296 
306.437285 
306.428273 
306.419259 
306.410244 
306.401228 
306.392210 
306.383191 
306.374171 
306.365150 
306.356127 
306.347103 
306.338078 
306.329051 
306.320024 
306.310995 
306.301964 
306.292933 
306.283900 
306.274866 
306.265831 
306.256794 
306.247756 
306.238717 
306.229676 
306.220635 
306.211592 
306.202547 
306.193502 
306.184455 
306.175407 
306.166357 
306.157307 
306.148255 
306.139201 
306.130147 
306.121091 
306.112034 
306.102976 
306.093916 
306.084855 
306.075793 
306.066729 
306.057664 
306.048598 
306.039531 
306.030462 
306.021392 
306.012321 
306.003249 
305.994175 
305.985100 
305.976023 
305.966946 
305.957867 
305.948786 
305.939705 
305.930622 
305.921538 
305.912452 
305.903366 
305.894278 
305.885188 
305.876098 
305.867006 
305.857913 
305.848818 
305.839722 
305.830625 
305.821527 
305.812427 
305.803326 
305.794224 
305.785121 
305.776016 
305.766910 
305.757802 
305.748693 
305.739583 
305.730472 
305.721359 
305.712245 
305.703130 
305.694014 
305.684896 
305.675776 
305.666656 
305.657534 
305.648411 
305.639287 
305.630161 
305.621034 
305.611906 
305.602776 
305.593645 
305.584513 
305.575379 
305.566244 
305.557108 
305.547971 
305.538832 
305.529692 
305.520550 
305.511408 
305.502264 
305.493118 
305.483972 
305.474824 
305.465674 
305.456524 
305.447372 
305.438219 
305.429064 
305.419908 
305.410751 
305.401592 
305.392433 
305.383271 
305.374109 
305.364945 
305.355780 
305.346614 
305.337446 
305.328277 
305.319106 
305.309935 
305.300762 
305.291587 
305.282411 
305.273234 
305.264056 
305.254876 
305.245695 
305.236513 
305.227329 
305.218144 
305.208958 
305.199771 
305.190582 
305.181391 
305.172200 
305.163007 
305.153812 
305.144617 
305.135420 
305.126222 
305.117022 
305.107821 
305.098619 
305.089415 
305.080210 
305.071004 
305.061796 
305.052587 
305.043377 
305.034165 
305.024952 
305.015738 
305.006522 
304.997305 
304.988087 
304.978867 
304.969646 
304.960424 
304.951200 
304.941975 
304.932749 
304.923521 
304.914292 
304.905062 
304.895830 
304.886597 
304.877362 
304.868127 
304.858889 
304.849651 
304.840411 
304.831170 
304.821927 
304.812683 
304.803438 
304.794192 
304.784944 
304.775694 
304.766444 
304.757192 
304.747938 
304.738684 
304.729428 
304.720170 
304.710912 
304.701651 
304.692390 
304.683127 
304.673863 
304.664597 
304.655331 
304.646062 
304.636793 
304.627522 
304.618249 
304.608976 
304.599701 
304.590424 
304.581147 
304.571867 
304.562587 
304.553305 
304.544022 
304.534737 
304.525451 
304.516164 
304.506875 
304.497585 
304.488294 
304.479001 
304.469707 
304.460411 
304.451115 
304.441816 
304.432517 
304.423216 
304.413913 
304.404610 
304.395304 
304.385998 
304.376690 
304.367381 
304.358070 
304.348758 
304.339445 
304.330130 
304.320814 
304.311497 
304.302178 
304.292858 
304.283536 
304.274213 
304.264889 
304.255563 
304.246236 
304.236907 
304.227577 
304.218246 
304.208914 
304.199580 
304.190244 
304.180907 
304.171569 
304.162230 
304.152889 
304.143546 
304.134203 
304.124858 
304.115511 
304.106163 
304.096814 
304.087463 
304.078111 
304.068758 
304.059403 
304.050047 
304.040689 
304.031330 
304.021970 
304.012608 
304.003245 
303.993880 
303.984514 
303.975147 
303.965778 
303.956408 
303.947037 
303.937664 
303.928289 
303.918914 
303.909536 
303.900158 
303.890778 
303.881397 
303.872014 
303.862630 
303.853244 
303.843857 
303.834469 
303.825079 
303.815688 
303.806296 
303.796902 
303.787506 
303.778110 
303.768711 
303.759312 
303.749911 
303.740508 
303.731105 
303.721699 
303.712293 
303.702885 
303.693475 
303.684065 
303.674652 
303.665239 
303.655824 
303.646407 
303.636989 
303.627570 
303.618149 
303.608727 
303.599303 
303.589879 
303.580452 
303.571024 
303.561595 
303.552164 
303.542732 
303.533299 
303.523864 
303.514428 
303.504990 
303.495551 
303.486110 
303.476668 
303.467225 
303.457780 
303.448334 
303.438886 
303.429437 
303.419986 
303.410534 
303.401081 
303.391626 
303.382170 
303.372712 
303.363253 
303.353792 
303.344330 
303.334867 
303.325402 
303.315936 
303.306468 
303.296999 
303.287528 
303.278056 
303.268583 
303.259108 
303.249632 
303.240154 
303.230675 
303.221194 
303.211712 
303.202229 
303.192744 
303.183257 
303.173770 
303.164280 
303.154790 
303.145298 
303.135804 
303.126309 
303.116813 
303.107315 
303.097815 
303.088315 
303.078812 
303.069309 
303.059803 
303.050297 
303.040789 
303.031279 
303.021768 
303.012256 
303.002742 
302.993227 
302.983710 
302.974192 
302.964673 
302.955151 
302.945629 
302.936105 
302.926580 
302.917053 
302.907524 
302.897994 
302.888463 
302.878931 
302.869396 
302.859861 
302.850324 
302.840785 
302.831245 
302.821704 
302.812161 
302.802616 
302.793070 
302.783523 
302.773974 
302.764424 
302.754872 
302.745319 
302.735765 
302.726209 
302.716651 
302.707092 
302.697532 
302.687970 
302.678406 
302.668841 
302.659275 
302.649707 
302.640138 
302.630567 
302.620995 
302.611421 
302.601846 
302.592269 
302.582691 
302.573111 
302.563530 
302.553948 
302.544364 
302.534778 
302.525191 
302.515603 
302.506013 
302.496421 
302.486828 
302.477234 
302.467638 
302.458041 
302.448442 
302.438841 
302.429240 
302.419636 
302.410032 
302.400425 
302.390818 
302.381208 
302.371598 
302.361985 
302.352372 
302.342757 
302.333140 
302.323522 
302.313902 
302.304281 
302.294658 
302.285034 
302.275409 
302.265781 
302.256153 
302.246523 
302.236891 
302.227258 
302.217624 
302.207987 
302.198350 
302.188711 
302.179070 
302.169428 
302.159785 
302.150140 
302.140493 
302.130845 
302.121195 
302.111544 
302.101892 
302.092238 
302.082582 
302.072925 
302.063266 
302.053606 
302.043945 
302.034282 
302.024617 
302.014951 
302.005283 
301.995614 
301.985943 
301.976271 
301.966597 
301.956922 
301.947246 
301.937567 
301.927888 
301.918206 
301.908524 
301.898839 
301.889154 
301.879466 
301.869777 
301.860087 
301.850395 
301.840702 
301.831007 
301.821311 
301.811613 
301.801913 
301.792212 
301.782510 
301.772806 
301.763100 
301.753393 
301.743685 
301.733974 
301.724263 
301.714550 
301.704835 
301.695119 
301.685401 
301.675682 
301.665961 
301.656239 
301.646515 
301.636789 
301.627062 
301.617334 
301.607604 
301.597872 
301.588139 
301.578405 
301.568669 
301.558931 
301.549192 
301.539451 
301.529709 
301.519965 
301.510219 
301.500473 
301.490724 
301.480974 
301.471223 
301.461470 
301.451715 
301.441959 
301.432201 
301.422442 
301.412681 
301.402919 
301.393155 
301.383389 
301.373623 
301.363854 
301.354084 
301.344312 
301.334539 
301.324764 
301.314988 
301.305210 
301.295431 
301.285650 
301.275868 
301.266084 
301.256298 
301.246511 
301.236722 
301.226932 
301.217140 
301.207347 
301.197552 
301.187755 
301.177957 
301.168158 
301.158356 
301.148554 
301.138749 
301.128944 
301.119136 
301.109327 
301.099517 
301.089705 
301.079891 
301.070076 
301.060259 
301.050440 
301.040620 
301.030799 
301.020976 
301.011151 
301.001325 
300.991497 
300.981668 
300.971837 
300.962004 
300.952170 
300.942335 
300.932497 
300.922659 
300.912818 
300.902976 
300.893133 
300.883288 
300.873441 
300.863593 
300.853743 
300.843891 
300.834038 
300.824184 
300.814327 
300.804470 
300.794610 
300.784749 
300.774887 
300.765023 
300.755157 
300.745290 
300.735421 
300.725550 
300.715678 
300.705805 
300.695929 
300.686053 
300.676174 
300.666294 
300.656412 
300.646529 
300.636645 
300.626758 
300.616870 
300.606981 
300.597089 
300.587197 
300.577302 
300.567406 
300.557509 
300.547610 
300.537709 
300.527806 
300.517902 
300.507997 
300.498090 
300.488181 
300.478270 
300.468358 
300.458445 
300.448530 
300.438613 
300.428694 
300.418774 
300.408853 
300.398929 
300.389005 
300.379078 
300.369150 
300.359220 
300.349289 
300.339356 
300.329422 
300.319485 
300.309548 
300.299608 
300.289667 
300.279725 
300.269780 
300.259835 
300.249887 
300.239938 
300.229987 
300.220035 
300.210081 
300.200125 
300.190168 
300.180209 
300.170249 
300.160287 
300.150323 
300.140358 
300.130391 
300.120422 
300.110452 
300.100480 
300.090507 
300.080532 
300.070555 
300.060577 
300.050597 
300.040615 
300.030632 
300.020647 
300.010660 
300.000672 
299.990682 
299.980691 
299.970698 
299.960703 
299.950707 
299.940709 
299.930709 
299.920708 
299.910705 
299.900700 
299.890694 
299.880686 
299.870677 
299.860665 
299.850653 
299.840638 
299.830622 
299.820604 
299.810585 
299.800564 
299.790541 
299.780517 
299.770491 
299.760463 
299.750434 
299.740403 
299.730370 
299.720336 
299.710300 
299.700263 
299.690223 
299.680183 
299.670140 
299.660096 
299.650050 
299.640002 
299.629953 
299.619902 
299.609850 
299.599796 
299.589740 
299.579682 
299.569623 
299.559562 
299.549500 
299.539436 
299.529370 
299.519302 
299.509233 
299.499162 
299.489090 
299.479016 
299.468940 
299.458862 
299.448783 
299.438702 
299.428620 
299.418535 
299.408450 
299.398362 
299.388273 
299.378182 
299.368089 
299.357995 
299.347899 
299.337801 
299.327702 
299.317601 
299.307498 
299.297394 
299.287288 
299.277180 
299.267071 
299.256960 
299.246847 
299.236732 
299.226616 
299.216498 
299.206379 
299.196257 
299.186134 
299.176010 
299.165883 
299.155755 
299.145626 
299.135494 
299.125361 
299.115226 
299.105090 
299.094952 
299.084812 
299.074670 
299.064527 
299.054382 
299.044235 
299.034087 
299.023937 
299.013785 
299.003631 
298.993476 
298.983319 
298.973160 
298.963000 
298.952838 
298.942674 
298.932509 
298.922342 
298.912173 
298.902002 
298.891830 
298.881656 
298.871480 
298.861303 
298.851124 
298.840943 
298.830760 
298.820576 
298.810390 
298.800202 
298.790013 
298.779821 
298.769628 
298.759434 
298.749238 
298.739039 
298.728840 
298.718638 
298.708435 
298.698230 
298.688023 
298.677815 
298.667605 
298.657393 
298.647179 
298.636964 
298.626747 
298.616528 
298.606307 
298.596085 
298.585861 
298.575635 
298.565408 
298.555179 
298.544948 
298.534715 
298.524481 
298.514245 
298.504007 
298.493767 
298.483526 
298.473283 
298.463038 
298.452791 
298.442543 
298.432293 
298.422041 
298.411787 
298.401532 
298.391275 
298.381016 
298.370755 
298.360493 
298.350229 
298.339963 
298.329696 
298.319426 
298.309155 
298.298882 
298.288608 
298.278331 
298.268053 
298.257773 
298.247492 
298.237208 
298.226923 
298.216636 
298.206348 
298.196057 
298.185765 
298.175471 
298.165175 
298.154878 
298.144579 
298.134278 
298.123975 
298.113670 
298.103364 
298.093056 
298.082746 
298.072435 
298.062121 
298.051806 
298.041489 
298.031170 
298.020850 
298.010528 
298.000204 
297.989878 
297.979550 
297.969221 
297.958890 
297.948557 
297.938222 
297.927885 
297.917547 
297.907207 
297.896865 
297.886522 
297.876176 
297.865829 
297.855480 
297.845129 
297.834777 
297.824422 
297.814066 
297.803708 
297.793349 
297.782987 
297.772624 
297.762259 
297.751892 
297.741523 
297.731153 
297.720780 
297.710406 
297.700030 
297.689653 
297.679273 
297.668892 
297.658509 
297.648124 
297.637737 
297.627349 
297.616959 
297.606567 
297.596173 
297.585777 
297.575379 
297.564980 
297.554579 
297.544176 
297.533771 
297.523365 
297.512956 
297.502546 
297.492134 
297.481720 
297.471305 
297.460887 
297.450468 
297.440047 
297.429624 
297.419199 
297.408773 
297.398344 
297.387914 
297.377482 
297.367048 
297.356613 
297.346175 
297.335736 
297.325295 
297.314852 
297.304407 
297.293961 
297.283512 
297.273062 
297.262610 
297.252156 
297.241700 
297.231242 
297.220783 
297.210322 
297.199859 
297.189394 
297.178927 
297.168458 
297.157988 
297.147516 
297.137041 
297.126565 
297.116088 
297.105608 
297.095126 
297.084643 
297.074158 
297.063671 
297.053182 
297.042691 
297.032199 
297.021704 
297.011208 
297.000710 
296.990210 
296.979708 
296.969204 
296.958699 
296.948191 
296.937682 
296.927171 
296.916658 
296.906143 
296.895626 
296.885108 
296.874587 
296.864065 
296.853541 
296.843015 
296.832487 
296.821957 
296.811426 
296.800892 
296.790357 
296.779820 
296.769281 
296.758740 
296.748197 
296.737652 
296.727106 
296.716557 
296.706007 
296.695455 
296.684901 
296.674345 
296.663787 
296.653227 
296.642666 
296.632102 
296.621537 
296.610970 
296.600401 
296.589830 
296.579257 
296.568682 
296.558106 
296.547527 
296.536947 
296.526364 
296.515780 
296.505194 
296.494606 
296.484016 
296.473425 
296.462831 
296.452235 
296.441638 
296.431039 
296.420438 
296.409834 
296.399229 
296.388622 
296.378014 
296.367403 
296.356790 
296.346176 
296.335559 
296.324941 
296.314321 
296.303699 
296.293075 
296.282449 
296.271821 
296.261191 
296.250560 
296.239926 
296.229290 
296.218653 
296.208014 
296.197372 
296.186729 
296.176084 
296.165437 
296.154788 
296.144138 
296.133485 
296.122830 
296.112174 
296.101515 
296.090855 
296.080192 
296.069528 
296.058862 
296.048194 
296.037524 
296.026852 
296.016178 
296.005502 
295.994824 
295.984145 
295.973463 
295.962779 
295.952094 
295.941406 
295.930717 
295.920026 
295.909333 
295.898637 
295.887940 
295.877241 
295.866540 
295.855837 
295.845132 
295.834425 
295.823717 
295.813006 
295.802293 
295.791579 
295.780862 
295.770144 
295.759423 
295.748701 
295.737976 
295.727250 
295.716522 
295.705792 
295.695059 
295.684325 
295.673589 
295.662851 
295.652111 
295.641369 
295.630625 
295.619879 
295.609132 
295.598382 
295.587630 
295.576876 
295.566121 
295.555363 
295.544603 
295.533842 
295.523078 
295.512313 
295.501545 
295.490776 
295.480004 
295.469231 
295.458455 
295.447678 
295.436899 
295.426117 
295.415334 
295.404549 
295.393761 
295.382972 
295.372181 
295.361388 
295.350592 
295.339795 
295.328996 
295.318195 
295.307392 
295.296587 
295.285779 
295.274970 
295.264159 
295.253346 
295.242531 
295.231714 
295.220895 
295.210074 
295.199251 
295.188426 
295.177599 
295.166770 
295.155939 
295.145106 
295.134270 
295.123433 
295.112594 
295.101753 
295.090910 
295.080065 
295.069218 
295.058369 
295.047518 
295.036665 
295.025810 
295.014952 
295.004093 
294.993232 
294.982369 
294.971504 
294.960637 
294.949767 
294.938896 
294.928023 
294.917148 
294.906270 
294.895391 
294.884510 
294.873626 
294.862741 
294.851853 
294.840964 
294.830072 
294.819179 
294.808283 
294.797386 
294.786486 
294.775585 
294.764681 
294.753775 
294.742867 
294.731958 
294.721046 
294.710132 
294.699216 
294.688298 
294.677378 
294.666456 
294.655532 
294.644606 
294.633678 
294.622748 
294.611816 
294.600881 
294.589945 
294.579007 
294.568066 
294.557124 
294.546179 
294.535233 
294.524284 
294.513333 
294.502381 
294.491426 
294.480469 
294.469510 
294.458549 
294.447586 
294.436621 
294.425654 
294.414685 
294.403713 
294.392740 
294.381764 
294.370787 
294.359807 
294.348826 
294.337842 
294.326856 
294.315869 
294.304879 
294.293887 
294.282893 
294.271896 
294.260898 
294.249898 
294.238896 
294.227891 
294.216885 
294.205876 
294.194865 
294.183853 
294.172838 
294.161821 
294.150802 
294.139781 
294.128757 
294.117732 
294.106705 
294.095675 
294.084644 
294.073610 
294.062574 
294.051536 
294.040496 
294.029454 
294.018410 
294.007364 
293.996316 
293.985265 
293.974213 
293.963158 
293.952101 
293.941042 
293.929981 
293.918918 
293.907853 
293.896786 
293.885716 
293.874645 
293.863571 
293.852495 
293.841418 
293.830338 
293.819256 
293.808171 
293.797085 
293.785997 
293.774906 
293.763813 
293.752718 
293.741622 
293.730523 
293.719421 
293.708318 
293.697213 
293.686105 
293.674995 
293.663884 
293.652770 
293.641653 
293.630535 
293.619415 
293.608292 
293.597168 
293.586041 
293.574912 
293.563781 
293.552648 
293.541513 
293.530375 
293.519235 
293.508094 
293.496950 
293.485804 
293.474656 
293.463505 
293.452353 
293.441198 
293.430041 
293.418882 
293.407721 
293.396558 
293.385393 
293.374225 
293.363055 
293.351883 
293.340709 
293.329533 
293.318355 
293.307174 
293.295992 
293.284807 
293.273620 
293.262431 
293.251239 
293.240046 
293.228850 
293.217652 
293.206452 
293.195250 
293.184045 
293.172839 
293.161630 
293.150419 
293.139206 
293.127991 
293.116773 
293.105554 
293.094332 
293.083108 
293.071882 
293.060653 
293.049423 
293.038190 
293.026955 
293.015718 
293.004479 
292.993237 
292.981993 
292.970748 
292.959499 
292.948249 
292.936997 
292.925742 
292.914485 
292.903226 
292.891965 
292.880701 
292.869436 
292.858168 
292.846898 
292.835625 
292.824351 
292.813074 
292.801795 
292.790514 
292.779230 
292.767945 
292.756657 
292.745367 
292.734075 
292.722780 
292.711484 
292.700185 
292.688884 
292.677580 
292.666275 
292.654967 
292.643657 
292.632345 
292.621030 
292.609714 
292.598395 
292.587074 
292.575750 
292.564425 
292.553097 
292.541767 
292.530435 
292.519100 
292.507763 
292.496424 
292.485083 
292.473739 
292.462394 
292.451046 
292.439695 
292.428343 
292.416988 
292.405631 
292.394272 
292.382911 
292.371547 
292.360181 
292.348813 
292.337442 
292.326069 
292.314694 
292.303317 
292.291938 
292.280556 
292.269172 
292.257785 
292.246397 
292.235006 
292.223613 
292.212218 
292.200820 
292.189420 
292.178018 
292.166613 
292.155207 
292.143798 
292.132386 
292.120973 
292.109557 
292.098139 
292.086719 
292.075296 
292.063871 
292.052444 
292.041014 
292.029583 
292.018148 
292.006712 
291.995273 
291.983833 
291.972389 
291.960944 
291.949496 
291.938046 
291.926593 
291.915139 
291.903682 
291.892222 
291.880761 
291.869297 
291.857831 
291.846362 
291.834892 
291.823418 
291.811943 
291.800465 
291.788985 
291.777503 
291.766018 
291.754531 
291.743042 
291.731550 
291.720057 
291.708560 
291.697062 
291.685561 
291.674058 
291.662552 
291.651044 
291.639534 
291.628022 
291.616507 
291.604990 
291.593470 
291.581949 
291.570425 
291.558898 
291.547369 
291.535838 
291.524305 
291.512769 
291.501231 
291.489690 
291.478148 
291.466602 
291.455055 
291.443505 
291.431953 
291.420398 
291.408842 
291.397282 
291.385721 
291.374157 
291.362591 
291.351022 
291.339451 
291.327878 
291.316302 
291.304724 
291.293144 
291.281561 
291.269976 
291.258388 
291.246799 
291.235206 
291.223612 
291.212015 
291.200415 
291.188814 
291.177210 
291.165603 
291.153995 
291.142383 
291.130770 
291.119154 
291.107536 
291.095915 
291.084292 
291.072666 
291.061039 
291.049408 
291.037776 
291.026141 
291.014504 
291.002864 
290.991222 
290.979577 
290.967930 
290.956281 
290.944629 
290.932975 
290.921319 
290.909660 
290.897998 
290.886335 
290.874669 
290.863000 
290.851329 
290.839656 
290.827980 
290.816302 
290.804622 
290.792939 
290.781253 
290.769565 
290.757875 
290.746183 
290.734488 
290.722790 
290.711090 
290.699388 
290.687683 
290.675976 
290.664267 
290.652555 
290.640840 
290.629124 
290.617404 
290.605683 
290.593958 
290.582232 
290.570503 
290.558772 
290.547038 
290.535301 
290.523563 
290.511822 
290.500078 
290.488332 
290.476583 
290.464832 
290.453079 
290.441323 
290.429565 
290.417804 
290.406041 
290.394275 
290.382507 
290.370737 
290.358964 
290.347188 
290.335410 
290.323630 
290.311847 
290.300062 
290.288274 
290.276484 
290.264691 
290.252896 
290.241098 
290.229298 
290.217496 
290.205691 
290.193883 
290.182073 
290.170261 
290.158446 
290.146628 
290.134808 
290.122986 
290.111161 
290.099334 
290.087504 
290.075672 
290.063837 
290.051999 
290.040160 
290.028317 
290.016473 
290.004625 
289.992775 
289.980923 
289.969068 
289.957211 
289.945351 
289.933489 
289.921624 
289.909757 
289.897887 
289.886015 
289.874140 
289.862263 
289.850383 
289.838501 
289.826616 
289.814728 
289.802838 
289.790946 
289.779051 
289.767154 
289.755254 
289.743351 
289.731446 
289.719539 
289.707629 
289.695716 
289.683801 
289.671883 
289.659963 
289.648040 
289.636115 
289.624187 
289.612257 
289.600324 
289.588389 
289.576451 
289.564510 
289.552567 
289.540621 
289.528673 
289.516723 
289.504769 
289.492814 
289.480855 
289.468894 
289.456931 
289.444965 
289.432996 
289.421025 
289.409052 
289.397075 
289.385096 
289.373115 
289.361131 
289.349145 
289.337156 
289.325164 
289.313170 
289.301173 
289.289174 
289.277172 
289.265167 
289.253160 
289.241150 
289.229138 
289.217123 
289.205106 
289.193086 
289.181063 
289.169038 
289.157010 
289.144980 
289.132947 
289.120911 
289.108873 
289.096832 
289.084789 
289.072743 
289.060695 
289.048644 
289.036590 
289.024533 
289.012475 
289.000413 
288.988349 
288.976282 
288.964213 
288.952141 
288.940066 
288.927989 
288.915909 
288.903827 
288.891741 
288.879654 
288.867563 
288.855470 
288.843375 
288.831277 
288.819176 
288.807072 
288.794966 
288.782858 
288.770746 
288.758632 
288.746516 
288.734396 
288.722274 
288.710150 
288.698023 
288.685893 
288.673760 
288.661625 
288.649488 
288.637347 
288.625204 
288.613058 
288.600910 
288.588759 
288.576605 
288.564449 
288.552290 
288.540128 
288.527964 
288.515797 
288.503627 
288.491455 
288.479280 
288.467102 
288.454922 
288.442739 
288.430553 
288.418365 
288.406174 
288.393980 
288.381784 
288.369585 
288.357383 
288.345179 
288.332972 
288.320762 
288.308549 
288.296334 
288.284116 
288.271896 
288.259673 
288.247447 
288.235218 
288.222987 
288.210753 
288.198516 
288.186276 
288.174034 
288.161789 
288.149542 
288.137292 
288.125039 
288.112783 
288.100525 
288.088263 
288.076000 
288.063733 
288.051464 
288.039192 
288.026917 
288.014640 
288.002359 
287.990077 
287.977791 
287.965503 
287.953212 
287.940918 
287.928621 
287.916322 
287.904020 
287.891715 
287.879408 
287.867098 
287.854785 
287.842469 
287.830150 
287.817829 
287.805505 
287.793179 
287.780849 
287.768517 
287.756182 
287.743844 
287.731504 
287.719161 
287.706815 
287.694466 
287.682114 
287.669760 
287.657403 
287.645043 
287.632681 
287.620315 
287.607947 
287.595576 
287.583202 
287.570826 
287.558447 
287.546065 
287.533680 
287.521292 
287.508902 
287.496509 
287.484113 
287.471714 
287.459313 
287.446908 
287.434501 
287.422091 
287.409679 
287.397263 
287.384845 
287.372424 
287.360000 
287.347573 
287.335144 
287.322711 
287.310276 
287.297838 
287.285397 
287.272954 
287.260507 
287.248058 
287.235606 
287.223151 
287.210694 
287.198233 
287.185770 
287.173304 
287.160835 
287.148363 
287.135888 
287.123411 
287.110931 
287.098447 
287.085961 
287.073473 
287.060981 
287.048486 
287.035989 
287.023489 
287.010986 
286.998480 
286.985971 
286.973460 
286.960945 
286.948428 
286.935908 
286.923385 
286.910859 
286.898330 
286.885798 
286.873264 
286.860727 
286.848186 
286.835643 
286.823097 
286.810549 
286.797997 
286.785442 
286.772885 
286.760325 
286.747761 
286.735195 
286.722626 
286.710054 
286.697480 
286.684902 
286.672322 
286.659738 
286.647152 
286.634563 
286.621970 
286.609375 
286.596778 
286.584177 
286.571573 
286.558966 
286.546357 
286.533744 
286.521129 
286.508511 
286.495890 
286.483266 
286.470639 
286.458009 
286.445376 
286.432740 
286.420101 
286.407460 
286.394815 
286.382168 
286.369517 
286.356864 
286.344208 
286.331549 
286.318886 
286.306221 
286.293553 
286.280882 
286.268208 
286.255532 
286.242852 
286.230169 
286.217483 
286.204795 
286.192103 
286.179408 
286.166711 
286.154010 
286.141307 
286.128601 
286.115891 
286.103179 
286.090464 
286.077745 
286.065024 
286.052300 
286.039573 
286.026843 
286.014109 
286.001373 
285.988634 
285.975892 
285.963147 
285.950399 
285.937648 
285.924894 
285.912137 
285.899377 
285.886614 
285.873848 
285.861079 
285.848307 
285.835532 
285.822754 
285.809973 
285.797189 
285.784402 
285.771612 
285.758819 
285.746023 
285.733224 
285.720422 
285.707616 
285.694808 
285.681997 
285.669183 
285.656366 
285.643546 
285.630722 
285.617896 
285.605067 
285.592234 
285.579399 
285.566560 
285.553719 
285.540874 
285.528027 
285.515176 
285.502323 
285.489466 
285.476606 
285.463743 
285.450877 
285.438009 
285.425137 
285.412262 
285.399383 
285.386502 
285.373618 
285.360731 
285.347840 
285.334947 
285.322050 
285.309151 
285.296248 
285.283342 
285.270434 
285.257522 
285.244607 
285.231689 
285.218768 
285.205843 
285.192916 
285.179986 
285.167052 
285.154116 
285.141176 
285.128233 
285.115287 
285.102338 
285.089386 
285.076431 
285.063472 
285.050511 
285.037546 
285.024579 
285.011608 
284.998634 
284.985657 
284.972677 
284.959694 
284.946707 
284.933718 
284.920725 
284.907729 
284.894731 
284.881729 
284.868723 
284.855715 
284.842704 
284.829689 
284.816671 
284.803650 
284.790626 
284.777599 
284.764569 
284.751535 
284.738499 
284.725459 
284.712416 
284.699370 
284.686321 
284.673268 
284.660213 
284.647154 
284.634092 
284.621027 
284.607959 
284.594887 
284.581813 
284.568735 
284.555654 
284.542570 
284.529482 
284.516392 
284.503298 
284.490201 
284.477101 
284.463998 
284.450891 
284.437782 
284.424669 
284.411553 
284.398433 
284.385311 
284.372185 
284.359056 
284.345924 
284.332789 
284.319650 
284.306508 
284.293363 
284.280215 
284.267064 
284.253909 
284.240751 
284.227590 
284.214426 
284.201258 
284.188087 
284.174913 
284.161736 
284.148555 
284.135372 
284.122185 
284.108994 
284.095801 
284.082604 
284.069404 
284.056201 
284.042994 
284.029784 
284.016571 
284.003355 
283.990136 
283.976913 
283.963687 
283.950457 
283.937225 
283.923989 
283.910749 
283.897507 
283.884261 
283.871012 
283.857760 
283.844504 
283.831245 
283.817983 
283.804718 
283.791449 
283.778177 
283.764902 
283.751623 
283.738341 
283.725056 
283.711767 
283.698475 
283.685180 
283.671882 
283.658580 
283.645275 
283.631966 
283.618655 
283.605339 
283.592021 
283.578699 
283.565374 
283.552046 
283.538714 
283.525379 
283.512041 
283.498699 
283.485354 
283.472006 
283.458654 
283.445299 
283.431940 
283.418578 
283.405213 
283.391845 
283.378473 
283.365098 
283.351719 
283.338337 
283.324952 
283.311563 
283.298171 
283.284776 
283.271377 
283.257975 
283.244569 
283.231160 
283.217748 
283.204332 
283.190913 
283.177491 
283.164065 
283.150636 
283.137203 
283.123767 
283.110328 
283.096885 
283.083439 
283.069989 
283.056536 
283.043080 
283.029620 
283.016157 
283.002690 
282.989220 
282.975746 
282.962269 
282.948789 
282.935305 
282.921818 
282.908327 
282.894833 
282.881336 
282.867835 
282.854330 
282.840823 
282.827311 
282.813797 
282.800278 
282.786757 
282.773232 
282.759703 
282.746171 
282.732636 
282.719097 
282.705555 
282.692009 
282.678460 
282.664907 
282.651351 
282.637791 
282.624228 
282.610661 
282.597091 
282.583517 
282.569940 
282.556360 
282.542776 
282.529188 
282.515597 
282.502003 
282.488405 
282.474803 
282.461198 
282.447590 
282.433978 
282.420362 
282.406743 
282.393120 
282.379494 
282.365865 
282.352232 
282.338595 
282.324955 
282.311311 
282.297664 
282.284013 
282.270359 
282.256701 
282.243040 
282.229375 
282.215706 
282.202034 
282.188359 
282.174680 
282.160997 
282.147311 
282.133621 
282.119928 
282.106231 
282.092531 
282.078827 
282.065119 
282.051408 
282.037694 
282.023975 
282.010254 
281.996528 
281.982799 
281.969067 
281.955331 
281.941591 
281.927848 
281.914101 
281.900350 
281.886596 
281.872838 
281.859077 
281.845312 
281.831544 
281.817772 
281.803996 
281.790217 
281.776434 
281.762647 
281.748857 
281.735063 
281.721266 
281.707465 
281.693660 
281.679852 
281.666040 
281.652224 
281.638405 
281.624582 
281.610756 
281.596926 
281.583092 
281.569255 
281.555413 
281.541569 
281.527720 
281.513868 
281.500013 
281.486153 
281.472290 
281.458424 
281.444553 
281.430679 
281.416801 
281.402920 
281.389035 
281.375146 
281.361254 
281.347358 
281.333458 
281.319554 
281.305647 
281.291736 
281.277822 
281.263903 
281.249981 
281.236056 
281.222126 
281.208193 
281.194256 
281.180316 
281.166372 
281.152424 
281.138472 
281.124516 
281.110557 
281.096594 
281.082628 
281.068657 
281.054683 
281.040706 
281.026724 
281.012739 
280.998750 
280.984757 
280.970760 
280.956760 
280.942756 
280.928748 
280.914736 
280.900721 
280.886702 
280.872679 
280.858652 
280.844622 
280.830588 
280.816550 
280.802508 
280.788462 
280.774413 
280.760360 
280.746303 
280.732242 
280.718178 
280.704109 
280.690037 
280.675961 
280.661882 
280.647798 
280.633711 
280.619619 
280.605525 
280.591426 
280.577323 
280.563217 
280.549106 
280.534992 
280.520874 
280.506753 
280.492627 
280.478497 
280.464364 
280.450227 
280.436086 
280.421941 
280.407793 
280.393640 
280.379484 
280.365323 
280.351159 
280.336991 
280.322819 
280.308644 
280.294464 
280.280281 
280.266093 
280.251902 
280.237707 
280.223508 
280.209305 
280.195098 
280.180888 
280.166673 
280.152455 
280.138232 
280.124006 
280.109776 
280.095542 
280.081304 
280.067062 
280.052816 
280.038566 
280.024313 
280.010055 
279.995794 
279.981528 
279.967259 
279.952986 
279.938708 
279.924427 
279.910142 
279.895853 
279.881560 
279.867263 
279.852962 
279.838657 
279.824348 
279.810035 
279.795719 
279.781398 
279.767073 
279.752745 
279.738412 
279.724075 
279.709735 
279.695390 
279.681041 
279.666689 
279.652332 
279.637972 
279.623607 
279.609239 
279.594866 
279.580490 
279.566109 
279.551724 
279.537336 
279.522943 
279.508547 
279.494146 
279.479741 
279.465333 
279.450920 
279.436503 
279.422082 
279.407657 
279.393229 
279.378796 
279.364359 
279.349918 
279.335473 
279.321024 
279.306570 
279.292113 
279.277652 
279.263186 
279.248717 
279.234244 
279.219766 
279.205284 
279.190799 
279.176309 
279.161815 
279.147317 
279.132815 
279.118309 
279.103798 
279.089284 
279.074766 
279.060243 
279.045716 
279.031186 
279.016651 
279.002112 
278.987569 
278.973021 
278.958470 
278.943914 
278.929355 
278.914791 
278.900223 
278.885651 
278.871075 
278.856495 
278.841910 
278.827321 
278.812729 
278.798132 
278.783531 
278.768925 
278.754316 
278.739702 
278.725085 
278.710463 
278.695837 
278.681206 
278.666572 
278.651933 
278.637290 
278.622643 
278.607992 
278.593337 
278.578677 
278.564013 
278.549345 
278.534673 
278.519997 
278.505316 
278.490631 
278.475942 
278.461249 
278.446551 
278.431849 
278.417143 
278.402433 
278.387719 
278.373000 
278.358277 
278.343550 
278.328818 
278.314082 
278.299343 
278.284598 
278.269850 
278.255097 
278.240340 
278.225579 
278.210813 
278.196043 
278.181269 
278.166491 
278.151708 
278.136921 
278.122130 
278.107334 
278.092534 
278.077730 
278.062922 
278.048109 
278.033292 
278.018471 
278.003645 
277.988815 
277.973981 
277.959142 
277.944299 
277.929452 
277.914600 
277.899744 
277.884884 
277.870019 
277.855150 
277.840276 
277.825399 
277.810517 
277.795630 
277.780739 
277.765844 
277.750945 
277.736041 
277.721132 
277.706220 
277.691303 
277.676381 
277.661455 
277.646525 
277.631591 
277.616652 
277.601708 
277.586760 
277.571808 
277.556851 
277.541890 
277.526925 
277.511955 
277.496981 
277.482002 
277.467019 
277.452031 
277.437039 
277.422043 
277.407042 
277.392037 
277.377027 
277.362013 
277.346994 
277.331971 
277.316943 
277.301911 
277.286875 
277.271834 
277.256788 
277.241738 
277.226684 
277.211625 
277.196561 
277.181494 
277.166421 
277.151344 
277.136263 
277.121177 
277.106087 
277.090992 
277.075892 
277.060788 
277.045680 
277.030567 
277.015450 
277.000328 
276.985201 
276.970070 
276.954934 
276.939794 
276.924649 
276.909500 
276.894346 
276.879188 
276.864025 
276.848858 
276.833686 
276.818509 
276.803328 
276.788142 
276.772952 
276.757757 
276.742557 
276.727353 
276.712145 
276.696931 
276.681713 
276.666491 
276.651264 
276.636032 
276.620796 
276.605555 
276.590309 
276.575059 
276.559804 
276.544545 
276.529281 
276.514012 
276.498739 
276.483461 
276.468178 
276.452891 
276.437599 
276.422303 
276.407001 
276.391696 
276.376385 
276.361070 
276.345750 
276.330425 
276.315096 
276.299762 
276.284423 
276.269080 
276.253732 
276.238379 
276.223022 
276.207660 
276.192293 
276.176921 
276.161545 
276.146164 
276.130778 
276.115388 
276.099993 
276.084593 
276.069188 
276.053779 
276.038365 
276.022946 
276.007522 
275.992094 
275.976661 
275.961223 
275.945780 
275.930333 
275.914881 
275.899424 
275.883962 
275.868496 
275.853024 
275.837548 
275.822067 
275.806582 
275.791091 
275.775596 
275.760096 
275.744591 
275.729081 
275.713567 
275.698047 
275.682523 
275.666994 
275.651460 
275.635921 
275.620378 
275.604829 
275.589276 
275.573718 
275.558155 
275.542587 
275.527015 
275.511437 
275.495855 
275.480268 
275.464675 
275.449078 
275.433476 
275.417870 
275.402258 
275.386641 
275.371020 
275.355393 
275.339762 
275.324126 
275.308485 
275.292839 
275.277188 
275.261532 
275.245871 
275.230205 
275.214535 
275.198859 
275.183178 
275.167493 
275.151802 
275.136107 
275.120406 
275.104701 
275.088991 
275.073275 
275.057555 
275.041830 
275.026100 
275.010364 
274.994624 
274.978879 
274.963129 
274.947374 
274.931613 
274.915848 
274.900078 
274.884303 
274.868522 
274.852737 
274.836947 
274.821151 
274.805351 
274.789545 
274.773735 
274.757919 
274.742099 
274.726273 
274.710442 
274.694607 
274.678766 
274.662920 
274.647069 
274.631213 
274.615352 
274.599485 
274.583614 
274.567738 
274.551856 
274.535970 
274.520078 
274.504181 
274.488279 
274.472372 
274.456460 
274.440542 
274.424620 
274.408692 
274.392759 
274.376822 
274.360879 
274.344930 
274.328977 
274.313019 
274.297055 
274.281086 
274.265112 
274.249133 
274.233148 
274.217159 
274.201164 
274.185164 
274.169159 
274.153149 
274.137133 
274.121112 
274.105086 
274.089055 
274.073019 
274.056977 
274.040930 
274.024878 
274.008821 
273.992758 
273.976691 
273.960618 
273.944539 
273.928456 
273.912367 
273.896273 
273.880173 
273.864069 
273.847959 
273.831844 
273.815723 
273.799597 
273.783466 
273.767330 
273.751188 
273.735041 
273.718889 
273.702731 
273.686568 
273.670400 
273.654226 
273.638048 
273.621863 
273.605674 
273.589479 
273.573278 
273.557073 
273.540862 
273.524645 
273.508423 
273.492196 
273.475964 
273.459726 
273.443483 
273.427234 
273.410980 
273.394720 
273.378456 
273.362185 
273.345910 
273.329628 
273.313342 
273.297050 
273.280753 
273.264450 
273.248142 
273.231828 
273.215509 
273.199184 
273.182854 
273.166519 
273.150178 
273.133831 
273.117479 
273.101122 
273.084759 
273.068391 
273.052017 
273.035638 
273.019253 
273.002862 
272.986466 
272.970065 
272.953658 
272.937246 
272.920828 
272.904404 
272.887975 
272.871541 
272.855101 
272.838655 
272.822204 
272.805747 
272.789285 
272.772817 
272.756344 
272.739865 
272.723380 
272.706890 
272.690394 
272.673893 
272.657386 
272.640873 
272.624355 
272.607831 
272.591302 
272.574767 
272.558226 
272.541680 
272.525128 
272.508570 
272.492007 
272.475438 
272.458863 
272.442283 
272.425697 
272.409106 
272.392509 
272.375906 
272.359297 
272.342683 
272.326063 
272.309437 
272.292806 
272.276169 
272.259526 
272.242878 
272.226224 
272.209564 
272.192898 
272.176227 
272.159550 
272.142867 
272.126178 
272.109484 
272.092784 
272.076078 
272.059366 
272.042649 
272.025925 
272.009196 
271.992462 
271.975721 
271.958975 
271.942222 
271.925464 
271.908701 
271.891931 
271.875156 
271.858374 
271.841587 
271.824794 
271.807995 
271.791191 
271.774380 
271.757564 
271.740742 
271.723914 
271.707080 
271.690240 
271.673394 
271.656543 
271.639685 
271.622822 
271.605953 
271.589078 
271.572196 
271.555309 
271.538417 
271.521518 
271.504613 
271.487702 
271.470786 
271.453863 
271.436934 
271.420000 
271.403059 
271.386113 
271.369161 
271.352202 
271.335238 
271.318267 
271.301291 
271.284309 
271.267320 
271.250326 
271.233326 
271.216319 
271.199307 
271.182289 
271.165264 
271.148234 
271.131197 
271.114154 
271.097106 
271.080051 
271.062990 
271.045924 
271.028851 
271.011772 
270.994687 
270.977595 
270.960498 
270.943395 
270.926285 
270.909170 
270.892048 
270.874920 
270.857786 
270.840646 
270.823500 
270.806348 
270.789189 
270.772024 
270.754854 
270.737677 
270.720493 
270.703304 
270.686109 
270.668907 
270.651699 
270.634485 
270.617265 
270.600038 
270.582805 
270.565567 
270.548321 
270.531070 
270.513812 
270.496549 
270.479279 
270.462002 
270.444720 
270.427431 
270.410136 
270.392834 
270.375527 
270.358213 
270.340892 
270.323566 
270.306233 
270.288894 
270.271548 
270.254197 
270.236838 
270.219474 
270.202103 
270.184726 
270.167343 
270.149953 
270.132557 
270.115154 
270.097745 
270.080330 
270.062908 
270.045480 
270.028046 
270.010605 
269.993158 
269.975704 
269.958244 
269.940778 
269.923305 
269.905826 
269.888340 
269.870848 
269.853349 
269.835844 
269.818333 
269.800815 
269.783290 
269.765759 
269.748222 
269.730678 
269.713128 
269.695571 
269.678007 
269.660438 
269.642861 
269.625278 
269.607689 
269.590093 
269.572490 
269.554881 
269.537266 
269.519643 
269.502015 
269.484379 
269.466737 
269.449089 
269.431434 
269.413772 
269.396104 
269.378429 
269.360748 
269.343060 
269.325365 
269.307664 
269.289956 
269.272241 
269.254520 
269.236792 
269.219057 
269.201316 
269.183568 
269.165814 
269.148052 
269.130284 
269.112510 
269.094728 
269.076940 
269.059146 
269.041344 
269.023536 
269.005721 
268.987899 
268.970071 
268.952236 
268.934394 
268.916545 
268.898690 
268.880828 
268.862959 
268.845083 
268.827200 
268.809311 
268.791415 
268.773512 
268.755602 
268.737685 
268.719762 
268.701832 
268.683894 
268.665950 
268.648000 
268.630042 
268.612077 
268.594106 
268.576128 
268.558142 
268.540150 
268.522151 
268.504145 
268.486133 
268.468113 
268.450086 
268.432053 
268.414012 
268.395965 
268.377910 
268.359849 
268.341780 
268.323705 
268.305623 
268.287534 
268.269437 
268.251334 
268.233224 
268.215106 
268.196982 
268.178851 
268.160713 
268.142567 
268.124415 
268.106255 
268.088089 
268.069915 
268.051735 
268.033547 
268.015352 
267.997150 
267.978941 
267.960725 
267.942502 
267.924272 
267.906034 
267.887790 
267.869538 
267.851279 
267.833013 
267.814740 
267.796460 
267.778172 
267.759877 
267.741576 
267.723267 
267.704950 
267.686627 
267.668296 
267.649958 
267.631613 
267.613261 
267.594902 
267.576535 
267.558161 
267.539779 
267.521391 
267.502995 
267.484592 
267.466182 
267.447764 
267.429339 
267.410907 
267.392467 
267.374020 
267.355566 
267.337104 
267.318635 
267.300159 
267.281676 
267.263185 
267.244686 
267.226181 
267.207667 
267.189147 
267.170619 
267.152084 
267.133541 
267.114991 
267.096433 
267.077868 
267.059296 
267.040716 
267.022129 
267.003534 
266.984932 
266.966322 
266.947705 
266.929080 
266.910448 
266.891808 
266.873161 
266.854506 
266.835844 
266.817174 
266.798497 
266.779812 
266.761119 
266.742419 
266.723712 
266.704996 
266.686274 
266.667543 
266.648805 
266.630060 
266.611307 
266.592546 
266.573777 
266.555001 
266.536218 
266.517426 
266.498627 
266.479821 
266.461006 
266.442184 
266.423354 
266.404517 
266.385672 
266.366819 
266.347958 
266.329090 
266.310214 
266.291330 
266.272439 
266.253539 
266.234632 
266.215718 
266.196795 
266.177865 
266.158926 
266.139980 
266.121026 
266.102065 
266.083095 
266.064118 
266.045133 
266.026140 
266.007139 
265.988130 
265.969114 
265.950089 
265.931057 
265.912017 
265.892968 
265.873912 
265.854848 
265.835776 
265.816696 
265.797609 
265.778513 
265.759409 
265.740297 
265.721178 
265.702050 
265.682914 
265.663771 
265.644619 
265.625459 
265.606291 
265.587116 
265.567932 
265.548740 
265.529540 
265.510332 
265.491116 
265.471892 
265.452660 
265.433419 
265.414171 
265.394914 
265.375650 
265.356377 
265.337096 
265.317807 
265.298510 
265.279204 
265.259891 
265.240569 
265.221239 
265.201901 
265.182554 
265.163200 
265.143837 
265.124466 
265.105086 
265.085699 
265.066303 
265.046899 
265.027487 
265.008066 
264.988637 
264.969200 
264.949754 
264.930301 
264.910839 
264.891368 
264.871889 
264.852402 
264.832906 
264.813403 
264.793890 
264.774370 
264.754840 
264.735303 
264.715757 
264.696203 
264.676640 
264.657069 
264.637489 
264.617901 
264.598305 
264.578700 
264.559086 
264.539464 
264.519834 
264.500195 
264.480547 
264.460891 
264.441227 
264.421554 
264.401872 
264.382182 
264.362483 
264.342776 
264.323060 
264.303335 
264.283602 
264.263860 
264.244110 
264.224351 
264.204583 
264.184807 
264.165022 
264.145228 
264.125426 
264.105615 
264.085795 
264.065966 
264.046129 
264.026283 
264.006429 
263.986565 
263.966693 
263.946813 
263.926923 
263.907025 
263.887117 
263.867201 
263.847277 
263.827343 
263.807400 
263.787449 
263.767489 
263.747520 
263.727542 
263.707555 
263.687560 
263.667555 
263.647542 
263.627520 
263.607488 
263.587448 
263.567399 
263.547341 
263.527274 
263.507198 
263.487113 
263.467019 
263.446916 
263.426804 
263.406683 
263.386553 
263.366414 
263.346266 
263.326109 
263.305943 
263.285768 
263.265583 
263.245390 
263.225187 
263.204976 
263.184755 
263.164525 
263.144286 
263.124038 
263.103780 
263.083514 
263.063238 
263.042953 
263.022659 
263.002355 
262.982043 
262.961721 
262.941390 
262.921050 
262.900700 
262.880341 
262.859973 
262.839596 
262.819209 
262.798813 
262.778407 
262.757993 
262.737569 
262.717135 
262.696692 
262.676240 
262.655779 
262.635308 
262.614827 
262.594337 
262.573838 
262.553330 
262.532812 
262.512284 
262.491747 
262.471200 
262.450644 
262.430079 
262.409504 
262.388919 
262.368325 
262.347722 
262.327109 
262.306486 
262.285854 
262.265212 
262.244560 
262.223899 
262.203228 
262.182548 
262.161858 
262.141158 
262.120449 
262.099730 
262.079001 
262.058263 
262.037515 
262.016757 
261.995990 
261.975213 
261.954426 
261.933629 
261.912822 
261.892006 
261.871180 
261.850344 
261.829498 
261.808643 
261.787778 
261.766902 
261.746017 
261.725122 
261.704218 
261.683303 
261.662378 
261.641444 
261.620499 
261.599545 
261.578580 
261.557606 
261.536622 
261.515628 
261.494623 
261.473609 
261.452585 
261.431551 
261.410506 
261.389452 
261.368387 
261.347313 
261.326228 
261.305134 
261.284029 
261.262914 
261.241789 
261.220654 
261.199508 
261.178353 
261.157187 
261.136011 
261.114825 
261.093629 
261.072422 
261.051205 
261.029978 
261.008741 
260.987493 
260.966236 
260.944967 
260.923689 
260.902400 
260.881101 
260.859792 
260.838472 
260.817142 
260.795801 
260.774450 
260.753089 
260.731717 
260.710335 
260.688942 
260.667539 
260.646126 
260.624702 
260.603267 
260.581822 
260.560366 
260.538900 
260.517424 
260.495937 
260.474439 
260.452931 
260.431412 
260.409882 
260.388342 
260.366791 
260.345230 
260.323658 
260.302075 
260.280482 
260.258878 
260.237263 
260.215638 
260.194001 
260.172354 
260.150697 
260.129028 
260.107349 
260.085659 
260.063958 
260.042246 
260.020524 
259.998791 
259.977046 
259.955291 
259.933525 
259.911749 
259.889961 
259.868162 
259.846353 
259.824532 
259.802701 
259.780858 
259.759005 
259.737140 
259.715265 
259.693378 
259.671481 
259.649572 
259.627652 
259.605722 
259.583780 
259.561827 
259.539863 
259.517888 
259.495901 
259.473904 
259.451895 
259.429875 
259.407844 
259.385802 
259.363748 
259.341684 
259.319608 
259.297520 
259.275422 
259.253312 
259.231191 
259.209058 
259.186915 
259.164759 
259.142593 
259.120415 
259.098226 
259.076025 
259.053813 
259.031589 
259.009354 
258.987108 
258.964850 
258.942580 
258.920299 
258.898007 
258.875703 
258.853387 
258.831060 
258.808721 
258.786371 
258.764009 
258.741635 
258.719250 
258.696853 
258.674445 
258.652025 
258.629593 
258.607149 
258.584694 
258.562227 
258.539748 
258.517258 
258.494755 
258.472241 
258.449715 
258.427177 
258.404628 
258.382066 
258.359493 
258.336908 
258.314311 
258.291702 
258.269081 
258.246448 
258.223803 
258.201146 
258.178477 
258.155796 
258.133104 
258.110399 
258.087682 
258.064953 
258.042212 
258.019458 
257.996693 
257.973916 
257.951126 
257.928324 
257.905511 
257.882684 
257.859846 
257.836996 
257.814133 
257.791258 
257.768371 
257.745471 
257.722559 
257.699635 
257.676698 
257.653750 
257.630788 
257.607815 
257.584829 
257.561830 
257.538820 
257.515796 
257.492761 
257.469712 
257.446652 
257.423579 
257.400493 
257.377395 
257.354284 
257.331160 
257.308025 
257.284876 
257.261715 
257.238541 
257.215354 
257.192155 
257.168943 
257.145719 
257.122482 
257.099232 
257.075969 
257.052693 
257.029405 
257.006104 
256.982790 
256.959463 
256.936124 
256.912771 
256.889406 
256.866028 
256.842636 
256.819232 
256.795815 
256.772385 
256.748942 
256.725486 
256.702017 
256.678535 
256.655040 
256.631532 
256.608010 
256.584476 
256.560928 
256.537367 
256.513794 
256.490207 
256.466606 
256.442993 
256.419366 
256.395726 
256.372073 
256.348406 
256.324727 
256.301033 
256.277327 
256.253607 
256.229874 
256.206127 
256.182367 
256.158594 
256.134807 
256.111007 
256.087193 
256.063365 
256.039525 
256.015670 
255.991802 
255.967921 
255.944026 
255.920117 
255.896195 
255.872259 
255.848309 
255.824345 
255.800368 
255.776378 
255.752373 
255.728355 
255.704323 
255.680277 
255.656217 
255.632144 
255.608056 
255.583955 
255.559840 
255.535711 
255.511568 
255.487411 
255.463240 
255.439055 
255.414856 
255.390643 
255.366416 
255.342175 
255.317920 
255.293651 
255.269368 
255.245070 
255.220758 
255.196433 
255.172092 
255.147738 
255.123370 
255.098987 
255.074590 
255.050179 
255.025753 
255.001313 
254.976858 
254.952390 
254.927906 
254.903409 
254.878897 
254.854370 
254.829829 
254.805274 
254.780704 
254.756119 
254.731520 
254.706906 
254.682278 
254.657635 
254.632978 
254.608305 
254.583618 
254.558917 
254.534200 
254.509469 
254.484723 
254.459963 
254.435187 
254.410397 
254.385592 
254.360772 
254.335937 
254.311087 
254.286222 
254.261342 
254.236447 
254.211537 
254.186613 
254.161673 
254.136718 
254.111748 
254.086763 
254.061762 
254.036747 
254.011716 
253.986670 
253.961609 
253.936533 
253.911442 
253.886335 
253.861213 
253.836075 
253.810922 
253.785754 
253.760570 
253.735371 
253.710157 
253.684927 
253.659681 
253.634421 
253.609144 
253.583852 
253.558544 
253.533221 
253.507882 
253.482528 
253.457158 
253.431772 
253.406370 
253.380953 
253.355520 
253.330071 
253.304606 
253.279125 
253.253629 
253.228117 
253.202589 
253.177044 
253.151484 
253.125908 
253.100316 
253.074708 
253.049084 
253.023444 
252.997788 
252.972115 
252.946427 
252.920722 
252.895001 
252.869264 
252.843510 
252.817741 
252.791955 
252.766153 
252.740334 
252.714499 
252.688648 
252.662780 
252.636896 
252.610995 
252.585078 
252.559145 
252.533194 
252.507228 
252.481244 
252.455244 
252.429228 
252.403195 
252.377145 
252.351078 
252.324995 
252.298895 
252.272778 
252.246644 
252.220493 
252.194326 
252.168142 
252.141940 
252.115722 
252.089487 
252.063235 
252.036966 
252.010680 
251.984376 
251.958056 
251.931718 
251.905364 
251.878992 
251.852603 
251.826196 
251.799773 
251.773332 
251.746874 
251.720398 
251.693905 
251.667395 
251.640867 
251.614322 
251.587760 
251.561180 
251.534582 
251.507967 
251.481334 
251.454684 
251.428016 
251.401330 
251.374626 
251.347905 
251.321166 
251.294410 
251.267635 
251.240843 
251.214033 
251.187205 
251.160359 
251.133495 
251.106613 
251.079713 
251.052795 
251.025859 
250.998905 
250.971932 
250.944942 
250.917934 
250.890907 
250.863862 
250.836798 
250.809717 
250.782617 
250.755499 
250.728362 
250.701207 
250.674033 
250.646842 
250.619631 
250.592402 
250.565154 
250.537888 
250.510603 
250.483300 
250.455978 
250.428637 
250.401278 
250.373899 
250.346502 
250.319086 
250.291651 
250.264197 
250.236725 
250.209233 
250.181722 
250.154193 
250.126644 
250.099076 
250.071489 
250.043883 
250.016258 
249.988614 
249.960950 
249.933267 
249.905565 
249.877843 
249.850102 
249.822342 
249.794562 
249.766763 
249.738944 
249.711106 
249.683248 
249.655371 
249.627473 
249.599557 
249.571620 
249.543664 
249.515688 
249.487693 
249.459677 
249.431642 
249.403586 
249.375511 
249.347416 
249.319301 
249.291166 
249.263011 
249.234835 
249.206640 
249.178424 
249.150189 
249.121933 
249.093656 
249.065360 
249.037043 
249.008705 
248.980348 
248.951970 
248.923571 
248.895152 
248.866712 
248.838252 
248.809771 
248.781270 
248.752748 
248.724205 
248.695641 
248.667057 
248.638451 
248.609825 
248.581178 
248.552510 
248.523822 
248.495112 
248.466381 
248.437629 
248.408856 
248.380061 
248.351246 
248.322409 
248.293551 
248.264672 
248.235771 
248.206849 
248.177906 
248.148941 
248.119955 
248.090947 
248.061917 
248.032866 
248.003794 
247.974699 
247.945583 
247.916446 
247.887286 
247.858105 
247.828901 
247.799676 
247.770429 
247.741160 
247.711869 
247.682556 
247.653220 
247.623863 
247.594483 
247.565081 
247.535657 
247.506211 
247.476742 
247.447251 
247.417737 
247.388201 
247.358643 
247.329062 
247.299458 
247.269832 
247.240183 
247.210511 
247.180817 
247.151100 
247.121360 
247.091597 
247.061811 
247.032002 
247.002171 
246.972316 
246.942438 
246.912537 
246.882613 
246.852666 
246.822695 
246.792701 
246.762684 
246.732643 
246.702579 
246.672492 
246.642381 
246.612246 
246.582088 
246.551906 
246.521701 
246.491472 
246.461219 
246.430942 
246.400642 
246.370317 
246.339969 
246.309596 
246.279200 
246.248779 
246.218334 
246.187866 
246.157373 
246.126855 
246.096314 
246.065748 
246.035157 
246.004542 
245.973903 
245.943239 
245.912551 
245.881838 
245.851100 
245.820337 
245.789550 
245.758738 
245.727901 
245.697039 
245.666153 
245.635241 
245.604304 
245.573342 
245.542355 
245.511343 
245.480305 
245.449242 
245.418154 
245.387040 
245.355901 
245.324737 
245.293547 
245.262331 
245.231090 
245.199823 
245.168530 
245.137212 
245.105867 
245.074497 
245.043101 
245.011679 
244.980231 
244.948756 
244.917256 
244.885729 
244.854176 
244.822597 
244.790992 
244.759360 
244.727701 
244.696016 
244.664305 
244.632567 
244.600802 
244.569011 
244.537193 
244.505348 
244.473476 
244.441577 
244.409651 
244.377698 
244.345718 
244.313711 
244.281677 
244.249615 
244.217526 
244.185410 
244.153267 
244.121096 
244.088897 
244.056671 
244.024417 
243.992135 
243.959826 
243.927489 
243.895124 
243.862731 
243.830310 
243.797861 
243.765384 
243.732879 
243.700346 
243.667784 
243.635194 
243.602576 
243.569929 
243.537254 
243.504550 
243.471818 
243.439057 
243.406267 
243.373449 
243.340601 
243.307725 
243.274819 
243.241885 
243.208922 
243.175929 
243.142907 
243.109856 
243.076776 
243.043666 
243.010527 
242.977358 
242.944159 
242.910931 
242.877674 
242.844386 
242.811069 
242.777722 
242.744345 
242.710937 
242.677500 
242.644033 
242.610535 
242.577007 
242.543449 
242.509860 
242.476241 
242.442591 
242.408911 
242.375200 
242.341459 
242.307686 
242.273883 
242.240049 
242.206183 
242.172287 
242.138360 
242.104401 
242.070411 
242.036390 
242.002337 
241.968253 
241.934138 
241.899991 
241.865812 
241.831601 
241.797359 
241.763084 
241.728778 
241.694440 
241.660069 
241.625667 
241.591232 
241.556765 
241.522265 
241.487733 
241.453169 
241.418572 
241.383942 
241.349280 
241.314584 
241.279856 
241.245095 
241.210301 
241.175474 
241.140614 
241.105720 
241.070793 
241.035833 
241.000839 
240.965811 
240.930750 
240.895656 
240.860527 
240.825365 
240.790168 
240.754938 
240.719674 
240.684375 
240.649042 
240.613675 
240.578274 
240.542838 
240.507367 
240.471862 
240.436322 
240.400747 
240.365138 
240.329493 
240.293814 
240.258099 
240.222349 
240.186564 
240.150744 
240.114888 
240.078996 
240.043069 
240.007106 
239.971108 
239.935073 
239.899003 
239.862897 
239.826754 
239.790576 
239.754361 
239.718109 
239.681822 
239.645497 
239.609136 
239.572739 
239.536304 
239.499833 
239.463325 
239.426779 
239.390197 
239.353577 
239.316920 
239.280226 
239.243494 
239.206724 
239.169917 
239.133072 
239.096189 
239.059268 
239.022309 
238.985312 
238.948277 
238.911203 
238.874091 
238.836941 
238.799751 
238.762524 
238.725257 
238.687951 
238.650607 
238.613223 
238.575800 
238.538338 
238.500837 
238.463296 
238.425715 
238.388095 
238.350435 
238.312736 
238.274996 
238.237216 
238.199396 
238.161536 
238.123636 
238.085695 
238.047713 
238.009691 
237.971628 
237.933524 
237.895379 
237.857193 
237.818966 
237.780698 
237.742388 
237.704037 
237.665644 
237.627209 
237.588733 
237.550215 
237.511654 
237.473052 
237.434407 
237.395720 
237.356991 
237.318219 
237.279404 
237.240547 
237.201646 
237.162703 
237.123716 
237.084687 
237.045614 
237.006497 
236.967337 
236.928133 
236.888886 
236.849594 
236.810259 
236.770879 
236.731455 
236.691987 
236.652474 
236.612917 
236.573315 
236.533668 
236.493976 
236.454239 
236.414457 
236.374630 
236.334757 
236.294838 
236.254874 
236.214864 
236.174808 
236.134706 
236.094558 
236.054364 
236.014123 
235.973835 
235.933501 
235.893120 
235.852693 
235.812218 
235.771696 
235.731126 
235.690509 
235.649845 
235.609133 
235.568373 
235.527565 
235.486709 
235.445804 
235.404852 
235.363851 
235.322801 
235.281702 
235.240555 
235.199358 
235.158113 
235.116818 
235.075473 
235.034079 
234.992635 
234.951142 
234.909598 
234.868004 
234.826360 
234.784665 
234.742920 
234.701124 
234.659277 
234.617380 
234.575431 
234.533431 
234.491379 
234.449276 
234.407121 
234.364914 
234.322655 
234.280344 
234.237980 
234.195564 
234.153095 
234.110574 
234.067999 
234.025372 
233.982691 
233.939957 
233.897169 
233.854328 
233.811432 
233.768483 
233.725479 
233.682421 
233.639308 
233.596141 
233.552919 
233.509642 
233.466310 
233.422922 
233.379479 
233.335980 
233.292425 
233.248815 
233.205148 
233.161424 
233.117645 
233.073808 
233.029915 
232.985965 
232.941957 
232.897892 
232.853770 
232.809590 
232.765352 
232.721055 
232.676701 
232.632288 
232.587817 
232.543286 
232.498697 
232.454049 
232.409341 
232.364574 
232.319747 
232.274860 
232.229913 
232.184906 
232.139838 
232.094709 
232.049520 
232.004270 
231.958958 
231.913586 
231.868151 
231.822655 
231.777096 
231.731476 
231.685793 
231.640047 
231.594239 
231.548368 
231.502433 
231.456435 
231.410373 
231.364248 
231.318059 
231.271805 
231.225487 
231.179104 
231.132656 
231.086144 
231.039566 
230.992922 
230.946213 
230.899438 
230.852597 
230.805689 
230.758715 
230.711674 
230.664566 
230.617391 
230.570148 
230.522838 
230.475459 
230.428013 
230.380498 
230.332914 
230.285262 
230.237541 
230.189750 
230.141890 
230.093960 
230.045960 
229.997890 
229.949749 
229.901537 
229.853255 
229.804901 
229.756476 
229.707979 
229.659411 
229.610770 
229.562056 
229.513270 
229.464411 
229.415479 
229.366473 
229.317394 
229.268240 
229.219012 
229.169710 
229.120333 
229.070881 
229.021354 
228.971751 
228.922073 
228.872318 
228.822487 
228.772579 
228.722594 
228.672532 
228.622393 
228.572176 
228.521881 
228.471508 
228.421056 
228.370525 
228.319915 
228.269225 
228.218456 
228.167607 
228.116677 
228.065667 
228.014575 
227.963403 
227.912149 
227.860813 
227.809396 
227.757895 
227.706312 
227.654646 
227.602897 
227.551064 
227.499146 
227.447145 
227.395059 
227.342888 
227.290632 
227.238290 
227.185862 
227.133348 
227.080748 
227.028060 
226.975285 
226.922423 
226.869473 
226.816434 
226.763307 
226.710091 
226.656786 
226.603391 
226.549906 
226.496331 
226.442665 
226.388908 
226.335060 
226.281120 
226.227088 
226.172963 
226.118745 
226.064434 
226.010030 
225.955532 
225.900939 
225.846251 
225.791469 
225.736591 
225.681617 
225.626546 
225.571379 
225.516115 
225.460754 
225.405294 
225.349737 
225.294081 
225.238325 
225.182470 
225.126516 
225.070461 
225.014305 
224.958048 
224.901690 
224.845229 
224.788666 
224.732001 
224.675232 
224.618359 
224.561382 
224.504301 
224.447114 
224.389822 
224.332424 
224.274920 
224.217309 
224.159590 
224.101764 
224.043829 
223.985786 
223.927633 
223.869371 
223.810999 
223.752516 
223.693922 
223.635216 
223.576398 
223.517468 
223.458424 
223.399267 
223.339996 
223.280610 
223.221109 
223.161492 
223.101759 
223.041910 
222.981943 
222.921859 
222.861656 
222.801334 
222.740893 
222.680332 
222.619651 
222.558849 
222.497925 
222.436878 
222.375710 
222.314417 
222.253001 
222.191461 
222.129795 
222.068004 
222.006087 
221.944043 
221.881871 
221.819572 
221.757143 
221.694586 
221.631899 
221.569081 
221.506132 
221.443051 
221.379838 
221.316492 
221.253013 
221.189399 
221.125650 
221.061765 
220.997744 
220.933586 
220.869290 
220.804856 
220.740283 
220.675570 
220.610717 
220.545723 
220.480587 
220.415308 
220.349886 
220.284320 
220.218609 
220.152753 
220.086750 
220.020601 
219.954303 
219.887858 
219.821263 
219.754517 
219.687622 
219.620574 
219.553374 
219.486021 
219.418514 
219.350852 
219.283034 
219.215060 
219.146929 
219.078639 
219.010190 
218.941582 
218.872813 
218.803882 
218.734789 
218.665532 
218.596111 
218.526525 
218.456773 
218.386854 
218.316768 
218.246512 
218.176086 
218.105490 
218.034722 
217.963782 
217.892668 
217.821379 
217.749915 
217.678274 
217.606456 
217.534459 
217.462282 
217.389925 
217.317386 
217.244664 
217.171759 
217.098668 
217.025392 
216.951929 
216.878277 
216.804436 
216.730405 
216.656182 
216.581767 
216.507158 
216.432353 
216.357353 
216.282155 
216.206759 
216.131163 
216.055366 
215.979367 
215.903164 
215.826757 
215.750144 
215.673323 
215.596294 
215.519055 
215.441605 
215.363942 
215.286066 
215.207974 
215.129666 
215.051140 
214.972394 
214.893428 
214.814239 
214.734827 
214.655190 
214.575326 
214.495234 
214.414913 
214.334361 
214.253576 
214.172557 
214.091302 
214.009810 
213.928079 
213.846107 
213.763894 
213.681437 
213.598734 
213.515784 
213.432586 
213.349137 
213.265435 
213.181480 
213.097269 
213.012800 
212.928072 
212.843082 
212.757830 
212.672313 
212.586529 
212.500476 
212.414152 
212.327556 
212.240685 
212.153537 
212.066111 
211.978404 
211.890414 
211.802140 
211.713578 
211.624727 
211.535585 
211.446150 
211.356418 
211.266389 
211.176059 
211.085427 
210.994490 
210.903246 
210.811692 
210.719826 
210.627646 
210.535149 
210.442332 
210.349193 
210.255729 
210.161939 
210.067818 
209.973366 
209.878578 
209.783452 
209.687985 
209.592175 
209.496019 
209.399514 
209.302656 
209.205444 
209.107873 
209.009941 
208.911646 
208.812983 
208.713950 
208.614543 
208.514759 
208.414596 
208.314048 
208.213115 
208.111791 
208.010073 
207.907958 
207.805443 
207.702523 
207.599196 
207.495456 
207.391302 
207.286728 
207.181731 
207.076307 
206.970451 
206.864161 
206.757432 
206.650259 
206.542639 
206.434567 
206.326039 
206.217051 
206.107597 
205.997673 
205.887276 
205.776399 
205.665039 
205.553191 
205.440849 
205.328008 
205.214664 
205.100812 
204.986446 
204.871560 
204.756150 
204.640210 
204.523735 
204.406718 
204.289154 
204.171037 
204.052362 
203.933121 
203.813310 
203.692921 
203.571949 
203.450386 
203.328227 
203.205464 
203.082091 
202.958101 
202.833487 
202.708241 
202.582357 
202.455826 
202.328642 
202.200796 
202.072280 
201.943088 
201.813209 
201.682637 
201.551363 
201.419377 
201.286672 
201.153238 
201.019066 
200.884147 
200.748471 
200.612028 
200.474810 
200.336804 
200.198002 
200.058393 
199.917966 
199.776710 
199.634614 
199.491666 
199.347855 
199.203169 
199.057596 
198.911123 
198.763738 
198.615427 
198.466178 
198.315977 
198.164809 
198.012662 
197.859520 
197.705368 
197.550191 
197.393974 
197.236701 
197.078355 
196.918920 
196.758379 
196.596714 
196.433907 
196.269940 
196.104794 
195.938449 
195.770886 
195.602085 
195.432024 
195.260682 
195.088038 
194.914067 
194.738748 
194.562057 
194.383969 
194.204458 
194.023499 
193.841065 
193.657129 
193.471663 
193.284637 
193.096022 
192.905787 
192.713900 
192.520329 
192.325039 
192.127996 
191.929165 
191.728507 
191.525985 
191.321560 
191.115191 
190.906835 
190.696449 
190.483988 
190.269405 
190.052652 
189.833679 
189.612434 
189.388863 
189.162911 
188.934521 
188.703630 
188.470179 
188.234101 
187.995330 
187.753796 
187.509424 
187.262141 
187.011866 
186.758518 
186.502009 
186.242251 
185.979149 
185.712605 
185.442517 
185.168777 
184.891273 
184.609887 
184.324495 
184.034966 
183.741164 
183.442946 
183.140159 
182.832644 
182.520233 
182.202748 
181.880000 
181.551792 
181.217910 
180.878133 
180.532221 
180.179922 
179.820967 
179.455067 
179.081917 
178.701187 
178.312524 
177.915552 
177.509862 
177.095017 
176.670543 
176.235927 
175.790615 
175.334002 
174.865428 
174.384175 
173.889453 
173.380396 
172.856044 
172.315341 
171.757108 
171.180033 
170.582644 
169.963284 
169.320080 
168.650896 
167.953290 
167.224445 
166.461088 
165.659387 
164.814810 
163.921941 
162.974234 
161.963665 
160.880242 
159.711295 
158.440403 
157.045717 
155.497220 
153.751974 
151.745254 
149.372339 
146.445665 
142.571062 
136.631526 
119.960577 
NaN
NaN
NaN
NaN
NaN
NaN
NaN
NaN
NaN
NaN
NaN
NaN
NaN
NaN
NaN
NaN
NaN
NaN
NaN
NaN
NaN
NaN
NaN
NaN
NaN
NaN
NaN
NaN
NaN
NaN
NaN
NaN
NaN
NaN
NaN
NaN
NaN
NaN
NaN
