44.177704 
44.166812 
44.155921 
44.145029 
44.134138 
44.123247 
44.112355 
44.101464 
44.090572 
44.079681 
44.068789 
44.057898 
44.047006 
44.036115 
44.025223 
44.014332 
44.003440 
43.992549 
43.981657 
43.970766 
43.959875 
43.948983 
43.938092 
43.927200 
43.916309 
43.905417 
43.894526 
43.883634 
43.872743 
43.861851 
43.850960 
43.840068 
43.829177 
43.818285 
43.807394 
43.796503 
43.785611 
43.774720 
43.763828 
43.752937 
43.742045 
43.731154 
43.720262 
43.709371 
43.698479 
43.687588 
43.676696 
43.665805 
43.654913 
43.644022 
43.633130 
43.622239 
43.611348 
43.600456 
43.589565 
43.578673 
43.567782 
43.556890 
43.545999 
43.535107 
43.524216 
43.513324 
43.502433 
43.491541 
43.480650 
43.469758 
43.458867 
43.447976 
43.437084 
43.426193 
43.415301 
43.404410 
43.393518 
43.382627 
43.371735 
43.360844 
43.349952 
43.339061 
43.328169 
43.317278 
43.306386 
43.295495 
43.284604 
43.273712 
43.262821 
43.251929 
43.241038 
43.230146 
43.219255 
43.208363 
43.197472 
43.186580 
43.175689 
43.164797 
43.153906 
43.143014 
43.132123 
43.121232 
43.110340 
43.099449 
43.088557 
43.077666 
43.066774 
43.055883 
43.044991 
43.034100 
43.023208 
43.012317 
43.001425 
42.990534 
42.979642 
42.968751 
42.957860 
42.946968 
42.936077 
42.925185 
42.914294 
42.903402 
42.892511 
42.881619 
42.870728 
42.859836 
42.848945 
42.838053 
42.827162 
42.816270 
42.805379 
42.794488 
42.783596 
42.772705 
42.761813 
42.750922 
42.740030 
42.729139 
42.718247 
42.707356 
42.696464 
42.685573 
42.674681 
42.663790 
42.652898 
42.642007 
42.631115 
42.620224 
42.609333 
42.598441 
42.587550 
42.576658 
42.565767 
42.554875 
42.543984 
42.533092 
42.522201 
42.511309 
42.500418 
42.489526 
42.478635 
42.467743 
42.456852 
42.445961 
42.435069 
42.424178 
42.413286 
42.402395 
42.391503 
42.380612 
42.369720 
42.358829 
42.347937 
42.337046 
42.326154 
42.315263 
42.304371 
42.293480 
42.282589 
42.271697 
42.260806 
42.249914 
42.239023 
42.228131 
42.217240 
42.206348 
42.195457 
42.184565 
42.173674 
42.162782 
42.151891 
42.140999 
42.130108 
42.119217 
42.108325 
42.097434 
42.086542 
42.075651 
42.064759 
42.053868 
42.042976 
42.032085 
42.021193 
42.010302 
41.999410 
41.988519 
41.977627 
41.966736 
41.955845 
41.944953 
41.934062 
41.923170 
41.912279 
41.901387 
41.890496 
41.879604 
41.868713 
41.857821 
41.846930 
41.836038 
41.825147 
41.814255 
41.803364 
41.792473 
41.781581 
41.770690 
41.759798 
41.748907 
41.738015 
41.727124 
41.716232 
41.705341 
41.694449 
41.683558 
41.672666 
41.661775 
41.650883 
41.639992 
41.629101 
41.618209 
41.607318 
41.596426 
41.585535 
41.574643 
41.563752 
41.552860 
41.541969 
41.531077 
41.520186 
41.509294 
41.498403 
41.487511 
41.476620 
41.465728 
41.454837 
41.443946 
41.433054 
41.422163 
41.411271 
41.400380 
41.389488 
41.378597 
41.367705 
41.356814 
41.345922 
41.335031 
41.324139 
41.313248 
41.302356 
41.291465 
41.280574 
41.269682 
41.258791 
41.247899 
41.237008 
41.226116 
41.215225 
41.204333 
41.193442 
41.182550 
41.171659 
41.160767 
41.149876 
41.138984 
41.128093 
41.117202 
41.106310 
41.095419 
41.084527 
41.073636 
41.062744 
41.051853 
41.040961 
41.030070 
41.019178 
41.008287 
40.997395 
40.986504 
40.975612 
40.964721 
40.953830 
40.942938 
40.932047 
40.921155 
40.910264 
40.899372 
40.888481 
40.877589 
40.866698 
40.855806 
40.844915 
40.834023 
40.823132 
40.812240 
40.801349 
40.790458 
40.779566 
40.768675 
40.757783 
40.746892 
40.736000 
40.725109 
40.714217 
40.703326 
40.692434 
40.681543 
40.670651 
40.659760 
40.648868 
40.637977 
40.627086 
40.616194 
40.605303 
40.594411 
40.583520 
40.572628 
40.561737 
40.550845 
40.539954 
40.529062 
40.518171 
40.507279 
40.496388 
40.485496 
40.474605 
40.463713 
40.452822 
40.441931 
40.431039 
40.420148 
40.409256 
40.398365 
40.387473 
40.376582 
40.365690 
40.354799 
40.343907 
40.333016 
40.322124 
40.311233 
40.300341 
40.289450 
40.278559 
40.267667 
40.256776 
40.245884 
40.234993 
40.224101 
40.213210 
40.202318 
40.191427 
40.180535 
40.169644 
40.158752 
40.147861 
40.136969 
40.126078 
40.115187 
40.104295 
40.093404 
40.082512 
40.071621 
40.060729 
40.049838 
40.038946 
40.028055 
40.017163 
40.006272 
39.995380 
39.984489 
39.973597 
39.962706 
39.951815 
39.940923 
39.930032 
39.919140 
39.908249 
39.897357 
39.886466 
39.875574 
39.864683 
39.853791 
39.842900 
39.832008 
39.821117 
39.810225 
39.799334 
39.788443 
39.777551 
39.766660 
39.755768 
39.744877 
39.733985 
39.723094 
39.712202 
39.701311 
39.690419 
39.679528 
39.668636 
39.657745 
39.646853 
39.635962 
39.625071 
39.614179 
39.603288 
39.592396 
39.581505 
39.570613 
39.559722 
39.548830 
39.537939 
39.527047 
39.516156 
39.505264 
39.494373 
39.483481 
39.472590 
39.461699 
39.450807 
39.439916 
39.429024 
39.418133 
39.407241 
39.396350 
39.385458 
39.374567 
39.363675 
39.352784 
39.341892 
39.331001 
39.320109 
39.309218 
39.298326 
39.287435 
39.276544 
39.265652 
39.254761 
39.243869 
39.232978 
39.222086 
39.211195 
39.200303 
39.189412 
39.178520 
39.167629 
39.156737 
39.145846 
39.134954 
39.124063 
39.113172 
39.102280 
39.091389 
39.080497 
39.069606 
39.058714 
39.047823 
39.036931 
39.026040 
39.015148 
39.004257 
38.993365 
38.982474 
38.971582 
38.960691 
38.949800 
38.938908 
38.928017 
38.917125 
38.906234 
38.895342 
38.884451 
38.873559 
38.862668 
38.851776 
38.840885 
38.829993 
38.819102 
38.808210 
38.797319 
38.786428 
38.775536 
38.764645 
38.753753 
38.742862 
38.731970 
38.721079 
38.710187 
38.699296 
38.688404 
38.677513 
38.666621 
38.655730 
38.644838 
38.633947 
38.623056 
38.612164 
38.601273 
38.590381 
38.579490 
38.568598 
38.557707 
38.546815 
38.535924 
38.525032 
38.514141 
38.503249 
38.492358 
38.481466 
38.470575 
38.459684 
38.448792 
38.437901 
38.427009 
38.416118 
38.405226 
38.394335 
38.383443 
38.372552 
38.361660 
38.350769 
38.339877 
38.328986 
38.318094 
38.307203 
38.296311 
38.285420 
38.274529 
38.263637 
38.252746 
38.241854 
38.230963 
38.220071 
38.209180 
38.198288 
38.187397 
38.176505 
38.165614 
38.154722 
38.143831 
38.132939 
38.122048 
38.111157 
38.100265 
38.089374 
38.078482 
38.067591 
38.056699 
38.045808 
38.034916 
38.024025 
38.013133 
38.002242 
37.991350 
37.980459 
37.969567 
37.958676 
37.947785 
37.936893 
37.926002 
37.915110 
37.904219 
37.893327 
37.882436 
37.871544 
37.860653 
37.849761 
37.838870 
37.827978 
37.817087 
37.806195 
37.795304 
37.784413 
37.773521 
37.762630 
37.751738 
37.740847 
37.729955 
37.719064 
37.708172 
37.697281 
37.686389 
37.675498 
37.664606 
37.653715 
37.642823 
37.631932 
37.621041 
37.610149 
37.599258 
37.588366 
37.577475 
37.566583 
37.555692 
37.544800 
37.533909 
37.523017 
37.512126 
37.501234 
37.490343 
37.479451 
37.468560 
37.457669 
37.446777 
37.435886 
37.424994 
37.414103 
37.403211 
37.392320 
37.381428 
37.370537 
37.359645 
37.348754 
37.337862 
37.326971 
37.316079 
37.305188 
37.294297 
37.283405 
37.272514 
37.261622 
37.250731 
37.239839 
37.228948 
37.218056 
37.207165 
37.196273 
37.185382 
37.174490 
37.163599 
37.152707 
37.141816 
37.130924 
37.120033 
37.109142 
37.098250 
37.087359 
37.076467 
37.065576 
37.054684 
37.043793 
37.032901 
37.022010 
37.011118 
37.000227 
36.989335 
36.978444 
36.967552 
36.956661 
36.945770 
36.934878 
36.923987 
36.913095 
36.902204 
36.891312 
36.880421 
36.869529 
36.858638 
36.847746 
36.836855 
36.825963 
36.815072 
36.804180 
36.793289 
36.782398 
36.771506 
36.760615 
36.749723 
36.738832 
36.727940 
36.717049 
36.706157 
36.695266 
36.684374 
36.673483 
36.662591 
36.651700 
36.640808 
36.629917 
36.619026 
36.608134 
36.597243 
36.586351 
36.575460 
36.564568 
36.553677 
36.542785 
36.531894 
36.521002 
36.510111 
36.499219 
36.488328 
36.477436 
36.466545 
36.455654 
36.444762 
36.433871 
36.422979 
36.412088 
36.401196 
36.390305 
36.379413 
36.368522 
36.357630 
36.346739 
36.335847 
36.324956 
36.314064 
36.303173 
36.292282 
36.281390 
36.270499 
36.259607 
36.248716 
36.237824 
36.226933 
36.216041 
36.205150 
36.194258 
36.183367 
36.172475 
36.161584 
36.150692 
36.139801 
36.128909 
36.118018 
36.107127 
36.096235 
36.085344 
36.074452 
36.063561 
36.052669 
36.041778 
36.030886 
36.019995 
36.009103 
35.998212 
35.987320 
35.976429 
35.965537 
35.954646 
35.943755 
35.932863 
35.921972 
35.911080 
35.900189 
35.889297 
35.878406 
35.867514 
35.856623 
35.845731 
35.834840 
35.823948 
35.813057 
35.802165 
35.791274 
35.780383 
35.769491 
35.758600 
35.747708 
35.736817 
35.725925 
35.715034 
35.704142 
35.693251 
35.682359 
35.671468 
35.660576 
35.649685 
35.638793 
35.627902 
35.617011 
35.606119 
35.595228 
35.584336 
35.573445 
35.562553 
35.551662 
35.540770 
35.529879 
35.518987 
35.508096 
35.497204 
35.486313 
35.475421 
35.464530 
35.453639 
35.442747 
35.431856 
35.420964 
35.410073 
35.399181 
35.388290 
35.377398 
35.366507 
35.355615 
35.344724 
35.333832 
35.322941 
35.312049 
35.301158 
35.290267 
35.279375 
35.268484 
35.257592 
35.246701 
35.235809 
35.224918 
35.214026 
35.203135 
35.192243 
35.181352 
35.170460 
35.159569 
35.148677 
35.137786 
35.126895 
35.116003 
35.105112 
35.094220 
35.083329 
35.072437 
35.061546 
35.050654 
35.039763 
35.028871 
35.017980 
35.007088 
34.996197 
34.985305 
34.974414 
34.963522 
34.952631 
34.941740 
34.930848 
34.919957 
34.909065 
34.898174 
34.887282 
34.876391 
34.865499 
34.854608 
34.843716 
34.832825 
34.821933 
34.811042 
34.800150 
34.789259 
34.778368 
34.767476 
34.756585 
34.745693 
34.734802 
34.723910 
34.713019 
34.702127 
34.691236 
34.680344 
34.669453 
34.658561 
34.647670 
34.636778 
34.625887 
34.614996 
34.604104 
34.593213 
34.582321 
34.571430 
34.560538 
34.549647 
34.538755 
34.527864 
34.516972 
34.506081 
34.495189 
34.484298 
34.473406 
34.462515 
34.451624 
34.440732 
34.429841 
34.418949 
34.408058 
34.397166 
34.386275 
34.375383 
34.364492 
34.353600 
34.342709 
34.331817 
34.320926 
34.310034 
34.299143 
34.288252 
34.277360 
34.266469 
34.255577 
34.244686 
34.233794 
34.222903 
34.212011 
34.201120 
34.190228 
34.179337 
34.168445 
34.157554 
34.146662 
34.135771 
34.124880 
34.113988 
34.103097 
34.092205 
34.081314 
34.070422 
34.059531 
34.048639 
34.037748 
34.026856 
34.015965 
34.005073 
33.994182 
33.983290 
33.972399 
33.961507 
33.950616 
33.939725 
33.928833 
33.917942 
33.907050 
33.896159 
33.885267 
33.874376 
33.863484 
33.852593 
33.841701 
33.830810 
33.819918 
33.809027 
33.798135 
33.787244 
33.776353 
33.765461 
33.754570 
33.743678 
33.732787 
33.721895 
33.711004 
33.700112 
33.689221 
33.678329 
33.667438 
33.656546 
33.645655 
33.634763 
33.623872 
33.612981 
33.602089 
33.591198 
33.580306 
33.569415 
33.558523 
33.547632 
33.536740 
33.525849 
33.514957 
33.504066 
33.493174 
33.482283 
33.471391 
33.460500 
33.449609 
33.438717 
33.427826 
33.416934 
33.406043 
33.395151 
33.384260 
33.373368 
33.362477 
33.351585 
33.340694 
33.329802 
33.318911 
33.308019 
33.297128 
33.286237 
33.275345 
33.264454 
33.253562 
33.242671 
33.231779 
33.220888 
33.209996 
33.199105 
33.188213 
33.177322 
33.166430 
33.155539 
33.144647 
33.133756 
33.122865 
33.111973 
33.101082 
33.090190 
33.079299 
33.068407 
33.057516 
33.046624 
33.035733 
33.024841 
33.013950 
33.003058 
32.992167 
32.981275 
32.970384 
32.959493 
32.948601 
32.937710 
32.926818 
32.915927 
32.905035 
32.894144 
32.883252 
32.872361 
32.861469 
32.850578 
32.839686 
32.828795 
32.817903 
32.807012 
32.796120 
32.785229 
32.774338 
32.763446 
32.752555 
32.741663 
32.730772 
32.719880 
32.708989 
32.698097 
32.687206 
32.676314 
32.665423 
32.654531 
32.643640 
32.632748 
32.621857 
32.610966 
32.600074 
32.589183 
32.578291 
32.567400 
32.556508 
32.545617 
32.534725 
32.523834 
32.512942 
32.502051 
32.491159 
32.480268 
32.469376 
32.458485 
32.447594 
32.436702 
32.425811 
32.414919 
32.404028 
32.393136 
32.382245 
32.371353 
32.360462 
32.349570 
32.338679 
32.327787 
32.316896 
32.306004 
32.295113 
32.284222 
32.273330 
32.262439 
32.251547 
32.240656 
32.229764 
32.218873 
32.207981 
32.197090 
32.186198 
32.175307 
32.164415 
32.153524 
32.142632 
32.131741 
32.120850 
32.109958 
32.099067 
32.088175 
32.077284 
32.066392 
32.055501 
32.044609 
32.033718 
32.022826 
32.011935 
32.001043 
31.990152 
31.979260 
31.968369 
31.957478 
31.946586 
31.935695 
31.924803 
31.913912 
31.903020 
31.892129 
31.881237 
31.870346 
31.859454 
31.848563 
31.837671 
31.826780 
31.815888 
31.804997 
31.794105 
31.783214 
31.772323 
31.761431 
31.750540 
31.739648 
31.728757 
31.717865 
31.706974 
31.696082 
31.685191 
31.674299 
31.663408 
31.652516 
31.641625 
31.630733 
31.619842 
31.608951 
31.598059 
31.587168 
31.576276 
31.565385 
31.554493 
31.543602 
31.532710 
31.521819 
31.510927 
31.500036 
31.489144 
31.478253 
31.467361 
31.456470 
31.445579 
31.434687 
31.423796 
31.412904 
31.402013 
31.391121 
31.380230 
31.369338 
31.358447 
31.347555 
31.336664 
31.325772 
31.314881 
31.303989 
31.293098 
31.282207 
31.271315 
31.260424 
31.249532 
31.238641 
31.227749 
31.216858 
31.205966 
31.195075 
31.184183 
31.173292 
31.162400 
31.151509 
31.140617 
31.129726 
31.118835 
31.107943 
31.097052 
31.086160 
31.075269 
31.064377 
31.053486 
31.042594 
31.031703 
31.020811 
31.009920 
30.999028 
30.988137 
30.977245 
30.966354 
30.955463 
30.944571 
30.933680 
30.922788 
30.911897 
30.901005 
30.890114 
30.879222 
30.868331 
30.857439 
30.846548 
30.835656 
30.824765 
30.813873 
30.802982 
30.792091 
30.781199 
30.770308 
30.759416 
30.748525 
30.737633 
30.726742 
30.715850 
30.704959 
30.694067 
30.683176 
30.672284 
30.661393 
30.650501 
30.639610 
30.628718 
30.617827 
30.606936 
30.596044 
30.585153 
30.574261 
30.563370 
30.552478 
30.541587 
30.530695 
30.519804 
30.508912 
30.498021 
30.487129 
30.476238 
30.465346 
30.454455 
30.443564 
30.432672 
30.421781 
30.410889 
30.399998 
30.389106 
30.378215 
30.367323 
30.356432 
30.345540 
30.334649 
30.323757 
30.312866 
30.301974 
30.291083 
30.280192 
30.269300 
30.258409 
30.247517 
30.236626 
30.225734 
30.214843 
30.203951 
30.193060 
30.182168 
30.171277 
30.160385 
30.149494 
30.138602 
30.127711 
30.116820 
30.105928 
30.095037 
30.084145 
30.073254 
30.062362 
30.051471 
30.040579 
30.029688 
30.018796 
30.007905 
29.997013 
29.986122 
29.975230 
29.964339 
29.953448 
29.942556 
29.931665 
29.920773 
29.909882 
29.898990 
29.888099 
29.877207 
29.866316 
29.855424 
29.844533 
29.833641 
29.822750 
29.811858 
29.800967 
29.790076 
29.779184 
29.768293 
29.757401 
29.746510 
29.735618 
29.724727 
29.713835 
29.702944 
29.692052 
29.681161 
29.670269 
29.659378 
29.648486 
29.637595 
29.626704 
29.615812 
29.604921 
29.594029 
29.583138 
29.572246 
29.561355 
29.550463 
29.539572 
29.528680 
29.517789 
29.506897 
29.496006 
29.485114 
29.474223 
29.463331 
29.452440 
29.441549 
29.430657 
29.419766 
29.408874 
29.397983 
29.387091 
29.376200 
29.365308 
29.354417 
29.343525 
29.332634 
29.321742 
29.310851 
29.299959 
29.289068 
29.278177 
29.267285 
29.256394 
29.245502 
29.234611 
29.223719 
29.212828 
29.201936 
29.191045 
29.180153 
29.169262 
29.158370 
29.147479 
29.136587 
29.125696 
29.114805 
29.103913 
29.093022 
29.082130 
29.071239 
29.060347 
29.049456 
29.038564 
29.027673 
29.016781 
29.005890 
28.994998 
28.984107 
28.973215 
28.962324 
28.951433 
28.940541 
28.929650 
28.918758 
28.907867 
28.896975 
28.886084 
28.875192 
28.864301 
28.853409 
28.842518 
28.831626 
28.820735 
28.809843 
28.798952 
28.788061 
28.777169 
28.766278 
28.755386 
28.744495 
28.733603 
28.722712 
28.711820 
28.700929 
28.690037 
28.679146 
28.668254 
28.657363 
28.646471 
28.635580 
28.624689 
28.613797 
28.602906 
28.592014 
28.581123 
28.570231 
28.559340 
28.548448 
28.537557 
28.526665 
28.515774 
28.504882 
28.493991 
28.483099 
28.472208 
28.461316 
28.450425 
28.439534 
28.428642 
28.417751 
28.406859 
28.395968 
28.385076 
28.374185 
28.363293 
28.352402 
28.341510 
28.330619 
28.319727 
28.308836 
28.297944 
28.287053 
28.276162 
28.265270 
28.254379 
28.243487 
28.232596 
28.221704 
28.210813 
28.199921 
28.189030 
28.178138 
28.167247 
28.156355 
28.145464 
28.134572 
28.123681 
28.112790 
28.101898 
28.091007 
28.080115 
28.069224 
28.058332 
28.047441 
28.036549 
28.025658 
28.014766 
28.003875 
27.992983 
27.982092 
27.971200 
27.960309 
27.949418 
27.938526 
27.927635 
27.916743 
27.905852 
27.894960 
27.884069 
27.873177 
27.862286 
27.851394 
27.840503 
27.829611 
27.818720 
27.807828 
27.796937 
27.786046 
27.775154 
27.764263 
27.753371 
27.742480 
27.731588 
27.720697 
27.709805 
27.698914 
27.688022 
27.677131 
27.666239 
27.655348 
27.644456 
27.633565 
27.622674 
27.611782 
27.600891 
27.589999 
27.579108 
27.568216 
27.557325 
27.546433 
27.535542 
27.524650 
27.513759 
27.502867 
27.491976 
27.481084 
27.470193 
27.459302 
27.448410 
27.437519 
27.426627 
27.415736 
27.404844 
27.393953 
27.383061 
27.372170 
27.361278 
27.350387 
27.339495 
27.328604 
27.317712 
27.306821 
27.295929 
27.285038 
27.274147 
27.263255 
27.252364 
27.241472 
27.230581 
27.219689 
27.208798 
27.197906 
27.187015 
27.176123 
27.165232 
27.154340 
27.143449 
27.132557 
27.121666 
27.110775 
27.099883 
27.088992 
27.078100 
27.067209 
27.056317 
27.045426 
27.034534 
27.023643 
27.012751 
27.001860 
26.990968 
26.980077 
26.969185 
26.958294 
26.947403 
26.936511 
26.925620 
26.914728 
26.903837 
26.892945 
26.882054 
26.871162 
26.860271 
26.849379 
26.838488 
26.827596 
26.816705 
26.805813 
26.794922 
26.784031 
26.773139 
26.762248 
26.751356 
26.740465 
26.729573 
26.718682 
26.707790 
26.696899 
26.686007 
26.675116 
26.664224 
26.653333 
26.642441 
26.631550 
26.620659 
26.609767 
26.598876 
26.587984 
26.577093 
26.566201 
26.555310 
26.544418 
26.533527 
26.522635 
26.511744 
26.500852 
26.489961 
26.479069 
26.468178 
26.457287 
26.446395 
26.435504 
26.424612 
26.413721 
26.402829 
26.391938 
26.381046 
26.370155 
26.359263 
26.348372 
26.337480 
26.326589 
26.315697 
26.304806 
26.293914 
26.283023 
26.272132 
26.261240 
26.250349 
26.239457 
26.228566 
26.217674 
26.206783 
26.195891 
26.185000 
26.174108 
26.163217 
26.152325 
26.141434 
26.130542 
26.119651 
26.108760 
26.097868 
26.086977 
26.076085 
26.065194 
26.054302 
26.043411 
26.032519 
26.021628 
26.010736 
25.999845 
25.988953 
25.978062 
25.967170 
25.956279 
25.945388 
25.934496 
25.923605 
25.912713 
25.901822 
25.890930 
25.880039 
25.869147 
25.858256 
25.847364 
25.836473 
25.825581 
25.814690 
25.803798 
25.792907 
25.782016 
25.771124 
25.760233 
25.749341 
25.738450 
25.727558 
25.716667 
25.705775 
25.694884 
25.683992 
25.673101 
25.662209 
25.651318 
25.640426 
25.629535 
25.618644 
25.607752 
25.596861 
25.585969 
25.575078 
25.564186 
25.553295 
25.542403 
25.531512 
25.520620 
25.509729 
25.498837 
25.487946 
25.477054 
25.466163 
25.455272 
25.444380 
25.433489 
25.422597 
25.411706 
25.400814 
25.389923 
25.379031 
25.368140 
25.357248 
25.346357 
25.335465 
25.324574 
25.313682 
25.302791 
25.291900 
25.281008 
25.270117 
25.259225 
25.248334 
25.237442 
25.226551 
25.215659 
25.204768 
25.193876 
25.182985 
25.172093 
25.161202 
25.150310 
25.139419 
25.128527 
25.117636 
25.106745 
25.095853 
25.084962 
25.074070 
25.063179 
25.052287 
25.041396 
25.030504 
25.019613 
25.008721 
24.997830 
24.986938 
24.976047 
24.965155 
24.954264 
24.943373 
24.932481 
24.921590 
24.910698 
24.899807 
24.888915 
24.878024 
24.867132 
24.856241 
24.845349 
24.834458 
24.823566 
24.812675 
24.801783 
24.790892 
24.780001 
24.769109 
24.758218 
24.747326 
24.736435 
24.725543 
24.714652 
24.703760 
24.692869 
24.681977 
24.671086 
24.660194 
24.649303 
24.638411 
24.627520 
24.616629 
24.605737 
24.594846 
24.583954 
24.573063 
24.562171 
24.551280 
24.540388 
24.529497 
24.518605 
24.507714 
24.496822 
24.485931 
24.475039 
24.464148 
24.453257 
24.442365 
24.431474 
24.420582 
24.409691 
24.398799 
24.387908 
24.377016 
24.366125 
24.355233 
24.344342 
24.333450 
24.322559 
24.311667 
24.300776 
24.289885 
24.278993 
24.268102 
24.257210 
24.246319 
24.235427 
24.224536 
24.213644 
24.202753 
24.191861 
24.180970 
24.170078 
24.159187 
24.148295 
24.137404 
24.126512 
24.115621 
24.104730 
24.093838 
24.082947 
24.072055 
24.061164 
24.050272 
24.039381 
24.028489 
24.017598 
24.006706 
23.995815 
23.984923 
23.974032 
23.963140 
23.952249 
23.941358 
23.930466 
23.919575 
23.908683 
23.897792 
23.886900 
23.876009 
23.865117 
23.854226 
23.843334 
23.832443 
23.821551 
23.810660 
23.799768 
23.788877 
23.777986 
23.767094 
23.756203 
23.745311 
23.734420 
23.723528 
23.712637 
23.701745 
23.690854 
23.679962 
23.669071 
23.658179 
23.647288 
23.636396 
23.625505 
23.614614 
23.603722 
23.592831 
23.581939 
23.571048 
23.560156 
23.549265 
23.538373 
23.527482 
23.516590 
23.505699 
23.494807 
23.483916 
23.473024 
23.462133 
23.451242 
23.440350 
23.429459 
23.418567 
23.407676 
23.396784 
23.385893 
23.375001 
23.364110 
23.353218 
23.342327 
23.331435 
23.320544 
23.309652 
23.298761 
23.287870 
23.276978 
23.266087 
23.255195 
23.244304 
23.233412 
23.222521 
23.211629 
23.200738 
23.189846 
23.178955 
23.168063 
23.157172 
23.146280 
23.135389 
23.124498 
23.113606 
23.102715 
23.091823 
23.080932 
23.070040 
23.059149 
23.048257 
23.037366 
23.026474 
23.015583 
23.004691 
22.993800 
22.982908 
22.972017 
22.961125 
22.950234 
22.939343 
22.928451 
22.917560 
22.906668 
22.895777 
22.884885 
22.873994 
22.863102 
22.852211 
22.841319 
22.830428 
22.819536 
22.808645 
22.797753 
22.786862 
22.775971 
22.765079 
22.754188 
22.743296 
22.732405 
22.721513 
22.710622 
22.699730 
22.688839 
22.677947 
22.667056 
22.656164 
22.645273 
22.634381 
22.623490 
22.612599 
22.601707 
22.590816 
22.579924 
22.569033 
22.558141 
22.547250 
22.536358 
22.525467 
22.514575 
22.503684 
22.492792 
22.481901 
22.471009 
22.460118 
22.449227 
22.438335 
22.427444 
22.416552 
22.405661 
22.394769 
22.383878 
22.372986 
22.362095 
22.351203 
22.340312 
22.329420 
22.318529 
22.307637 
22.296746 
22.285855 
22.274963 
22.264072 
22.253180 
22.242289 
22.231397 
22.220506 
22.209614 
22.198723 
22.187831 
22.176940 
22.166048 
22.155157 
22.144265 
22.133374 
22.122483 
22.111591 
22.100700 
22.089808 
22.078917 
22.068025 
22.057134 
22.046242 
22.035351 
22.024459 
22.013568 
22.002676 
21.991785 
21.980893 
21.970002 
21.959110 
21.948219 
21.937328 
21.926436 
21.915545 
21.904653 
21.893762 
21.882870 
21.871979 
21.861087 
21.850196 
21.839304 
21.828413 
21.817521 
21.806630 
21.795738 
21.784847 
21.773956 
21.763064 
21.752173 
21.741281 
21.730390 
21.719498 
21.708607 
21.697715 
21.686824 
21.675932 
21.665041 
21.654149 
21.643258 
21.632366 
21.621475 
21.610584 
21.599692 
21.588801 
21.577909 
21.567018 
21.556126 
21.545235 
21.534343 
21.523452 
21.512560 
21.501669 
21.490777 
21.479886 
21.468994 
21.458103 
21.447212 
21.436320 
21.425429 
21.414537 
21.403646 
21.392754 
21.381863 
21.370971 
21.360080 
21.349188 
21.338297 
21.327405 
21.316514 
21.305622 
21.294731 
21.283840 
21.272948 
21.262057 
21.251165 
21.240274 
21.229382 
21.218491 
21.207599 
21.196708 
21.185816 
21.174925 
21.164033 
21.153142 
21.142250 
21.131359 
21.120468 
21.109576 
21.098685 
21.087793 
21.076902 
21.066010 
21.055119 
21.044227 
21.033336 
21.022444 
21.011553 
21.000661 
20.989770 
20.978878 
20.967987 
20.957096 
20.946204 
20.935313 
20.924421 
20.913530 
20.902638 
20.891747 
20.880855 
20.869964 
20.859072 
20.848181 
20.837289 
20.826398 
20.815506 
20.804615 
20.793723 
20.782832 
20.771941 
20.761049 
20.750158 
20.739266 
20.728375 
20.717483 
20.706592 
20.695700 
20.684809 
20.673917 
20.663026 
20.652134 
20.641243 
20.630351 
20.619460 
20.608569 
20.597677 
20.586786 
20.575894 
20.565003 
20.554111 
20.543220 
20.532328 
20.521437 
20.510545 
20.499654 
20.488762 
20.477871 
20.466979 
20.456088 
20.445197 
20.434305 
20.423414 
20.412522 
20.401631 
20.390739 
20.379848 
20.368956 
20.358065 
20.347173 
20.336282 
20.325390 
20.314499 
20.303607 
20.292716 
20.281825 
20.270933 
20.260042 
20.249150 
20.238259 
20.227367 
20.216476 
20.205584 
20.194693 
20.183801 
20.172910 
20.162018 
20.151127 
20.140235 
20.129344 
20.118453 
20.107561 
20.096670 
20.085778 
20.074887 
20.063995 
20.053104 
20.042212 
20.031321 
20.020429 
20.009538 
19.998646 
19.987755 
19.976863 
19.965972 
19.955081 
19.944189 
19.933298 
19.922406 
19.911515 
19.900623 
19.889732 
19.878840 
19.867949 
19.857057 
19.846166 
19.835274 
19.824383 
19.813491 
19.802600 
19.791708 
19.780817 
19.769926 
19.759034 
19.748143 
19.737251 
19.726360 
19.715468 
19.704577 
19.693685 
19.682794 
19.671902 
19.661011 
19.650119 
19.639228 
19.628336 
19.617445 
19.606554 
19.595662 
19.584771 
19.573879 
19.562988 
19.552096 
19.541205 
19.530313 
19.519422 
19.508530 
19.497639 
19.486747 
19.475856 
19.464964 
19.454073 
19.443182 
19.432290 
19.421399 
19.410507 
19.399616 
19.388724 
19.377833 
19.366941 
19.356050 
19.345158 
19.334267 
19.323375 
19.312484 
19.301592 
19.290701 
19.279810 
19.268918 
19.258027 
19.247135 
19.236244 
19.225352 
19.214461 
19.203569 
19.192678 
19.181786 
19.170895 
19.160003 
19.149112 
19.138220 
19.127329 
19.116438 
19.105546 
19.094655 
19.083763 
19.072872 
19.061980 
19.051089 
19.040197 
19.029306 
19.018414 
19.007523 
18.996631 
18.985740 
18.974848 
18.963957 
18.953066 
18.942174 
18.931283 
18.920391 
18.909500 
18.898608 
18.887717 
18.876825 
18.865934 
18.855042 
18.844151 
18.833259 
18.822368 
18.811476 
18.800585 
18.789694 
18.778802 
18.767911 
18.757019 
18.746128 
18.735236 
18.724345 
18.713453 
18.702562 
18.691670 
18.680779 
18.669887 
18.658996 
18.648104 
18.637213 
18.626321 
18.615430 
18.604539 
18.593647 
18.582756 
18.571864 
18.560973 
18.550081 
18.539190 
18.528298 
18.517407 
18.506515 
18.495624 
18.484732 
18.473841 
18.462949 
18.452058 
18.441167 
18.430275 
18.419384 
18.408492 
18.397601 
18.386709 
18.375818 
18.364926 
18.354035 
18.343143 
18.332252 
18.321360 
18.310469 
18.299577 
18.288686 
18.277795 
18.266903 
18.256012 
18.245120 
18.234229 
18.223337 
18.212446 
18.201554 
18.190663 
18.179771 
18.168880 
18.157988 
18.147097 
18.136205 
18.125314 
18.114423 
18.103531 
18.092640 
18.081748 
18.070857 
18.059965 
18.049074 
18.038182 
18.027291 
18.016399 
18.005508 
17.994616 
17.983725 
17.972833 
17.961942 
17.951051 
17.940159 
17.929268 
17.918376 
17.907485 
17.896593 
17.885702 
17.874810 
17.863919 
17.853027 
17.842136 
17.831244 
17.820353 
17.809461 
17.798570 
17.787679 
17.776787 
17.765896 
17.755004 
17.744113 
17.733221 
17.722330 
17.711438 
17.700547 
17.689655 
17.678764 
17.667872 
17.656981 
17.646089 
17.635198 
17.624306 
17.613415 
17.602524 
17.591632 
17.580741 
17.569849 
17.558958 
17.548066 
17.537175 
17.526283 
17.515392 
17.504500 
17.493609 
17.482717 
17.471826 
17.460934 
17.450043 
17.439152 
17.428260 
17.417369 
17.406477 
17.395586 
17.384694 
17.373803 
17.362911 
17.352020 
17.341128 
17.330237 
17.319345 
17.308454 
17.297562 
17.286671 
17.275780 
17.264888 
17.253997 
17.243105 
17.232214 
17.221322 
17.210431 
17.199539 
17.188648 
17.177756 
17.166865 
17.155973 
17.145082 
17.134190 
17.123299 
17.112408 
17.101516 
17.090625 
17.079733 
17.068842 
17.057950 
17.047059 
17.036167 
17.025276 
17.014384 
17.003493 
16.992601 
16.981710 
16.970818 
16.959927 
16.949036 
16.938144 
16.927253 
16.916361 
16.905470 
16.894578 
16.883687 
16.872795 
16.861904 
16.851012 
16.840121 
16.829229 
16.818338 
16.807446 
16.796555 
16.785664 
16.774772 
16.763881 
16.752989 
16.742098 
16.731206 
16.720315 
16.709423 
16.698532 
16.687640 
16.676749 
16.665857 
16.654966 
16.644074 
16.633183 
16.622292 
16.611400 
16.600509 
16.589617 
16.578726 
16.567834 
16.556943 
16.546051 
16.535160 
16.524268 
16.513377 
16.502485 
16.491594 
16.480702 
16.469811 
16.458919 
16.448028 
16.437137 
16.426245 
16.415354 
16.404462 
16.393571 
16.382679 
16.371788 
16.360896 
16.350005 
16.339113 
16.328222 
16.317330 
16.306439 
16.295547 
16.284656 
16.273765 
16.262873 
16.251982 
16.241090 
16.230199 
16.219307 
16.208416 
16.197524 
16.186633 
16.175741 
16.164850 
16.153958 
16.143067 
16.132175 
16.121284 
16.110393 
16.099501 
16.088610 
16.077718 
16.066827 
16.055935 
16.045044 
16.034152 
16.023261 
16.012369 
16.001478 
15.990586 
15.979695 
15.968803 
15.957912 
15.947021 
15.936129 
15.925238 
15.914346 
15.903455 
15.892563 
15.881672 
15.870780 
15.859889 
15.848997 
15.838106 
15.827214 
15.816323 
15.805431 
15.794540 
15.783649 
15.772757 
15.761866 
15.750974 
15.740083 
15.729191 
15.718300 
15.707408 
15.696517 
15.685625 
15.674734 
15.663842 
15.652951 
15.642059 
15.631168 
15.620277 
15.609385 
15.598494 
15.587602 
15.576711 
15.565819 
15.554928 
15.544036 
15.533145 
15.522253 
15.511362 
15.500470 
15.489579 
15.478687 
15.467796 
15.456905 
15.446013 
15.435122 
15.424230 
15.413339 
15.402447 
15.391556 
15.380664 
15.369773 
15.358881 
15.347990 
15.337098 
15.326207 
15.315315 
15.304424 
15.293532 
15.282641 
15.271750 
15.260858 
15.249967 
15.239075 
15.228184 
15.217292 
15.206401 
15.195509 
15.184618 
15.173726 
15.162835 
15.151943 
15.141052 
15.130160 
15.119269 
15.108378 
15.097486 
15.086595 
15.075703 
15.064812 
15.053920 
15.043029 
15.032137 
15.021246 
15.010354 
14.999463 
14.988571 
14.977680 
14.966788 
14.955897 
14.945006 
14.934114 
14.923223 
14.912331 
14.901440 
14.890548 
14.879657 
14.868765 
14.857874 
14.846982 
14.836091 
14.825199 
14.814308 
14.803416 
14.792525 
14.781634 
14.770742 
14.759851 
14.748959 
14.738068 
14.727176 
14.716285 
14.705393 
14.694502 
14.683610 
14.672719 
14.661827 
14.650936 
14.640044 
14.629153 
14.618262 
14.607370 
14.596479 
14.585587 
14.574696 
14.563804 
14.552913 
14.542021 
14.531130 
14.520238 
14.509347 
14.498455 
14.487564 
14.476672 
14.465781 
14.454890 
14.443998 
14.433107 
14.422215 
14.411324 
14.400432 
14.389541 
14.378649 
14.367758 
14.356866 
14.345975 
14.335083 
14.324192 
14.313300 
14.302409 
14.291517 
14.280626 
14.269735 
14.258843 
14.247952 
14.237060 
14.226169 
14.215277 
14.204386 
14.193494 
14.182603 
14.171711 
14.160820 
14.149928 
14.139037 
14.128145 
14.117254 
14.106363 
14.095471 
14.084580 
14.073688 
14.062797 
14.051905 
14.041014 
14.030122 
14.019231 
14.008339 
13.997448 
13.986556 
13.975665 
13.964773 
13.953882 
13.942991 
13.932099 
13.921208 
13.910316 
13.899425 
13.888533 
13.877642 
13.866750 
13.855859 
13.844967 
13.834076 
13.823184 
13.812293 
13.801401 
13.790510 
13.779619 
13.768727 
13.757836 
13.746944 
13.736053 
13.725161 
13.714270 
13.703378 
13.692487 
13.681595 
13.670704 
13.659812 
13.648921 
13.638029 
13.627138 
13.616247 
13.605355 
13.594464 
13.583572 
13.572681 
13.561789 
13.550898 
13.540006 
13.529115 
13.518223 
13.507332 
13.496440 
13.485549 
13.474657 
13.463766 
13.452875 
13.441983 
13.431092 
13.420200 
13.409309 
13.398417 
13.387526 
13.376634 
13.365743 
13.354851 
13.343960 
13.333068 
13.322177 
13.311285 
13.300394 
13.289503 
13.278611 
13.267720 
13.256828 
13.245937 
13.235045 
13.224154 
13.213262 
13.202371 
13.191479 
13.180588 
13.169696 
13.158805 
13.147913 
13.137022 
13.126130 
13.115239 
13.104348 
13.093456 
13.082565 
13.071673 
13.060782 
13.049890 
13.038999 
13.028107 
13.017216 
13.006324 
12.995433 
12.984541 
12.973650 
12.962758 
12.951867 
12.940976 
12.930084 
12.919193 
12.908301 
12.897410 
12.886518 
12.875627 
12.864735 
12.853844 
12.842952 
12.832061 
12.821169 
12.810278 
12.799386 
12.788495 
12.777604 
12.766712 
12.755821 
12.744929 
12.734038 
12.723146 
12.712255 
12.701363 
12.690472 
12.679580 
12.668689 
12.657797 
12.646906 
12.636014 
12.625123 
12.614232 
12.603340 
12.592449 
12.581557 
12.570666 
12.559774 
12.548883 
12.537991 
12.527100 
12.516208 
12.505317 
12.494425 
12.483534 
12.472642 
12.461751 
12.450860 
12.439968 
12.429077 
12.418185 
12.407294 
12.396402 
12.385511 
12.374619 
12.363728 
12.352836 
12.341945 
12.331053 
12.320162 
12.309270 
12.298379 
12.287488 
12.276596 
12.265705 
12.254813 
12.243922 
12.233030 
12.222139 
12.211247 
12.200356 
12.189464 
12.178573 
12.167681 
12.156790 
12.145898 
12.135007 
12.124115 
12.113224 
12.102333 
12.091441 
12.080550 
12.069658 
12.058767 
12.047875 
12.036984 
12.026092 
12.015201 
12.004309 
11.993418 
11.982526 
11.971635 
11.960743 
11.949852 
11.938961 
11.928069 
11.917178 
11.906286 
11.895395 
11.884503 
11.873612 
11.862720 
11.851829 
11.840937 
11.830046 
11.819154 
11.808263 
11.797371 
11.786480 
11.775589 
11.764697 
11.753806 
11.742914 
11.732023 
11.721131 
11.710240 
11.699348 
11.688457 
11.677565 
11.666674 
11.655782 
11.644891 
11.633999 
11.623108 
11.612217 
11.601325 
11.590434 
11.579542 
11.568651 
11.557759 
11.546868 
11.535976 
11.525085 
11.514193 
11.503302 
11.492410 
11.481519 
11.470627 
11.459736 
11.448845 
11.437953 
11.427062 
11.416170 
11.405279 
11.394387 
11.383496 
11.372604 
11.361713 
11.350821 
11.339930 
11.329038 
11.318147 
11.307255 
11.296364 
11.285473 
11.274581 
11.263690 
11.252798 
11.241907 
11.231015 
11.220124 
11.209232 
11.198341 
11.187449 
11.176558 
11.165666 
11.154775 
11.143883 
11.132992 
11.122101 
11.111209 
11.100318 
11.089426 
11.078535 
11.067643 
11.056752 
11.045860 
11.034969 
11.024077 
11.013186 
11.002294 
10.991403 
10.980511 
10.969620 
10.958728 
10.947837 
10.936946 
10.926054 
10.915163 
10.904271 
10.893380 
10.882488 
10.871597 
10.860705 
10.849814 
10.838922 
10.828031 
10.817139 
10.806248 
10.795356 
10.784465 
10.773574 
10.762682 
10.751791 
10.740899 
10.730008 
10.719116 
10.708225 
10.697333 
10.686442 
10.675550 
10.664659 
10.653767 
10.642876 
10.631984 
10.621093 
10.610202 
10.599310 
10.588419 
10.577527 
10.566636 
10.555744 
10.544853 
10.533961 
10.523070 
10.512178 
10.501287 
10.490395 
10.479504 
10.468612 
10.457721 
10.446830 
10.435938 
10.425047 
10.414155 
10.403264 
10.392372 
10.381481 
10.370589 
10.359698 
10.348806 
10.337915 
10.327023 
10.316132 
10.305240 
10.294349 
10.283458 
10.272566 
10.261675 
10.250783 
10.239892 
10.229000 
10.218109 
10.207217 
10.196326 
10.185434 
10.174543 
10.163651 
10.152760 
10.141868 
10.130977 
10.120086 
10.109194 
10.098303 
10.087411 
10.076520 
10.065628 
10.054737 
10.043845 
10.032954 
10.022062 
10.011171 
10.000279 
9.989388 
9.978496 
9.967605 
9.956713 
9.945822 
9.934931 
9.924039 
9.913148 
9.902256 
9.891365 
9.880473 
9.869582 
9.858690 
9.847799 
9.836907 
9.826016 
9.815124 
9.804233 
9.793341 
9.782450 
9.771559 
9.760667 
9.749776 
9.738884 
9.727993 
9.717101 
9.706210 
9.695318 
9.684427 
9.673535 
9.662644 
9.651752 
9.640861 
9.629969 
9.619078 
9.608187 
9.597295 
9.586404 
9.575512 
9.564621 
9.553729 
9.542838 
9.531946 
9.521055 
9.510163 
9.499272 
9.488380 
9.477489 
9.466597 
9.455706 
9.444815 
9.433923 
9.423032 
9.412140 
9.401249 
9.390357 
9.379466 
9.368574 
9.357683 
9.346791 
9.335900 
9.325008 
9.314117 
9.303225 
9.292334 
9.281443 
9.270551 
9.259660 
9.248768 
9.237877 
9.226985 
9.216094 
9.205202 
9.194311 
9.183419 
9.172528 
9.161636 
9.150745 
9.139853 
9.128962 
9.118071 
9.107179 
9.096288 
9.085396 
9.074505 
9.063613 
9.052722 
9.041830 
9.030939 
9.020047 
9.009156 
8.998264 
8.987373 
8.976481 
8.965590 
8.954699 
8.943807 
8.932916 
8.922024 
8.911133 
8.900241 
8.889350 
8.878458 
8.867567 
8.856675 
8.845784 
8.834892 
8.824001 
8.813109 
8.802218 
8.791326 
8.780435 
8.769544 
8.758652 
8.747761 
8.736869 
8.725978 
8.715086 
8.704195 
8.693303 
8.682412 
8.671520 
8.660629 
8.649737 
8.638846 
8.627954 
8.617063 
8.606172 
8.595280 
8.584389 
8.573497 
8.562606 
8.551714 
8.540823 
8.529931 
8.519040 
8.508148 
8.497257 
8.486365 
8.475474 
8.464582 
8.453691 
8.442800 
8.431908 
8.421017 
8.410125 
8.399234 
8.388342 
8.377451 
8.366559 
8.355668 
8.344776 
8.333885 
8.322993 
8.312102 
8.301210 
8.290319 
8.279428 
8.268536 
8.257645 
8.246753 
8.235862 
8.224970 
8.214079 
8.203187 
8.192296 
8.181404 
8.170513 
8.159621 
8.148730 
8.137838 
8.126947 
8.116056 
8.105164 
8.094273 
8.083381 
8.072490 
8.061598 
8.050707 
8.039815 
8.028924 
8.018032 
8.007141 
7.996249 
7.985358 
7.974466 
7.963575 
7.952684 
7.941792 
7.930901 
7.920009 
7.909118 
7.898226 
7.887335 
7.876443 
7.865552 
7.854660 
7.843769 
7.832877 
7.821986 
7.811094 
7.800203 
7.789311 
7.778420 
7.767529 
7.756637 
7.745746 
7.734854 
7.723963 
7.713071 
7.702180 
7.691288 
7.680397 
7.669505 
7.658614 
7.647722 
7.636831 
7.625939 
7.615048 
7.604157 
7.593265 
7.582374 
7.571482 
7.560591 
7.549699 
7.538808 
7.527916 
7.517025 
7.506133 
7.495242 
7.484350 
7.473459 
7.462567 
7.451676 
7.440785 
7.429893 
7.419002 
7.408110 
7.397219 
7.386327 
7.375436 
7.364544 
7.353653 
7.342761 
7.331870 
7.320978 
7.310087 
7.299195 
7.288304 
7.277413 
7.266521 
7.255630 
7.244738 
7.233847 
7.222955 
7.212064 
7.201172 
7.190281 
7.179389 
7.168498 
7.157606 
7.146715 
7.135823 
7.124932 
7.114041 
7.103149 
7.092258 
7.081366 
7.070475 
7.059583 
7.048692 
7.037800 
7.026909 
7.016017 
7.005126 
6.994234 
6.983343 
6.972451 
6.961560 
6.950669 
6.939777 
6.928886 
6.917994 
6.907103 
6.896211 
6.885320 
6.874428 
6.863537 
6.852645 
6.841754 
6.830862 
6.819971 
6.809079 
6.798188 
6.787297 
6.776405 
6.765514 
6.754622 
6.743731 
6.732839 
6.721948 
6.711056 
6.700165 
6.689273 
6.678382 
6.667490 
6.656599 
6.645707 
6.634816 
6.623924 
6.613033 
6.602142 
6.591250 
6.580359 
6.569467 
6.558576 
6.547684 
6.536793 
6.525901 
6.515010 
6.504118 
6.493227 
6.482335 
6.471444 
6.460552 
6.449661 
6.438770 
6.427878 
6.416987 
6.406095 
6.395204 
6.384312 
6.373421 
6.362529 
6.351638 
6.340746 
6.329855 
6.318963 
6.308072 
6.297180 
6.286289 
6.275398 
6.264506 
6.253615 
6.242723 
6.231832 
6.220940 
6.210049 
6.199157 
6.188266 
6.177374 
6.166483 
6.155591 
6.144700 
6.133808 
6.122917 
6.112026 
6.101134 
6.090243 
6.079351 
6.068460 
6.057568 
6.046677 
6.035785 
6.024894 
6.014002 
6.003111 
5.992219 
5.981328 
5.970436 
5.959545 
5.948654 
5.937762 
5.926871 
5.915979 
5.905088 
5.894196 
5.883305 
5.872413 
5.861522 
5.850630 
5.839739 
5.828847 
5.817956 
5.807064 
5.796173 
5.785282 
5.774390 
5.763499 
5.752607 
5.741716 
5.730824 
5.719933 
5.709041 
5.698150 
5.687258 
5.676367 
5.665475 
5.654584 
5.643692 
5.632801 
5.621909 
5.611018 
5.600127 
5.589235 
5.578344 
5.567452 
5.556561 
5.545669 
5.534778 
5.523886 
5.512995 
5.502103 
5.491212 
5.480320 
5.469429 
5.458537 
5.447646 
5.436755 
5.425863 
5.414972 
5.404080 
5.393189 
5.382297 
5.371406 
5.360514 
5.349623 
5.338731 
5.327840 
5.316948 
5.306057 
5.295165 
5.284274 
5.273383 
5.262491 
5.251600 
5.240708 
5.229817 
5.218925 
5.208034 
5.197142 
5.186251 
5.175359 
5.164468 
5.153576 
5.142685 
5.131793 
5.120902 
5.110011 
5.099119 
5.088228 
5.077336 
5.066445 
5.055553 
5.044662 
5.033770 
5.022879 
5.011987 
5.001096 
4.990204 
4.979313 
4.968421 
4.957530 
4.946639 
4.935747 
4.924856 
4.913964 
4.903073 
4.892181 
4.881290 
4.870398 
4.859507 
4.848615 
4.837724 
4.826832 
4.815941 
4.805049 
4.794158 
4.783267 
4.772375 
4.761484 
4.750592 
4.739701 
4.728809 
4.717918 
4.707026 
4.696135 
4.685243 
4.674352 
4.663460 
4.652569 
4.641677 
4.630786 
4.619895 
4.609003 
4.598112 
4.587220 
4.576329 
4.565437 
4.554546 
4.543654 
4.532763 
4.521871 
4.510980 
4.500088 
4.489197 
4.478305 
4.467414 
4.456522 
4.445631 
4.434740 
4.423848 
4.412957 
4.402065 
4.391174 
4.380282 
4.369391 
4.358499 
4.347608 
4.336716 
4.325825 
4.314933 
4.304042 
4.293150 
4.282259 
4.271368 
4.260476 
4.249585 
4.238693 
4.227802 
4.216910 
4.206019 
4.195127 
4.184236 
4.173344 
4.162453 
4.151561 
4.140670 
4.129778 
4.118887 
4.107996 
4.097104 
4.086213 
4.075321 
4.064430 
4.053538 
4.042647 
4.031755 
4.020864 
4.009972 
3.999081 
3.988189 
3.977298 
3.966406 
3.955515 
3.944624 
3.933732 
3.922841 
3.911949 
3.901058 
3.890166 
3.879275 
3.868383 
3.857492 
3.846600 
3.835709 
3.824817 
3.813926 
3.803034 
3.792143 
3.781252 
3.770360 
3.759469 
3.748577 
3.737686 
3.726794 
3.715903 
3.705011 
3.694120 
3.683228 
3.672337 
3.661445 
3.650554 
3.639662 
3.628771 
3.617880 
3.606988 
3.596097 
3.585205 
3.574314 
3.563422 
3.552531 
3.541639 
3.530748 
3.519856 
3.508965 
3.498073 
3.487182 
3.476290 
3.465399 
3.454507 
3.443616 
3.432725 
3.421833 
3.410942 
3.400050 
3.389159 
3.378267 
3.367376 
3.356484 
3.345593 
3.334701 
3.323810 
3.312918 
3.302027 
3.291135 
3.280244 
3.269353 
3.258461 
3.247570 
3.236678 
3.225787 
3.214895 
3.204004 
3.193112 
3.182221 
3.171329 
3.160438 
3.149546 
3.138655 
3.127763 
3.116872 
3.105981 
3.095089 
3.084198 
3.073306 
3.062415 
3.051523 
3.040632 
3.029740 
3.018849 
3.007957 
2.997066 
2.986174 
2.975283 
2.964391 
2.953500 
2.942609 
2.931717 
2.920826 
2.909934 
2.899043 
2.888151 
2.877260 
2.866368 
2.855477 
2.844585 
2.833694 
2.822802 
2.811911 
2.801019 
2.790128 
2.779237 
2.768345 
2.757454 
2.746562 
2.735671 
2.724779 
2.713888 
2.702996 
2.692105 
2.681213 
2.670322 
2.659430 
2.648539 
2.637647 
2.626756 
2.615865 
2.604973 
2.594082 
2.583190 
2.572299 
2.561407 
2.550516 
2.539624 
2.528733 
2.517841 
2.506950 
2.496058 
2.485167 
2.474275 
2.463384 
2.452493 
2.441601 
2.430710 
2.419818 
2.408927 
2.398035 
2.387144 
2.376252 
2.365361 
2.354469 
2.343578 
2.332686 
2.321795 
2.310903 
2.300012 
2.289120 
2.278229 
2.267338 
2.256446 
2.245555 
2.234663 
2.223772 
2.212880 
2.201989 
2.191097 
2.180206 
2.169314 
2.158423 
2.147531 
2.136640 
2.125748 
2.114857 
2.103966 
2.093074 
2.082183 
2.071291 
2.060400 
2.049508 
2.038617 
2.027725 
2.016834 
2.005942 
1.995051 
1.984159 
1.973268 
1.962376 
1.951485 
1.940594 
1.929702 
1.918811 
1.907919 
1.897028 
1.886136 
1.875245 
1.864353 
1.853462 
1.842570 
1.831679 
1.820787 
1.809896 
1.799004 
1.788113 
1.777222 
1.766330 
1.755439 
1.744547 
1.733656 
1.722764 
1.711873 
1.700981 
1.690090 
1.679198 
1.668307 
1.657415 
1.646524 
1.635632 
1.624741 
1.613850 
1.602958 
1.592067 
1.581175 
1.570284 
1.559392 
1.548501 
1.537609 
1.526718 
1.515826 
1.504935 
1.494043 
1.483152 
1.472260 
1.461369 
1.450478 
1.439586 
1.428695 
1.417803 
1.406912 
1.396020 
1.385129 
1.374237 
1.363346 
1.352454 
1.341563 
1.330671 
1.319780 
1.308888 
1.297997 
1.287106 
1.276214 
1.265323 
1.254431 
1.243540 
1.232648 
1.221757 
1.210865 
1.199974 
1.189082 
1.178191 
1.167299 
1.156408 
1.145516 
1.134625 
1.123733 
1.112842 
1.101951 
1.091059 
1.080168 
1.069276 
1.058385 
1.047493 
1.036602 
1.025710 
1.014819 
1.003927 
0.993036 
0.982144 
0.971253 
0.960361 
0.949470 
0.938579 
0.927687 
0.916796 
0.905904 
0.895013 
0.884121 
0.873230 
0.862338 
0.851447 
0.840555 
0.829664 
0.818772 
0.807881 
0.796989 
0.786098 
0.775207 
0.764315 
0.753424 
0.742532 
0.731641 
0.720749 
0.709858 
0.698966 
0.688075 
0.677183 
0.666292 
0.655400 
0.644509 
0.633617 
0.622726 
0.611835 
0.600943 
0.590052 
0.579160 
0.568269 
0.557377 
0.546486 
0.535594 
0.524703 
0.513811 
0.502920 
0.492028 
0.481137 
0.470245 
0.459354 
0.448463 
0.437571 
0.426680 
0.415788 
0.404897 
0.394005 
0.383114 
0.372222 
0.361331 
0.350439 
0.339548 
0.328656 
0.317765 
0.306873 
0.295982 
0.285091 
0.274199 
0.263308 
0.252416 
0.241525 
0.230633 
0.219742 
0.208850 
0.197959 
0.187067 
0.176176 
0.165284 
0.154393 
0.143501 
0.132610 
0.121718 
0.110827 
0.099936 
0.089044 
0.078153 
0.067261 
0.056370 
0.045478 
0.034587 
0.023695 
0.012804 
0.001912 
-0.008979 
-0.019871 
-0.030762 
-0.041654 
-0.052545 
-0.063436 
-0.074328 
-0.085219 
-0.096111 
-0.107002 
-0.117894 
-0.128785 
-0.139677 
-0.150568 
-0.161460 
-0.172351 
-0.183243 
-0.194134 
-0.205026 
-0.215917 
-0.226808 
-0.237700 
-0.248591 
-0.259483 
-0.270374 
-0.281266 
-0.292157 
-0.303049 
-0.313940 
-0.324832 
-0.335723 
-0.346615 
-0.357506 
-0.368398 
-0.379289 
-0.390180 
-0.401072 
-0.411963 
-0.422855 
