330.096951 
330.090518 
330.084085 
330.077651 
330.071217 
330.064782 
330.058347 
330.051911 
330.045475 
330.039038 
330.032600 
330.026162 
330.019724 
330.013285 
330.006845 
330.000405 
329.993964 
329.987523 
329.981081 
329.974639 
329.968196 
329.961752 
329.955308 
329.948864 
329.942419 
329.935973 
329.929527 
329.923080 
329.916633 
329.910185 
329.903737 
329.897288 
329.890839 
329.884389 
329.877938 
329.871487 
329.865036 
329.858584 
329.852131 
329.845678 
329.839224 
329.832770 
329.826315 
329.819860 
329.813404 
329.806947 
329.800490 
329.794033 
329.787574 
329.781116 
329.774657 
329.768197 
329.761737 
329.755276 
329.748814 
329.742352 
329.735890 
329.729427 
329.722963 
329.716499 
329.710035 
329.703569 
329.697104 
329.690637 
329.684170 
329.677703 
329.671235 
329.664767 
329.658298 
329.651828 
329.645358 
329.638887 
329.632416 
329.625944 
329.619472 
329.612999 
329.606525 
329.600051 
329.593577 
329.587102 
329.580626 
329.574150 
329.567673 
329.561196 
329.554718 
329.548240 
329.541761 
329.535281 
329.528801 
329.522321 
329.515840 
329.509358 
329.502876 
329.496393 
329.489910 
329.483426 
329.476941 
329.470456 
329.463971 
329.457485 
329.450998 
329.444511 
329.438023 
329.431535 
329.425046 
329.418557 
329.412067 
329.405576 
329.399085 
329.392594 
329.386102 
329.379609 
329.373116 
329.366622 
329.360127 
329.353632 
329.347137 
329.340641 
329.334144 
329.327647 
329.321150 
329.314651 
329.308153 
329.301653 
329.295153 
329.288653 
329.282152 
329.275650 
329.269148 
329.262645 
329.256142 
329.249638 
329.243134 
329.236629 
329.230124 
329.223618 
329.217111 
329.210604 
329.204096 
329.197588 
329.191079 
329.184570 
329.178060 
329.171550 
329.165039 
329.158527 
329.152015 
329.145502 
329.138989 
329.132475 
329.125961 
329.119446 
329.112930 
329.106414 
329.099898 
329.093381 
329.086863 
329.080345 
329.073826 
329.067306 
329.060786 
329.054266 
329.047745 
329.041223 
329.034701 
329.028178 
329.021655 
329.015131 
329.008607 
329.002082 
328.995556 
328.989030 
328.982503 
328.975976 
328.969448 
328.962920 
328.956391 
328.949862 
328.943332 
328.936801 
328.930270 
328.923738 
328.917206 
328.910673 
328.904140 
328.897606 
328.891071 
328.884536 
328.878001 
328.871464 
328.864928 
328.858390 
328.851852 
328.845314 
328.838775 
328.832235 
328.825695 
328.819154 
328.812613 
328.806071 
328.799529 
328.792986 
328.786442 
328.779898 
328.773354 
328.766809 
328.760263 
328.753716 
328.747169 
328.740622 
328.734074 
328.727525 
328.720976 
328.714426 
328.707876 
328.701325 
328.694774 
328.688222 
328.681669 
328.675116 
328.668562 
328.662008 
328.655453 
328.648898 
328.642342 
328.635785 
328.629228 
328.622671 
328.616112 
328.609554 
328.602994 
328.596434 
328.589874 
328.583313 
328.576751 
328.570189 
328.563626 
328.557063 
328.550499 
328.543934 
328.537369 
328.530804 
328.524238 
328.517671 
328.511103 
328.504536 
328.497967 
328.491398 
328.484828 
328.478258 
328.471688 
328.465116 
328.458544 
328.451972 
328.445399 
328.438825 
328.432251 
328.425676 
328.419101 
328.412525 
328.405949 
328.399372 
328.392794 
328.386216 
328.379637 
328.373058 
328.366478 
328.359897 
328.353316 
328.346735 
328.340153 
328.333570 
328.326987 
328.320403 
328.313818 
328.307233 
328.300648 
328.294061 
328.287475 
328.280887 
328.274299 
328.267711 
328.261122 
328.254532 
328.247942 
328.241351 
328.234760 
328.228168 
328.221576 
328.214982 
328.208389 
328.201795 
328.195200 
328.188604 
328.182008 
328.175412 
328.168815 
328.162217 
328.155619 
328.149020 
328.142421 
328.135821 
328.129220 
328.122619 
328.116017 
328.109415 
328.102812 
328.096209 
328.089605 
328.083000 
328.076395 
328.069789 
328.063183 
328.056576 
328.049968 
328.043360 
328.036752 
328.030142 
328.023533 
328.016922 
328.010311 
328.003700 
327.997088 
327.990475 
327.983862 
327.977248 
327.970633 
327.964018 
327.957403 
327.950786 
327.944170 
327.937552 
327.930934 
327.924316 
327.917697 
327.911077 
327.904457 
327.897836 
327.891215 
327.884593 
327.877970 
327.871347 
327.864723 
327.858099 
327.851474 
327.844849 
327.838222 
327.831596 
327.824969 
327.818341 
327.811712 
327.805083 
327.798454 
327.791824 
327.785193 
327.778562 
327.771930 
327.765297 
327.758664 
327.752031 
327.745396 
327.738762 
327.732126 
327.725490 
327.718854 
327.712216 
327.705579 
327.698940 
327.692301 
327.685662 
327.679022 
327.672381 
327.665740 
327.659098 
327.652456 
327.645813 
327.639169 
327.632525 
327.625880 
327.619235 
327.612589 
327.605942 
327.599295 
327.592647 
327.585999 
327.579350 
327.572701 
327.566051 
327.559400 
327.552749 
327.546097 
327.539445 
327.532792 
327.526138 
327.519484 
327.512829 
327.506174 
327.499518 
327.492861 
327.486204 
327.479546 
327.472888 
327.466229 
327.459570 
327.452910 
327.446249 
327.439588 
327.432926 
327.426264 
327.419601 
327.412937 
327.406273 
327.399608 
327.392943 
327.386277 
327.379610 
327.372943 
327.366275 
327.359607 
327.352938 
327.346268 
327.339598 
327.332927 
327.326256 
327.319584 
327.312912 
327.306239 
327.299565 
327.292891 
327.286216 
327.279540 
327.272864 
327.266188 
327.259511 
327.252833 
327.246154 
327.239475 
327.232796 
327.226115 
327.219435 
327.212753 
327.206071 
327.199389 
327.192705 
327.186022 
327.179337 
327.172652 
327.165967 
327.159281 
327.152594 
327.145906 
327.139218 
327.132530 
327.125841 
327.119151 
327.112461 
327.105770 
327.099078 
327.092386 
327.085693 
327.079000 
327.072306 
327.065612 
327.058917 
327.052221 
327.045524 
327.038828 
327.032130 
327.025432 
327.018733 
327.012034 
327.005334 
326.998633 
326.991932 
326.985231 
326.978528 
326.971825 
326.965122 
326.958418 
326.951713 
326.945008 
326.938302 
326.931595 
326.924888 
326.918181 
326.911472 
326.904763 
326.898054 
326.891344 
326.884633 
326.877922 
326.871210 
326.864497 
326.857784 
326.851070 
326.844356 
326.837641 
326.830926 
326.824209 
326.817493 
326.810775 
326.804057 
326.797339 
326.790620 
326.783900 
326.777180 
326.770459 
326.763737 
326.757015 
326.750292 
326.743569 
326.736845 
326.730120 
326.723395 
326.716669 
326.709943 
326.703216 
326.696488 
326.689760 
326.683031 
326.676302 
326.669572 
326.662841 
326.656110 
326.649378 
326.642645 
326.635912 
326.629179 
326.622444 
326.615709 
326.608974 
326.602238 
326.595501 
326.588764 
326.582026 
326.575287 
326.568548 
326.561808 
326.555068 
326.548327 
326.541586 
326.534843 
326.528101 
326.521357 
326.514613 
326.507868 
326.501123 
326.494377 
326.487631 
326.480884 
326.474136 
326.467388 
326.460639 
326.453890 
326.447139 
326.440389 
326.433637 
326.426885 
326.420133 
326.413380 
326.406626 
326.399871 
326.393116 
326.386361 
326.379605 
326.372848 
326.366090 
326.359332 
326.352574 
326.345814 
326.339054 
326.332294 
326.325533 
326.318771 
326.312009 
326.305246 
326.298482 
326.291718 
326.284953 
326.278188 
326.271422 
326.264655 
326.257888 
326.251120 
326.244351 
326.237582 
326.230812 
326.224042 
326.217271 
326.210499 
326.203727 
326.196954 
326.190181 
326.183407 
326.176632 
326.169857 
326.163081 
326.156305 
326.149527 
326.142750 
326.135971 
326.129192 
326.122413 
326.115633 
326.108852 
326.102070 
326.095288 
326.088506 
326.081722 
326.074938 
326.068154 
326.061369 
326.054583 
326.047796 
326.041009 
326.034222 
326.027434 
326.020645 
326.013855 
326.007065 
326.000274 
325.993483 
325.986691 
325.979898 
325.973105 
325.966311 
325.959517 
325.952722 
325.945926 
325.939130 
325.932333 
325.925535 
325.918737 
325.911938 
325.905139 
325.898339 
325.891538 
325.884737 
325.877935 
325.871132 
325.864329 
325.857525 
325.850721 
325.843916 
325.837110 
325.830304 
325.823497 
325.816689 
325.809881 
325.803073 
325.796263 
325.789453 
325.782642 
325.775831 
325.769019 
325.762207 
325.755394 
325.748580 
325.741765 
325.734950 
325.728135 
325.721318 
325.714502 
325.707684 
325.700866 
325.694047 
325.687228 
325.680408 
325.673587 
325.666766 
325.659944 
325.653121 
325.646298 
325.639474 
325.632650 
325.625825 
325.618999 
325.612173 
325.605346 
325.598518 
325.591690 
325.584861 
325.578032 
325.571201 
325.564371 
325.557539 
325.550707 
325.543875 
325.537042 
325.530208 
325.523373 
325.516538 
325.509702 
325.502866 
325.496029 
325.489191 
325.482353 
325.475514 
325.468674 
325.461834 
325.454993 
325.448152 
325.441310 
325.434467 
325.427624 
325.420780 
325.413935 
325.407090 
325.400244 
325.393398 
325.386550 
325.379703 
325.372854 
325.366005 
325.359156 
325.352305 
325.345454 
325.338603 
325.331750 
325.324898 
325.318044 
325.311190 
325.304335 
325.297480 
325.290624 
325.283767 
325.276910 
325.270052 
325.263193 
325.256334 
325.249474 
325.242614 
325.235753 
325.228891 
325.222029 
325.215166 
325.208302 
325.201438 
325.194573 
325.187707 
325.180841 
325.173974 
325.167107 
325.160238 
325.153370 
325.146500 
325.139630 
325.132760 
325.125888 
325.119016 
325.112144 
325.105270 
325.098397 
325.091522 
325.084647 
325.077771 
325.070895 
325.064018 
325.057140 
325.050262 
325.043383 
325.036503 
325.029623 
325.022742 
325.015860 
325.008978 
325.002095 
324.995212 
324.988327 
324.981443 
324.974557 
324.967671 
324.960784 
324.953897 
324.947009 
324.940121 
324.933231 
324.926341 
324.919451 
324.912560 
324.905668 
324.898775 
324.891882 
324.884988 
324.878094 
324.871199 
324.864303 
324.857407 
324.850510 
324.843612 
324.836714 
324.829815 
324.822915 
324.816015 
324.809114 
324.802213 
324.795310 
324.788408 
324.781504 
324.774600 
324.767695 
324.760790 
324.753884 
324.746977 
324.740070 
324.733162 
324.726253 
324.719344 
324.712434 
324.705523 
324.698612 
324.691700 
324.684788 
324.677874 
324.670961 
324.664046 
324.657131 
324.650215 
324.643299 
324.636382 
324.629464 
324.622546 
324.615627 
324.608707 
324.601787 
324.594866 
324.587944 
324.581022 
324.574099 
324.567175 
324.560251 
324.553326 
324.546400 
324.539474 
324.532547 
324.525620 
324.518692 
324.511763 
324.504833 
324.497903 
324.490973 
324.484041 
324.477109 
324.470176 
324.463243 
324.456309 
324.449374 
324.442439 
324.435503 
324.428566 
324.421629 
324.414691 
324.407752 
324.400813 
324.393873 
324.386933 
324.379991 
324.373049 
324.366107 
324.359164 
324.352220 
324.345275 
324.338330 
324.331384 
324.324438 
324.317491 
324.310543 
324.303594 
324.296645 
324.289695 
324.282745 
324.275794 
324.268842 
324.261890 
324.254937 
324.247983 
324.241029 
324.234073 
324.227118 
324.220161 
324.213204 
324.206247 
324.199288 
324.192329 
324.185370 
324.178409 
324.171448 
324.164487 
324.157524 
324.150561 
324.143598 
324.136634 
324.129669 
324.122703 
324.115737 
324.108770 
324.101802 
324.094834 
324.087865 
324.080895 
324.073925 
324.066954 
324.059983 
324.053010 
324.046037 
324.039064 
324.032090 
324.025115 
324.018139 
324.011163 
324.004186 
323.997209 
323.990230 
323.983251 
323.976272 
323.969292 
323.962311 
323.955329 
323.948347 
323.941364 
323.934381 
323.927396 
323.920412 
323.913426 
323.906440 
323.899453 
323.892465 
323.885477 
323.878488 
323.871499 
323.864509 
323.857518 
323.850526 
323.843534 
323.836541 
323.829548 
323.822553 
323.815558 
323.808563 
323.801567 
323.794570 
323.787572 
323.780574 
323.773575 
323.766576 
323.759575 
323.752574 
323.745573 
323.738571 
323.731568 
323.724564 
323.717560 
323.710555 
323.703549 
323.696543 
323.689536 
323.682528 
323.675520 
323.668511 
323.661501 
323.654491 
323.647480 
323.640469 
323.633456 
323.626443 
323.619430 
323.612415 
323.605400 
323.598384 
323.591368 
323.584351 
323.577333 
323.570315 
323.563296 
323.556276 
323.549256 
323.542235 
323.535213 
323.528190 
323.521167 
323.514143 
323.507119 
323.500094 
323.493068 
323.486042 
323.479014 
323.471987 
323.464958 
323.457929 
323.450899 
323.443868 
323.436837 
323.429805 
323.422773 
323.415739 
323.408705 
323.401671 
323.394635 
323.387599 
323.380563 
323.373525 
323.366487 
323.359449 
323.352409 
323.345369 
323.338328 
323.331287 
323.324245 
323.317202 
323.310159 
323.303115 
323.296070 
323.289024 
323.281978 
323.274931 
323.267884 
323.260835 
323.253786 
323.246737 
323.239687 
323.232636 
323.225584 
323.218532 
323.211479 
323.204425 
323.197371 
323.190315 
323.183260 
323.176203 
323.169146 
323.162088 
323.155030 
323.147971 
323.140911 
323.133850 
323.126789 
323.119727 
323.112665 
323.105601 
323.098537 
323.091473 
323.084407 
323.077341 
323.070275 
323.063207 
323.056139 
323.049070 
323.042001 
323.034931 
323.027860 
323.020789 
323.013716 
323.006643 
322.999570 
322.992496 
322.985421 
322.978345 
322.971269 
322.964192 
322.957114 
322.950035 
322.942956 
322.935877 
322.928796 
322.921715 
322.914633 
322.907551 
322.900467 
322.893383 
322.886299 
322.879214 
322.872128 
322.865041 
322.857953 
322.850865 
322.843777 
322.836687 
322.829597 
322.822506 
322.815415 
322.808322 
322.801230 
322.794136 
322.787042 
322.779947 
322.772851 
322.765755 
322.758658 
322.751560 
322.744461 
322.737362 
322.730262 
322.723162 
322.716060 
322.708959 
322.701856 
322.694753 
322.687649 
322.680544 
322.673438 
322.666332 
322.659226 
322.652118 
322.645010 
322.637901 
322.630791 
322.623681 
322.616570 
322.609458 
322.602346 
322.595233 
322.588119 
322.581005 
322.573889 
322.566774 
322.559657 
322.552540 
322.545422 
322.538303 
322.531184 
322.524064 
322.516943 
322.509821 
322.502699 
322.495576 
322.488453 
322.481329 
322.474204 
322.467078 
322.459951 
322.452824 
322.445697 
322.438568 
322.431439 
322.424309 
322.417178 
322.410047 
322.402915 
322.395783 
322.388649 
322.381515 
322.374380 
322.367245 
322.360109 
322.352972 
322.345834 
322.338696 
322.331557 
322.324417 
322.317276 
322.310135 
322.302993 
322.295851 
322.288708 
322.281564 
322.274419 
322.267274 
322.260128 
322.252981 
322.245833 
322.238685 
322.231536 
322.224387 
322.217236 
322.210085 
322.202934 
322.195781 
322.188628 
322.181474 
322.174319 
322.167164 
322.160008 
322.152852 
322.145694 
322.138536 
322.131377 
322.124218 
322.117057 
322.109896 
322.102735 
322.095572 
322.088409 
322.081246 
322.074081 
322.066916 
322.059750 
322.052583 
322.045416 
322.038248 
322.031079 
322.023910 
322.016739 
322.009569 
322.002397 
321.995225 
321.988052 
321.980878 
321.973703 
321.966528 
321.959352 
321.952176 
321.944998 
321.937820 
321.930642 
321.923462 
321.916282 
321.909101 
321.901919 
321.894737 
321.887554 
321.880370 
321.873186 
321.866001 
321.858815 
321.851628 
321.844441 
321.837253 
321.830064 
321.822874 
321.815684 
321.808493 
321.801302 
321.794109 
321.786916 
321.779722 
321.772528 
321.765333 
321.758137 
321.750940 
321.743743 
321.736544 
321.729346 
321.722146 
321.714946 
321.707745 
321.700543 
321.693341 
321.686137 
321.678934 
321.671729 
321.664524 
321.657318 
321.650111 
321.642903 
321.635695 
321.628486 
321.621277 
321.614066 
321.606855 
321.599643 
321.592431 
321.585218 
321.578004 
321.570789 
321.563574 
321.556357 
321.549140 
321.541923 
321.534705 
321.527485 
321.520266 
321.513045 
321.505824 
321.498602 
321.491379 
321.484156 
321.476932 
321.469707 
321.462481 
321.455255 
321.448028 
321.440800 
321.433572 
321.426343 
321.419113 
321.411882 
321.404651 
321.397418 
321.390186 
321.382952 
321.375718 
321.368483 
321.361247 
321.354010 
321.346773 
321.339535 
321.332297 
321.325057 
321.317817 
321.310576 
321.303335 
321.296092 
321.288849 
321.281605 
321.274361 
321.267116 
321.259870 
321.252623 
321.245375 
321.238127 
321.230878 
321.223629 
321.216378 
321.209127 
321.201875 
321.194623 
321.187369 
321.180115 
321.172861 
321.165605 
321.158349 
321.151092 
321.143834 
321.136576 
321.129316 
321.122057 
321.114796 
321.107534 
321.100272 
321.093009 
321.085746 
321.078482 
321.071216 
321.063951 
321.056684 
321.049417 
321.042149 
321.034880 
321.027611 
321.020340 
321.013069 
321.005798 
320.998525 
320.991252 
320.983978 
320.976703 
320.969428 
320.962152 
320.954875 
320.947597 
320.940319 
320.933040 
320.925760 
320.918479 
320.911198 
320.903916 
320.896633 
320.889350 
320.882065 
320.874780 
320.867495 
320.860208 
320.852921 
320.845633 
320.838344 
320.831055 
320.823764 
320.816473 
320.809182 
320.801889 
320.794596 
320.787302 
320.780007 
320.772712 
320.765416 
320.758119 
320.750821 
320.743523 
320.736224 
320.728924 
320.721623 
320.714322 
320.707020 
320.699717 
320.692413 
320.685109 
320.677804 
320.670498 
320.663191 
320.655884 
320.648576 
320.641267 
320.633957 
320.626647 
320.619336 
320.612024 
320.604711 
320.597398 
320.590084 
320.582769 
320.575453 
320.568137 
320.560820 
320.553502 
320.546183 
320.538864 
320.531544 
320.524223 
320.516901 
320.509579 
320.502256 
320.494932 
320.487608 
320.480282 
320.472956 
320.465629 
320.458302 
320.450973 
320.443644 
320.436314 
320.428984 
320.421652 
320.414320 
320.406987 
320.399654 
320.392319 
320.384984 
320.377648 
320.370311 
320.362974 
320.355636 
320.348297 
320.340957 
320.333617 
320.326276 
320.318934 
320.311591 
320.304247 
320.296903 
320.289558 
320.282213 
320.274866 
320.267519 
320.260171 
320.252822 
320.245472 
320.238122 
320.230771 
320.223419 
320.216067 
320.208713 
320.201359 
320.194005 
320.186649 
320.179293 
320.171935 
320.164578 
320.157219 
320.149859 
320.142499 
320.135138 
320.127777 
320.120414 
320.113051 
320.105687 
320.098322 
320.090957 
320.083591 
320.076224 
320.068856 
320.061487 
320.054118 
320.046748 
320.039377 
320.032005 
320.024633 
320.017260 
320.009886 
320.002511 
319.995136 
319.987760 
319.980383 
319.973005 
319.965627 
319.958247 
319.950867 
319.943486 
319.936105 
319.928723 
319.921339 
319.913956 
319.906571 
319.899186 
319.891799 
319.884412 
319.877025 
319.869636 
319.862247 
319.854857 
319.847466 
319.840075 
319.832682 
319.825289 
319.817896 
319.810501 
319.803106 
319.795709 
319.788312 
319.780915 
319.773516 
319.766117 
319.758717 
319.751316 
319.743915 
319.736512 
319.729109 
319.721705 
319.714301 
319.706895 
319.699489 
319.692082 
319.684674 
319.677266 
319.669856 
319.662446 
319.655036 
319.647624 
319.640212 
319.632798 
319.625384 
319.617970 
319.610554 
319.603138 
319.595721 
319.588303 
319.580884 
319.573465 
319.566045 
319.558624 
319.551202 
319.543780 
319.536357 
319.528933 
319.521508 
319.514082 
319.506656 
319.499229 
319.491801 
319.484372 
319.476942 
319.469512 
319.462081 
319.454649 
319.447217 
319.439783 
319.432349 
319.424914 
319.417478 
319.410042 
319.402605 
319.395167 
319.387728 
319.380288 
319.372848 
319.365406 
319.357964 
319.350522 
319.343078 
319.335634 
319.328189 
319.320743 
319.313296 
319.305849 
319.298400 
319.290951 
319.283501 
319.276051 
319.268599 
319.261147 
319.253694 
319.246240 
319.238786 
319.231331 
319.223874 
319.216418 
319.208960 
319.201501 
319.194042 
319.186582 
319.179121 
319.171660 
319.164197 
319.156734 
319.149270 
319.141805 
319.134340 
319.126873 
319.119406 
319.111938 
319.104469 
319.097000 
319.089530 
319.082059 
319.074587 
319.067114 
319.059640 
319.052166 
319.044691 
319.037215 
319.029739 
319.022261 
319.014783 
319.007304 
318.999824 
318.992344 
318.984862 
318.977380 
318.969897 
318.962413 
318.954929 
318.947443 
318.939957 
318.932470 
318.924982 
318.917494 
318.910005 
318.902514 
318.895024 
318.887532 
318.880039 
318.872546 
318.865052 
318.857557 
318.850061 
318.842565 
318.835067 
318.827569 
318.820070 
318.812571 
318.805070 
318.797569 
318.790067 
318.782564 
318.775060 
318.767556 
318.760050 
318.752544 
318.745037 
318.737530 
318.730021 
318.722512 
318.715002 
318.707491 
318.699979 
318.692467 
318.684953 
318.677439 
318.669924 
318.662409 
318.654892 
318.647375 
318.639857 
318.632338 
318.624818 
318.617298 
318.609776 
318.602254 
318.594731 
318.587207 
318.579683 
318.572157 
318.564631 
318.557104 
318.549577 
318.542048 
318.534519 
318.526988 
318.519457 
318.511926 
318.504393 
318.496860 
318.489325 
318.481790 
318.474254 
318.466718 
318.459180 
318.451642 
318.444103 
318.436563 
318.429022 
318.421481 
318.413939 
318.406395 
318.398852 
318.391307 
318.383761 
318.376215 
318.368668 
318.361120 
318.353571 
318.346021 
318.338471 
318.330920 
318.323368 
318.315815 
318.308261 
318.300707 
318.293151 
318.285595 
318.278038 
318.270480 
318.262922 
318.255362 
318.247802 
318.240241 
318.232679 
318.225117 
318.217553 
318.209989 
318.202424 
318.194858 
318.187291 
318.179724 
318.172156 
318.164586 
318.157016 
318.149446 
318.141874 
318.134302 
318.126728 
318.119154 
318.111579 
318.104004 
318.096427 
318.088850 
318.081272 
318.073693 
318.066113 
318.058532 
318.050951 
318.043369 
318.035785 
318.028202 
318.020617 
318.013031 
318.005445 
317.997858 
317.990270 
317.982681 
317.975091 
317.967501 
317.959909 
317.952317 
317.944724 
317.937131 
317.929536 
317.921940 
317.914344 
317.906747 
317.899149 
317.891551 
317.883951 
317.876351 
317.868749 
317.861147 
317.853544 
317.845941 
317.838336 
317.830731 
317.823125 
317.815518 
317.807910 
317.800301 
317.792692 
317.785082 
317.777470 
317.769858 
317.762246 
317.754632 
317.747018 
317.739402 
317.731786 
317.724169 
317.716552 
317.708933 
317.701314 
317.693693 
317.686072 
317.678450 
317.670827 
317.663204 
317.655579 
317.647954 
317.640328 
317.632701 
317.625073 
317.617445 
317.609815 
317.602185 
317.594554 
317.586922 
317.579289 
317.571656 
317.564021 
317.556386 
317.548750 
317.541113 
317.533475 
317.525837 
317.518197 
317.510557 
317.502916 
317.495274 
317.487631 
317.479988 
317.472343 
317.464698 
317.457052 
317.449405 
317.441757 
317.434108 
317.426459 
317.418808 
317.411157 
317.403505 
317.395852 
317.388199 
317.380544 
317.372889 
317.365233 
317.357575 
317.349918 
317.342259 
317.334599 
317.326939 
317.319278 
317.311615 
317.303952 
317.296289 
317.288624 
317.280959 
317.273292 
317.265625 
317.257957 
317.250288 
317.242618 
317.234948 
317.227277 
317.219604 
317.211931 
317.204257 
317.196583 
317.188907 
317.181230 
317.173553 
317.165875 
317.158196 
317.150516 
317.142835 
317.135154 
317.127471 
317.119788 
317.112104 
317.104419 
317.096733 
317.089047 
317.081359 
317.073671 
317.065982 
317.058292 
317.050601 
317.042909 
317.035216 
317.027523 
317.019828 
317.012133 
317.004437 
316.996740 
316.989043 
316.981344 
316.973645 
316.965944 
316.958243 
316.950541 
316.942839 
316.935135 
316.927430 
316.919725 
316.912019 
316.904312 
316.896604 
316.888895 
316.881185 
316.873475 
316.865763 
316.858051 
316.850338 
316.842624 
316.834909 
316.827193 
316.819477 
316.811759 
316.804041 
316.796322 
316.788602 
316.780881 
316.773160 
316.765437 
316.757714 
316.749989 
316.742264 
316.734538 
316.726811 
316.719084 
316.711355 
316.703626 
316.695895 
316.688164 
316.680432 
316.672699 
316.664966 
316.657231 
316.649495 
316.641759 
316.634022 
316.626284 
316.618545 
316.610805 
316.603064 
316.595323 
316.587581 
316.579837 
316.572093 
316.564348 
316.556602 
316.548856 
316.541108 
316.533360 
316.525610 
316.517860 
316.510109 
316.502357 
316.494604 
316.486851 
316.479096 
316.471341 
316.463585 
316.455827 
316.448069 
316.440311 
316.432551 
316.424790 
316.417029 
316.409266 
316.401503 
316.393739 
316.385974 
316.378208 
316.370442 
316.362674 
316.354905 
316.347136 
316.339366 
316.331595 
316.323823 
316.316050 
316.308276 
316.300502 
316.292726 
316.284950 
316.277173 
316.269395 
316.261616 
316.253836 
316.246055 
316.238274 
316.230491 
316.222708 
316.214924 
316.207139 
316.199353 
316.191566 
316.183778 
316.175990 
316.168200 
316.160410 
316.152619 
316.144826 
316.137033 
316.129240 
316.121445 
316.113649 
316.105853 
316.098055 
316.090257 
316.082458 
316.074658 
316.066857 
316.059055 
316.051252 
316.043449 
316.035644 
316.027839 
316.020033 
316.012226 
316.004418 
315.996609 
315.988799 
315.980989 
315.973177 
315.965365 
315.957551 
315.949737 
315.941922 
315.934106 
315.926289 
315.918472 
315.910653 
315.902834 
315.895013 
315.887192 
315.879370 
315.871547 
315.863723 
315.855898 
315.848072 
315.840246 
315.832418 
315.824590 
315.816760 
315.808930 
315.801099 
315.793267 
315.785435 
315.777601 
315.769766 
315.761931 
315.754094 
315.746257 
315.738419 
315.730580 
315.722740 
315.714899 
315.707057 
315.699215 
315.691371 
315.683527 
315.675681 
315.667835 
315.659988 
315.652140 
315.644291 
315.636441 
315.628590 
315.620739 
315.612886 
315.605033 
315.597179 
315.589323 
315.581467 
315.573610 
315.565753 
315.557894 
315.550034 
315.542173 
315.534312 
315.526450 
315.518586 
315.510722 
315.502857 
315.494991 
315.487124 
315.479256 
315.471388 
315.463518 
315.455648 
315.447776 
315.439904 
315.432031 
315.424157 
315.416282 
315.408406 
315.400529 
315.392651 
315.384773 
315.376893 
315.369013 
315.361131 
315.353249 
315.345366 
315.337482 
315.329597 
315.321711 
315.313825 
315.305937 
315.298048 
315.290159 
315.282268 
315.274377 
315.266485 
315.258592 
315.250698 
315.242803 
315.234907 
315.227010 
315.219113 
315.211214 
315.203315 
315.195414 
315.187513 
315.179611 
315.171708 
315.163803 
315.155899 
315.147993 
315.140086 
315.132178 
315.124270 
315.116360 
315.108450 
315.100538 
315.092626 
315.084713 
315.076799 
315.068884 
315.060968 
315.053051 
315.045133 
315.037215 
315.029295 
315.021375 
315.013453 
315.005531 
314.997608 
314.989684 
314.981758 
314.973832 
314.965906 
314.957978 
314.950049 
314.942119 
314.934189 
314.926257 
314.918325 
314.910391 
314.902457 
314.894522 
314.886586 
314.878649 
314.870711 
314.862772 
314.854832 
314.846892 
314.838950 
314.831007 
314.823064 
314.815119 
314.807174 
314.799228 
314.791281 
314.783333 
314.775384 
314.767434 
314.759483 
314.751531 
314.743578 
314.735625 
314.727670 
314.719714 
314.711758 
314.703801 
314.695842 
314.687883 
314.679923 
314.671962 
314.664000 
314.656037 
314.648073 
314.640108 
314.632143 
314.624176 
314.616208 
314.608240 
314.600270 
314.592300 
314.584329 
314.576357 
314.568383 
314.560409 
314.552434 
314.544458 
314.536481 
314.528504 
314.520525 
314.512545 
314.504565 
314.496583 
314.488600 
314.480617 
314.472633 
314.464647 
314.456661 
314.448674 
314.440686 
314.432697 
314.424707 
314.416716 
314.408724 
314.400731 
314.392737 
314.384743 
314.376747 
314.368751 
314.360753 
314.352755 
314.344755 
314.336755 
314.328754 
314.320752 
314.312748 
314.304744 
314.296739 
314.288733 
314.280727 
314.272719 
314.264710 
314.256700 
314.248690 
314.240678 
314.232665 
314.224652 
314.216637 
314.208622 
314.200606 
314.192589 
314.184570 
314.176551 
314.168531 
314.160510 
314.152488 
314.144465 
314.136441 
314.128416 
314.120390 
314.112364 
314.104336 
314.096307 
314.088278 
314.080247 
314.072216 
314.064183 
314.056150 
314.048116 
314.040080 
314.032044 
314.024007 
314.015969 
314.007930 
313.999890 
313.991849 
313.983807 
313.975764 
313.967720 
313.959675 
313.951630 
313.943583 
313.935535 
313.927487 
313.919437 
313.911387 
313.903335 
313.895283 
313.887229 
313.879175 
313.871120 
313.863063 
313.855006 
313.846948 
313.838889 
313.830829 
313.822768 
313.814706 
313.806643 
313.798579 
313.790514 
313.782448 
313.774381 
313.766314 
313.758245 
313.750175 
313.742105 
313.734033 
313.725960 
313.717887 
313.709812 
313.701737 
313.693661 
313.685583 
313.677505 
313.669426 
313.661345 
313.653264 
313.645182 
313.637099 
313.629015 
313.620930 
313.612844 
313.604757 
313.596669 
313.588580 
313.580490 
313.572399 
313.564307 
313.556214 
313.548120 
313.540026 
313.531930 
313.523833 
313.515736 
313.507637 
313.499537 
313.491437 
313.483335 
313.475233 
313.467129 
313.459025 
313.450919 
313.442813 
313.434706 
313.426597 
313.418488 
313.410378 
313.402267 
313.394154 
313.386041 
313.377927 
313.369812 
313.361696 
313.353579 
313.345461 
313.337341 
313.329221 
313.321100 
313.312978 
313.304856 
313.296732 
313.288607 
313.280481 
313.272354 
313.264226 
313.256097 
313.247968 
313.239837 
313.231705 
313.223572 
313.215439 
313.207304 
313.199168 
313.191032 
313.182894 
313.174755 
313.166616 
313.158475 
313.150334 
313.142191 
313.134048 
313.125903 
313.117758 
313.109611 
313.101464 
313.093315 
313.085166 
313.077015 
313.068864 
313.060712 
313.052558 
313.044404 
313.036248 
313.028092 
313.019935 
313.011777 
313.003617 
312.995457 
312.987296 
312.979133 
312.970970 
312.962806 
312.954641 
312.946475 
312.938307 
312.930139 
312.921970 
312.913800 
312.905629 
312.897456 
312.889283 
312.881109 
312.872934 
312.864758 
312.856581 
312.848403 
312.840224 
312.832043 
312.823862 
312.815680 
312.807497 
312.799313 
312.791128 
312.782942 
312.774755 
312.766567 
312.758378 
312.750188 
312.741997 
312.733805 
312.725612 
312.717418 
312.709223 
312.701026 
312.692829 
312.684631 
312.676432 
312.668232 
312.660031 
312.651829 
312.643626 
312.635422 
312.627217 
312.619011 
312.610804 
312.602596 
312.594387 
312.586177 
312.577966 
312.569754 
312.561541 
312.553327 
312.545111 
312.536895 
312.528678 
312.520460 
312.512241 
312.504021 
312.495800 
312.487578 
312.479355 
312.471131 
312.462905 
312.454679 
312.446452 
312.438224 
312.429995 
312.421765 
312.413533 
312.405301 
312.397068 
312.388834 
312.380598 
312.372362 
312.364125 
312.355887 
312.347647 
312.339407 
312.331166 
312.322923 
312.314680 
312.306436 
312.298190 
312.289944 
312.281697 
312.273448 
312.265199 
312.256948 
312.248697 
312.240444 
312.232191 
312.223936 
312.215681 
312.207424 
312.199167 
312.190908 
312.182649 
312.174388 
312.166126 
312.157864 
312.149600 
312.141335 
312.133070 
312.124803 
312.116535 
312.108266 
312.099997 
312.091726 
312.083454 
312.075181 
312.066907 
312.058632 
312.050356 
312.042080 
312.033802 
312.025523 
312.017242 
312.008961 
312.000679 
311.992396 
311.984112 
311.975827 
311.967541 
311.959254 
311.950965 
311.942676 
311.934386 
311.926094 
311.917802 
311.909509 
311.901214 
311.892919 
311.884622 
311.876325 
311.868026 
311.859727 
311.851426 
311.843125 
311.834822 
311.826518 
311.818214 
311.809908 
311.801601 
311.793293 
311.784984 
311.776674 
311.768364 
311.760052 
311.751739 
311.743425 
311.735110 
311.726793 
311.718476 
311.710158 
311.701839 
311.693519 
311.685197 
311.676875 
311.668552 
311.660227 
311.651902 
311.643575 
311.635248 
311.626919 
311.618590 
311.610259 
311.601927 
311.593595 
311.585261 
311.576926 
311.568590 
311.560253 
311.551916 
311.543577 
311.535237 
311.526895 
311.518553 
311.510210 
311.501866 
311.493521 
311.485175 
311.476827 
311.468479 
311.460129 
311.451779 
311.443427 
311.435075 
311.426721 
311.418367 
311.410011 
311.401654 
311.393296 
311.384937 
311.376578 
311.368217 
311.359855 
311.351492 
311.343127 
311.334762 
311.326396 
311.318029 
311.309660 
311.301291 
311.292921 
311.284549 
311.276177 
311.267803 
311.259428 
311.251053 
311.242676 
311.234298 
311.225919 
311.217539 
311.209158 
311.200776 
311.192393 
311.184009 
311.175624 
311.167238 
311.158850 
311.150462 
311.142073 
311.133682 
311.125291 
311.116898 
311.108504 
311.100110 
311.091714 
311.083317 
311.074919 
311.066520 
311.058120 
311.049719 
311.041317 
311.032913 
311.024509 
311.016104 
311.007697 
310.999290 
310.990881 
310.982472 
310.974061 
310.965649 
310.957236 
310.948823 
310.940408 
310.931992 
310.923575 
310.915156 
310.906737 
310.898317 
310.889895 
310.881473 
310.873050 
310.864625 
310.856199 
310.847773 
310.839345 
310.830916 
310.822486 
310.814055 
310.805623 
310.797190 
310.788756 
310.780320 
310.771884 
310.763446 
310.755008 
310.746568 
310.738128 
310.729686 
310.721243 
310.712799 
310.704354 
310.695908 
310.687461 
310.679013 
310.670563 
310.662113 
310.653662 
310.645209 
310.636756 
310.628301 
310.619845 
310.611388 
310.602930 
310.594471 
310.586011 
310.577550 
310.569088 
310.560624 
310.552160 
310.543695 
310.535228 
310.526760 
310.518292 
310.509822 
310.501351 
310.492879 
310.484406 
310.475931 
310.467456 
310.458980 
310.450502 
310.442024 
310.433544 
310.425064 
310.416582 
310.408099 
310.399615 
310.391130 
310.382644 
310.374156 
310.365668 
310.357179 
310.348688 
310.340197 
310.331704 
310.323210 
310.314715 
310.306219 
310.297722 
310.289224 
310.280725 
310.272224 
310.263723 
310.255220 
310.246717 
310.238212 
310.229706 
310.221199 
310.212691 
310.204182 
310.195672 
310.187160 
310.178648 
310.170134 
310.161620 
310.153104 
310.144587 
310.136069 
310.127550 
310.119030 
310.110509 
310.101987 
310.093463 
310.084939 
310.076413 
310.067886 
310.059359 
310.050830 
310.042300 
310.033768 
310.025236 
310.016703 
310.008168 
309.999633 
309.991096 
309.982558 
309.974019 
309.965479 
309.956938 
309.948396 
309.939853 
309.931308 
309.922763 
309.914216 
309.905668 
309.897119 
309.888569 
309.880018 
309.871466 
309.862913 
309.854358 
309.845803 
309.837246 
309.828688 
309.820129 
309.811569 
309.803008 
309.794446 
309.785883 
309.777318 
309.768753 
309.760186 
309.751618 
309.743049 
309.734479 
309.725908 
309.717336 
309.708762 
309.700188 
309.691612 
309.683036 
309.674458 
309.665879 
309.657299 
309.648717 
309.640135 
309.631551 
309.622967 
309.614381 
309.605794 
309.597206 
309.588617 
309.580027 
309.571436 
309.562843 
309.554250 
309.545655 
309.537059 
309.528462 
309.519864 
309.511265 
309.502664 
309.494063 
309.485460 
309.476857 
309.468252 
309.459646 
309.451039 
309.442430 
309.433821 
309.425210 
309.416599 
309.407986 
309.399372 
309.390757 
309.382141 
309.373524 
309.364905 
309.356286 
309.347665 
309.339043 
309.330420 
309.321796 
309.313171 
309.304544 
309.295917 
309.287288 
309.278658 
309.270027 
309.261395 
309.252762 
309.244128 
309.235492 
309.226856 
309.218218 
309.209579 
309.200939 
309.192298 
309.183656 
309.175012 
309.166367 
309.157722 
309.149075 
309.140427 
309.131778 
309.123127 
309.114476 
309.105823 
309.097169 
309.088515 
309.079858 
309.071201 
309.062543 
309.053883 
309.045223 
309.036561 
309.027898 
309.019234 
309.010569 
309.001902 
308.993235 
308.984566 
308.975896 
308.967225 
308.958553 
308.949880 
308.941206 
308.932530 
308.923853 
308.915175 
308.906496 
308.897816 
308.889135 
308.880452 
308.871769 
308.863084 
308.854398 
308.845711 
308.837022 
308.828333 
308.819642 
308.810951 
308.802258 
308.793564 
308.784869 
308.776172 
308.767475 
308.758776 
308.750076 
308.741375 
308.732673 
308.723969 
308.715265 
308.706559 
308.697852 
308.689144 
308.680435 
308.671725 
308.663013 
308.654301 
308.645587 
308.636872 
308.628156 
308.619439 
308.610720 
308.602000 
308.593280 
308.584558 
308.575834 
308.567110 
308.558385 
308.549658 
308.540930 
308.532201 
308.523471 
308.514740 
308.506007 
308.497273 
308.488539 
308.479803 
308.471065 
308.462327 
308.453587 
308.444847 
308.436105 
308.427362 
308.418618 
308.409872 
308.401125 
308.392378 
308.383629 
308.374879 
308.366127 
308.357375 
308.348621 
308.339866 
308.331110 
308.322353 
308.313595 
308.304835 
308.296074 
308.287313 
308.278549 
308.269785 
308.261020 
308.252253 
308.243485 
308.234716 
308.225946 
308.217175 
308.208402 
308.199628 
308.190853 
308.182077 
308.173300 
308.164521 
308.155742 
308.146961 
308.138179 
308.129396 
308.120611 
308.111825 
308.103039 
308.094251 
308.085461 
308.076671 
308.067879 
308.059087 
308.050293 
308.041498 
308.032701 
308.023904 
308.015105 
308.006305 
307.997504 
307.988702 
307.979898 
307.971093 
307.962287 
307.953480 
307.944672 
307.935863 
307.927052 
307.918240 
307.909427 
307.900613 
307.891797 
307.882980 
307.874163 
307.865343 
307.856523 
307.847702 
307.838879 
307.830055 
307.821230 
307.812404 
307.803576 
307.794748 
307.785918 
307.777086 
307.768254 
307.759421 
307.750586 
307.741750 
307.732913 
307.724074 
307.715235 
307.706394 
307.697552 
307.688709 
307.679865 
307.671019 
307.662172 
307.653324 
307.644475 
307.635624 
307.626773 
307.617920 
307.609066 
307.600211 
307.591354 
307.582496 
307.573637 
307.564777 
307.555916 
307.547053 
307.538190 
307.529325 
307.520458 
307.511591 
307.502722 
307.493852 
307.484981 
307.476109 
307.467235 
307.458361 
307.449485 
307.440607 
307.431729 
307.422849 
307.413968 
307.405086 
307.396203 
307.387319 
307.378433 
307.369546 
307.360658 
307.351768 
307.342878 
307.333986 
307.325093 
307.316198 
307.307303 
307.298406 
307.289508 
307.280609 
307.271708 
307.262806 
307.253904 
307.244999 
307.236094 
307.227187 
307.218280 
307.209370 
307.200460 
307.191549 
307.182636 
307.173722 
307.164807 
307.155890 
307.146972 
307.138053 
307.129133 
307.120212 
307.111289 
307.102365 
307.093440 
307.084514 
307.075586 
307.066657 
307.057727 
307.048796 
307.039863 
307.030930 
307.021995 
307.013058 
307.004121 
306.995182 
306.986242 
306.977301 
306.968358 
306.959415 
306.950470 
306.941523 
306.932576 
306.923627 
306.914677 
306.905726 
306.896774 
306.887820 
306.878865 
306.869909 
306.860951 
306.851993 
306.843033 
306.834072 
306.825109 
306.816145 
306.807181 
306.798214 
306.789247 
306.780278 
306.771308 
306.762337 
306.753365 
306.744391 
306.735416 
306.726440 
306.717462 
306.708484 
306.699504 
306.690522 
306.681540 
306.672556 
306.663571 
306.654585 
306.645597 
306.636608 
306.627618 
306.618627 
306.609635 
306.600641 
306.591646 
306.582649 
306.573652 
306.564653 
306.555653 
306.546651 
306.537649 
306.528645 
306.519639 
306.510633 
306.501625 
306.492616 
306.483606 
306.474595 
306.465582 
306.456568 
306.447552 
306.438536 
306.429518 
306.420499 
306.411478 
306.402457 
306.393434 
306.384409 
306.375384 
306.366357 
306.357329 
306.348300 
306.339269 
306.330237 
306.321204 
306.312170 
306.303134 
306.294097 
306.285059 
306.276019 
306.266979 
306.257937 
306.248893 
306.239849 
306.230803 
306.221755 
306.212707 
306.203657 
306.194606 
306.185554 
306.176500 
306.167445 
306.158389 
306.149332 
306.140273 
306.131213 
306.122152 
306.113089 
306.104025 
306.094960 
306.085894 
306.076826 
306.067757 
306.058687 
306.049615 
306.040542 
306.031468 
306.022393 
306.013316 
306.004238 
305.995159 
305.986078 
305.976996 
305.967913 
305.958828 
305.949742 
305.940655 
305.931567 
305.922477 
305.913386 
305.904294 
305.895201 
305.886106 
305.877010 
305.867912 
305.858813 
305.849713 
305.840612 
305.831509 
305.822405 
305.813300 
305.804194 
305.795086 
305.785977 
305.776866 
305.767754 
305.758641 
305.749527 
305.740411 
305.731294 
305.722176 
305.713056 
305.703936 
305.694813 
305.685690 
305.676565 
305.667439 
305.658311 
305.649183 
305.640053 
305.630921 
305.621789 
305.612655 
305.603519 
305.594383 
305.585245 
305.576106 
305.566965 
305.557823 
305.548680 
305.539536 
305.530390 
305.521243 
305.512094 
305.502945 
305.493794 
305.484641 
305.475487 
305.466332 
305.457176 
305.448018 
305.438860 
305.429699 
305.420538 
305.411375 
305.402210 
305.393045 
305.383878 
305.374710 
305.365540 
305.356369 
305.347197 
305.338024 
305.328849 
305.319673 
305.310495 
305.301316 
305.292136 
305.282955 
305.273772 
305.264588 
305.255402 
305.246216 
305.237027 
305.227838 
305.218647 
305.209455 
305.200262 
305.191067 
305.181871 
305.172673 
305.163475 
305.154274 
305.145073 
305.135870 
305.126666 
305.117461 
305.108254 
305.099046 
305.089836 
305.080625 
305.071413 
305.062200 
305.052985 
305.043769 
305.034551 
305.025332 
305.016112 
305.006891 
304.997668 
304.988444 
304.979218 
304.969991 
304.960763 
304.951533 
304.942302 
304.933070 
304.923836 
304.914602 
304.905365 
304.896128 
304.886888 
304.877648 
304.868406 
304.859163 
304.849919 
304.840673 
304.831426 
304.822178 
304.812928 
304.803677 
304.794424 
304.785170 
304.775915 
304.766658 
304.757400 
304.748141 
304.738880 
304.729618 
304.720355 
304.711090 
304.701824 
304.692557 
304.683288 
304.674018 
304.664746 
304.655473 
304.646199 
304.636923 
304.627646 
304.618368 
304.609088 
304.599807 
304.590525 
304.581241 
304.571956 
304.562669 
304.553381 
304.544092 
304.534801 
304.525509 
304.516216 
304.506921 
304.497625 
304.488328 
304.479029 
304.469729 
304.460427 
304.451124 
304.441820 
304.432514 
304.423207 
304.413898 
304.404589 
304.395277 
304.385965 
304.376651 
304.367336 
304.358019 
304.348701 
304.339381 
304.330060 
304.320738 
304.311415 
304.302090 
304.292763 
304.283435 
304.274106 
304.264776 
304.255444 
304.246111 
304.236776 
304.227440 
304.218103 
304.208764 
304.199423 
304.190082 
304.180739 
304.171395 
304.162049 
304.152702 
304.143353 
304.134003 
304.124652 
304.115299 
304.105945 
304.096590 
304.087233 
304.077875 
304.068515 
304.059154 
304.049791 
304.040428 
304.031062 
304.021696 
304.012328 
304.002958 
303.993587 
303.984215 
303.974842 
303.965467 
303.956090 
303.946712 
303.937333 
303.927952 
303.918570 
303.909187 
303.899802 
303.890416 
303.881028 
303.871639 
303.862249 
303.852857 
303.843464 
303.834069 
303.824673 
303.815276 
303.805877 
303.796476 
303.787075 
303.777672 
303.768267 
303.758861 
303.749454 
303.740045 
303.730635 
303.721223 
303.711811 
303.702396 
303.692980 
303.683563 
303.674144 
303.664724 
303.655303 
303.645880 
303.636456 
303.627030 
303.617603 
303.608174 
303.598744 
303.589313 
303.579880 
303.570446 
303.561010 
303.551573 
303.542135 
303.532695 
303.523253 
303.513811 
303.504366 
303.494921 
303.485474 
303.476025 
303.466575 
303.457124 
303.447671 
303.438217 
303.428762 
303.419305 
303.409846 
303.400386 
303.390925 
303.381462 
303.371998 
303.362532 
303.353065 
303.343597 
303.334127 
303.324655 
303.315183 
303.305708 
303.296233 
303.286756 
303.277277 
303.267797 
303.258316 
303.248833 
303.239348 
303.229863 
303.220376 
303.210887 
303.201397 
303.191905 
303.182412 
303.172918 
303.163422 
303.153925 
303.144426 
303.134926 
303.125424 
303.115921 
303.106417 
303.096911 
303.087403 
303.077895 
303.068384 
303.058872 
303.049359 
303.039845 
303.030328 
303.020811 
303.011292 
303.001771 
302.992250 
302.982726 
302.973201 
302.963675 
302.954147 
302.944618 
302.935087 
302.925555 
302.916022 
302.906487 
302.896950 
302.887412 
302.877873 
302.868332 
302.858790 
302.849246 
302.839701 
302.830154 
302.820606 
302.811056 
302.801505 
302.791952 
302.782398 
302.772843 
302.763286 
302.753727 
302.744167 
302.734606 
302.725043 
302.715479 
302.705913 
302.696346 
302.686777 
302.677207 
302.667635 
302.658062 
302.648487 
302.638911 
302.629333 
302.619754 
302.610174 
302.600592 
302.591008 
302.581423 
302.571837 
302.562249 
302.552660 
302.543069 
302.533476 
302.523882 
302.514287 
302.504690 
302.495092 
302.485492 
302.475891 
302.466288 
302.456684 
302.447078 
302.437471 
302.427862 
302.418252 
302.408640 
302.399027 
302.389413 
302.379796 
302.370179 
302.360560 
302.350939 
302.341317 
302.331693 
302.322068 
302.312442 
302.302814 
302.293184 
302.283553 
302.273920 
302.264286 
302.254651 
302.245014 
302.235375 
302.225735 
302.216093 
302.206450 
302.196806 
302.187160 
302.177512 
302.167863 
302.158213 
302.148560 
302.138907 
302.129252 
302.119595 
302.109937 
302.100277 
302.090616 
302.080954 
302.071290 
302.061624 
302.051957 
302.042288 
302.032618 
302.022946 
302.013273 
302.003598 
301.993922 
301.984244 
301.974565 
301.964884 
301.955202 
301.945518 
301.935833 
301.926146 
301.916458 
301.906768 
301.897077 
301.887384 
301.877689 
301.867993 
301.858296 
301.848597 
301.838896 
301.829194 
301.819491 
301.809786 
301.800079 
301.790371 
301.780661 
301.770950 
301.761237 
301.751523 
301.741807 
301.732090 
301.722371 
301.712651 
301.702929 
301.693205 
301.683480 
301.673754 
301.664026 
301.654296 
301.644565 
301.634833 
301.625098 
301.615363 
301.605625 
301.595887 
301.586146 
301.576404 
301.566661 
301.556916 
301.547170 
301.537422 
301.527672 
301.517921 
301.508168 
301.498414 
301.488658 
301.478901 
301.469142 
301.459382 
301.449620 
301.439856 
301.430091 
301.420325 
301.410557 
301.400787 
301.391016 
301.381243 
301.371469 
301.361693 
301.351916 
301.342137 
301.332356 
301.322574 
301.312790 
301.303005 
301.293218 
301.283430 
301.273640 
301.263849 
301.254056 
301.244261 
301.234465 
301.224667 
301.214868 
301.205067 
301.195265 
301.185461 
301.175656 
301.165849 
301.156040 
301.146230 
301.136418 
301.126605 
301.116790 
301.106973 
301.097155 
301.087336 
301.077515 
301.067692 
301.057868 
301.048042 
301.038214 
301.028385 
301.018555 
301.008722 
300.998889 
300.989053 
300.979216 
300.969378 
300.959538 
300.949696 
300.939853 
300.930008 
300.920162 
300.910314 
300.900464 
300.890613 
300.880761 
300.870906 
300.861050 
300.851193 
300.841334 
300.831473 
300.821611 
300.811747 
300.801882 
300.792015 
300.782146 
300.772276 
300.762404 
300.752531 
300.742656 
300.732780 
300.722902 
300.713022 
300.703141 
300.693258 
300.683373 
300.673487 
300.663599 
300.653710 
300.643819 
300.633927 
300.624033 
300.614137 
300.604240 
300.594341 
300.584440 
300.574538 
300.564635 
300.554729 
300.544822 
300.534914 
300.525004 
300.515092 
300.505179 
300.495264 
300.485347 
300.475429 
300.465509 
300.455588 
300.445665 
300.435740 
300.425814 
300.415886 
300.405957 
300.396026 
300.386093 
300.376159 
300.366223 
300.356285 
300.346346 
300.336406 
300.326463 
300.316519 
300.306574 
300.296626 
300.286678 
300.276727 
300.266775 
300.256821 
300.246866 
300.236909 
300.226950 
300.216990 
300.207028 
300.197065 
300.187100 
300.177133 
300.167165 
300.157195 
300.147223 
300.137250 
300.127275 
300.117298 
300.107320 
300.097340 
300.087359 
300.077376 
300.067391 
300.057405 
300.047417 
300.037427 
300.027436 
300.017443 
300.007449 
299.997452 
299.987455 
299.977455 
299.967454 
299.957451 
299.947447 
299.937441 
299.927433 
299.917424 
299.907413 
299.897400 
299.887386 
299.877370 
299.867353 
299.857333 
299.847313 
299.837290 
299.827266 
299.817240 
299.807213 
299.797184 
299.787153 
299.777120 
299.767086 
299.757051 
299.747013 
299.736974 
299.726933 
299.716891 
299.706847 
299.696801 
299.686754 
299.676705 
299.666654 
299.656602 
299.646548 
299.636492 
299.626435 
299.616376 
299.606315 
299.596253 
299.586189 
299.576123 
299.566056 
299.555987 
299.545916 
299.535843 
299.525769 
299.515694 
299.505616 
299.495537 
299.485456 
299.475374 
299.465290 
299.455204 
299.445117 
299.435028 
299.424937 
299.414844 
299.404750 
299.394654 
299.384557 
299.374457 
299.364357 
299.354254 
299.344150 
299.334044 
299.323936 
299.313827 
299.303716 
299.293603 
299.283489 
299.273373 
299.263255 
299.253135 
299.243014 
299.232891 
299.222767 
299.212640 
299.202512 
299.192383 
299.182251 
299.172118 
299.161984 
299.151847 
299.141709 
299.131569 
299.121428 
299.111285 
299.101140 
299.090993 
299.080845 
299.070695 
299.060543 
299.050389 
299.040234 
299.030077 
299.019919 
299.009759 
298.999597 
298.989433 
298.979267 
298.969100 
298.958931 
298.948761 
298.938589 
298.928415 
298.918239 
298.908062 
298.897882 
298.887702 
298.877519 
298.867335 
298.857149 
298.846961 
298.836772 
298.826580 
298.816388 
298.806193 
298.795997 
298.785799 
298.775599 
298.765397 
298.755194 
298.744989 
298.734782 
298.724574 
298.714364 
298.704152 
298.693938 
298.683723 
298.673506 
298.663287 
298.653067 
298.642844 
298.632620 
298.622395 
298.612167 
298.601938 
298.591707 
298.581474 
298.571240 
298.561004 
298.550766 
298.540526 
298.530285 
298.520041 
298.509797 
298.499550 
298.489302 
298.479051 
298.468800 
298.458546 
298.448291 
298.438033 
298.427775 
298.417514 
298.407252 
298.396987 
298.386722 
298.376454 
298.366185 
298.355913 
298.345641 
298.335366 
298.325090 
298.314811 
298.304531 
298.294250 
298.283966 
298.273681 
298.263394 
298.253105 
298.242815 
298.232523 
298.222229 
298.211933 
298.201635 
298.191336 
298.181035 
298.170732 
298.160427 
298.150121 
298.139813 
298.129503 
298.119191 
298.108878 
298.098562 
298.088245 
298.077927 
298.067606 
298.057284 
298.046959 
298.036634 
298.026306 
298.015976 
298.005645 
297.995312 
297.984977 
297.974641 
297.964302 
297.953962 
297.943620 
297.933276 
297.922931 
297.912583 
297.902234 
297.891883 
297.881531 
297.871176 
297.860820 
297.850462 
297.840102 
297.829740 
297.819377 
297.809012 
297.798645 
297.788276 
297.777905 
297.767533 
297.757159 
297.746783 
297.736405 
297.726025 
297.715644 
297.705260 
297.694875 
297.684489 
297.674100 
297.663710 
297.653317 
297.642923 
297.632527 
297.622130 
297.611730 
297.601329 
297.590926 
297.580521 
297.570114 
297.559705 
297.549295 
297.538883 
297.528469 
297.518053 
297.507635 
297.497216 
297.486795 
297.476372 
297.465947 
297.455520 
297.445091 
297.434661 
297.424229 
297.413795 
297.403359 
297.392921 
297.382482 
297.372040 
297.361597 
297.351152 
297.340705 
297.330257 
297.319806 
297.309354 
297.298900 
297.288444 
297.277986 
297.267526 
297.257065 
297.246601 
297.236136 
297.225669 
297.215200 
297.204729 
297.194257 
297.183783 
297.173306 
297.162828 
297.152348 
297.141867 
297.131383 
297.120897 
297.110410 
297.099921 
297.089430 
297.078937 
297.068442 
297.057946 
297.047447 
297.036947 
297.026445 
297.015941 
297.005435 
296.994928 
296.984418 
296.973907 
296.963393 
296.952878 
296.942361 
296.931842 
296.921322 
296.910799 
296.900275 
296.889748 
296.879220 
296.868690 
296.858158 
296.847624 
296.837089 
296.826551 
296.816012 
296.805471 
296.794927 
296.784382 
296.773836 
296.763287 
296.752736 
296.742184 
296.731629 
296.721073 
296.710515 
296.699955 
296.689393 
296.678829 
296.668264 
296.657696 
296.647127 
296.636555 
296.625982 
296.615407 
296.604830 
296.594251 
296.583670 
296.573088 
296.562503 
296.551917 
296.541328 
296.530738 
296.520146 
296.509552 
296.498956 
296.488358 
296.477759 
296.467157 
296.456554 
296.445948 
296.435341 
296.424732 
296.414121 
296.403508 
296.392893 
296.382276 
296.371657 
296.361037 
296.350414 
296.339790 
296.329163 
296.318535 
296.307905 
296.297273 
296.286639 
296.276003 
296.265365 
296.254725 
296.244084 
296.233440 
296.222795 
296.212147 
296.201498 
296.190847 
296.180193 
296.169538 
296.158881 
296.148222 
296.137561 
296.126899 
296.116234 
296.105567 
296.094899 
296.084228 
296.073556 
296.062881 
296.052205 
296.041527 
296.030847 
296.020165 
296.009481 
295.998795 
295.988107 
295.977417 
295.966725 
295.956031 
295.945336 
295.934638 
295.923939 
295.913237 
295.902534 
295.891828 
295.881121 
295.870412 
295.859701 
295.848987 
295.838272 
295.827555 
295.816836 
295.806115 
295.795392 
295.784667 
295.773941 
295.763212 
295.752481 
295.741748 
295.731014 
295.720277 
295.709539 
295.698798 
295.688056 
295.677311 
295.666565 
295.655816 
295.645066 
295.634314 
295.623559 
295.612803 
295.602045 
295.591285 
295.580523 
295.569758 
295.558992 
295.548224 
295.537454 
295.526682 
295.515908 
295.505132 
295.494354 
295.483574 
295.472792 
295.462009 
295.451223 
295.440435 
295.429645 
295.418853 
295.408059 
295.397264 
295.386466 
295.375666 
295.364864 
295.354061 
295.343255 
295.332447 
295.321637 
295.310826 
295.300012 
295.289196 
295.278379 
295.267559 
295.256737 
295.245914 
295.235088 
295.224260 
295.213431 
295.202599 
295.191765 
295.180929 
295.170092 
295.159252 
295.148410 
295.137567 
295.126721 
295.115873 
295.105023 
295.094172 
295.083318 
295.072462 
295.061604 
295.050745 
295.039883 
295.029019 
295.018153 
295.007285 
294.996415 
294.985543 
294.974669 
294.963793 
294.952915 
294.942035 
294.931153 
294.920269 
294.909383 
294.898495 
294.887605 
294.876713 
294.865819 
294.854922 
294.844024 
294.833124 
294.822222 
294.811317 
294.800411 
294.789502 
294.778592 
294.767679 
294.756765 
294.745848 
294.734929 
294.724009 
294.713086 
294.702161 
294.691234 
294.680306 
294.669375 
294.658442 
294.647507 
294.636570 
294.625631 
294.614689 
294.603746 
294.592801 
294.581854 
294.570904 
294.559953 
294.548999 
294.538044 
294.527086 
294.516126 
294.505165 
294.494201 
294.483235 
294.472267 
294.461297 
294.450325 
294.439351 
294.428375 
294.417396 
294.406416 
294.395434 
294.384449 
294.373463 
294.362474 
294.351483 
294.340490 
294.329496 
294.318499 
294.307500 
294.296498 
294.285495 
294.274490 
294.263483 
294.252473 
294.241462 
294.230448 
294.219432 
294.208415 
294.197395 
294.186373 
294.175349 
294.164323 
294.153294 
294.142264 
294.131232 
294.120197 
294.109161 
294.098122 
294.087081 
294.076038 
294.064993 
294.053946 
294.042897 
294.031845 
294.020792 
294.009736 
293.998679 
293.987619 
293.976557 
293.965493 
293.954427 
293.943359 
293.932289 
293.921216 
293.910142 
293.899065 
293.887986 
293.876905 
293.865822 
293.854737 
293.843650 
293.832561 
293.821469 
293.810376 
293.799280 
293.788182 
293.777082 
293.765980 
293.754876 
293.743769 
293.732661 
293.721550 
293.710438 
293.699323 
293.688206 
293.677086 
293.665965 
293.654842 
293.643716 
293.632588 
293.621459 
293.610327 
293.599192 
293.588056 
293.576918 
293.565777 
293.554634 
293.543489 
293.532342 
293.521193 
293.510042 
293.498888 
293.487733 
293.476575 
293.465415 
293.454253 
293.443089 
293.431922 
293.420754 
293.409583 
293.398410 
293.387235 
293.376058 
293.364878 
293.353697 
293.342513 
293.331327 
293.320139 
293.308949 
293.297757 
293.286562 
293.275365 
293.264166 
293.252965 
293.241762 
293.230557 
293.219349 
293.208139 
293.196927 
293.185713 
293.174497 
293.163278 
293.152058 
293.140835 
293.129610 
293.118382 
293.107153 
293.095921 
293.084687 
293.073451 
293.062213 
293.050973 
293.039730 
293.028485 
293.017238 
293.005989 
292.994738 
292.983484 
292.972228 
292.960970 
292.949710 
292.938448 
292.927183 
292.915916 
292.904647 
292.893376 
292.882103 
292.870827 
292.859549 
292.848269 
292.836987 
292.825702 
292.814416 
292.803127 
292.791835 
292.780542 
292.769246 
292.757949 
292.746649 
292.735346 
292.724042 
292.712735 
292.701426 
292.690115 
292.678802 
292.667486 
292.656168 
292.644848 
292.633526 
292.622201 
292.610874 
292.599545 
292.588214 
292.576880 
292.565545 
292.554207 
292.542867 
292.531524 
292.520179 
292.508832 
292.497483 
292.486132 
292.474778 
292.463422 
292.452064 
292.440703 
292.429341 
292.417976 
292.406608 
292.395239 
292.383867 
292.372493 
292.361117 
292.349738 
292.338358 
292.326975 
292.315589 
292.304202 
292.292812 
292.281420 
292.270025 
292.258629 
292.247230 
292.235829 
292.224425 
292.213020 
292.201611 
292.190201 
292.178789 
292.167374 
292.155957 
292.144537 
292.133116 
292.121692 
292.110265 
292.098837 
292.087406 
292.075973 
292.064538 
292.053100 
292.041660 
292.030218 
292.018773 
292.007326 
291.995877 
291.984426 
291.972972 
291.961516 
291.950057 
291.938597 
291.927134 
291.915669 
291.904201 
291.892731 
291.881259 
291.869784 
291.858308 
291.846829 
291.835347 
291.823863 
291.812377 
291.800889 
291.789398 
291.777905 
291.766410 
291.754912 
291.743413 
291.731910 
291.720406 
291.708899 
291.697390 
291.685878 
291.674364 
291.662848 
291.651329 
291.639808 
291.628285 
291.616760 
291.605232 
291.593702 
291.582169 
291.570634 
291.559097 
291.547557 
291.536015 
291.524471 
291.512925 
291.501376 
291.489824 
291.478271 
291.466715 
291.455156 
291.443596 
291.432033 
291.420467 
291.408899 
291.397329 
291.385757 
291.374182 
291.362605 
291.351025 
291.339443 
291.327859 
291.316273 
291.304684 
291.293092 
291.281498 
291.269902 
291.258304 
291.246703 
291.235100 
291.223494 
291.211886 
291.200276 
291.188663 
291.177048 
291.165431 
291.153811 
291.142189 
291.130564 
291.118937 
291.107308 
291.095676 
291.084042 
291.072405 
291.060766 
291.049125 
291.037481 
291.025835 
291.014187 
291.002536 
290.990882 
290.979227 
290.967569 
290.955908 
290.944245 
290.932580 
290.920912 
290.909242 
290.897569 
290.885894 
290.874217 
290.862537 
290.850855 
290.839171 
290.827484 
290.815794 
290.804102 
290.792408 
290.780711 
290.769012 
290.757311 
290.745607 
290.733901 
290.722192 
290.710481 
290.698767 
290.687051 
290.675332 
290.663611 
290.651888 
290.640162 
290.628434 
290.616703 
290.604970 
290.593235 
290.581497 
290.569756 
290.558013 
290.546268 
290.534520 
290.522770 
290.511017 
290.499262 
290.487505 
290.475745 
290.463982 
290.452217 
290.440450 
290.428680 
290.416908 
290.405133 
290.393356 
290.381576 
290.369794 
290.358009 
290.346222 
290.334433 
290.322641 
290.310846 
290.299049 
290.287250 
290.275448 
290.263644 
290.251837 
290.240027 
290.228216 
290.216401 
290.204584 
290.192765 
290.180944 
290.169119 
290.157293 
290.145463 
290.133632 
290.121798 
290.109961 
290.098122 
290.086280 
290.074436 
290.062589 
290.050740 
290.038889 
290.027034 
290.015178 
290.003319 
289.991457 
289.979593 
289.967726 
289.955857 
289.943985 
289.932111 
289.920234 
289.908355 
289.896473 
289.884589 
289.872702 
289.860813 
289.848921 
289.837027 
289.825130 
289.813231 
289.801329 
289.789425 
289.777518 
289.765608 
289.753696 
289.741782 
289.729864 
289.717945 
289.706023 
289.694098 
289.682171 
289.670241 
289.658309 
289.646374 
289.634436 
289.622497 
289.610554 
289.598609 
289.586661 
289.574711 
289.562759 
289.550803 
289.538846 
289.526885 
289.514922 
289.502957 
289.490989 
289.479018 
289.467045 
289.455069 
289.443091 
289.431110 
289.419127 
289.407141 
289.395152 
289.383161 
289.371168 
289.359171 
289.347172 
289.335171 
289.323167 
289.311160 
289.299151 
289.287139 
289.275125 
289.263108 
289.251089 
289.239067 
289.227042 
289.215015 
289.202985 
289.190952 
289.178917 
289.166880 
289.154839 
289.142796 
289.130751 
289.118703 
289.106652 
289.094599 
289.082543 
289.070485 
289.058424 
289.046360 
289.034294 
289.022225 
289.010153 
288.998079 
288.986002 
288.973923 
288.961841 
288.949756 
288.937669 
288.925579 
288.913486 
288.901391 
288.889294 
288.877193 
288.865090 
288.852984 
288.840876 
288.828765 
288.816652 
288.804535 
288.792417 
288.780295 
288.768171 
288.756044 
288.743915 
288.731783 
288.719648 
288.707511 
288.695371 
288.683228 
288.671083 
288.658935 
288.646784 
288.634631 
288.622475 
288.610316 
288.598155 
288.585991 
288.573824 
288.561655 
288.549483 
288.537308 
288.525131 
288.512951 
288.500769 
288.488583 
288.476395 
288.464205 
288.452011 
288.439815 
288.427617 
288.415415 
288.403211 
288.391004 
288.378795 
288.366583 
288.354368 
288.342150 
288.329930 
288.317707 
288.305482 
288.293253 
288.281022 
288.268788 
288.256552 
288.244313 
288.232071 
288.219827 
288.207579 
288.195329 
288.183077 
288.170821 
288.158563 
288.146302 
288.134039 
288.121773 
288.109504 
288.097232 
288.084957 
288.072680 
288.060400 
288.048118 
288.035832 
288.023544 
288.011254 
287.998960 
287.986664 
287.974365 
287.962063 
287.949759 
287.937451 
287.925141 
287.912829 
287.900513 
287.888195 
287.875874 
287.863550 
287.851224 
287.838895 
287.826563 
287.814228 
287.801890 
287.789550 
287.777207 
287.764861 
287.752513 
287.740161 
287.727807 
287.715451 
287.703091 
287.690729 
287.678363 
287.665995 
287.653625 
287.641251 
287.628875 
287.616496 
287.604114 
287.591729 
287.579342 
287.566952 
287.554559 
287.542163 
287.529765 
287.517363 
287.504959 
287.492552 
287.480142 
287.467730 
287.455314 
287.442896 
287.430475 
287.418052 
287.405625 
287.393196 
287.380763 
287.368328 
287.355891 
287.343450 
287.331006 
287.318560 
287.306111 
287.293659 
287.281204 
287.268747 
287.256287 
287.243823 
287.231357 
287.218888 
287.206417 
287.193942 
287.181465 
287.168985 
287.156502 
287.144016 
287.131527 
287.119035 
287.106541 
287.094044 
287.081544 
287.069041 
287.056535 
287.044026 
287.031515 
287.019000 
287.006483 
286.993963 
286.981440 
286.968914 
286.956385 
286.943854 
286.931319 
286.918782 
286.906242 
286.893699 
286.881153 
286.868604 
286.856052 
286.843498 
286.830940 
286.818380 
286.805817 
286.793251 
286.780682 
286.768110 
286.755535 
286.742958 
286.730377 
286.717794 
286.705207 
286.692618 
286.680026 
286.667431 
286.654833 
286.642232 
286.629629 
286.617022 
286.604412 
286.591800 
286.579184 
286.566566 
286.553945 
286.541321 
286.528694 
286.516064 
286.503431 
286.490795 
286.478156 
286.465515 
286.452870 
286.440222 
286.427572 
286.414919 
286.402262 
286.389603 
286.376941 
286.364276 
286.351607 
286.338936 
286.326262 
286.313585 
286.300906 
286.288223 
286.275537 
286.262848 
286.250156 
286.237462 
286.224764 
286.212064 
286.199360 
286.186653 
286.173944 
286.161232 
286.148516 
286.135798 
286.123076 
286.110352 
286.097625 
286.084894 
286.072161 
286.059425 
286.046686 
286.033943 
286.021198 
286.008450 
285.995699 
285.982944 
285.970187 
285.957427 
285.944664 
285.931898 
285.919129 
285.906356 
285.893581 
285.880803 
285.868022 
285.855238 
285.842450 
285.829660 
285.816867 
285.804071 
285.791271 
285.778469 
285.765664 
285.752855 
285.740044 
285.727229 
285.714412 
285.701592 
285.688768 
285.675941 
285.663112 
285.650279 
285.637444 
285.624605 
285.611763 
285.598918 
285.586071 
285.573220 
285.560366 
285.547509 
285.534649 
285.521786 
285.508920 
285.496050 
285.483178 
285.470303 
285.457424 
285.444543 
285.431658 
285.418771 
285.405880 
285.392986 
285.380090 
285.367190 
285.354287 
285.341381 
285.328472 
285.315559 
285.302644 
285.289726 
285.276804 
285.263880 
285.250952 
285.238021 
285.225087 
285.212150 
285.199210 
285.186267 
285.173321 
285.160371 
285.147419 
285.134463 
285.121505 
285.108543 
285.095578 
285.082610 
285.069639 
285.056664 
285.043687 
285.030707 
285.017723 
285.004736 
284.991746 
284.978753 
284.965757 
284.952758 
284.939755 
284.926750 
284.913741 
284.900729 
284.887714 
284.874696 
284.861675 
284.848650 
284.835622 
284.822592 
284.809558 
284.796521 
284.783480 
284.770437 
284.757391 
284.744341 
284.731288 
284.718232 
284.705173 
284.692110 
284.679045 
284.665976 
284.652904 
284.639829 
284.626750 
284.613669 
284.600584 
284.587496 
284.574405 
284.561311 
284.548214 
284.535113 
284.522009 
284.508902 
284.495792 
284.482679 
284.469562 
284.456442 
284.443319 
284.430193 
284.417063 
284.403931 
284.390795 
284.377656 
284.364513 
284.351368 
284.338219 
284.325067 
284.311912 
284.298753 
284.285592 
284.272427 
284.259258 
284.246087 
284.232912 
284.219734 
284.206553 
284.193369 
284.180181 
284.166990 
284.153796 
284.140599 
284.127398 
284.114194 
284.100987 
284.087777 
284.074563 
284.061346 
284.048126 
284.034902 
284.021676 
284.008446 
283.995212 
283.981976 
283.968736 
283.955493 
283.942246 
283.928997 
283.915744 
283.902487 
283.889228 
283.875965 
283.862699 
283.849429 
283.836157 
283.822881 
283.809601 
283.796319 
283.783033 
283.769743 
283.756451 
283.743155 
283.729856 
283.716553 
283.703247 
283.689938 
283.676625 
283.663310 
283.649990 
283.636668 
283.623342 
283.610013 
283.596681 
283.583345 
283.570006 
283.556663 
283.543317 
283.529968 
283.516615 
283.503260 
283.489900 
283.476538 
283.463172 
283.449802 
283.436430 
283.423054 
283.409674 
283.396292 
283.382906 
283.369516 
283.356123 
283.342727 
283.329327 
283.315924 
283.302518 
283.289108 
283.275695 
283.262278 
283.248859 
283.235435 
283.222008 
283.208578 
283.195145 
283.181708 
283.168268 
283.154824 
283.141377 
283.127926 
283.114472 
283.101015 
283.087554 
283.074090 
283.060622 
283.047151 
283.033677 
283.020199 
283.006718 
282.993233 
282.979745 
282.966253 
282.952758 
282.939260 
282.925758 
282.912253 
282.898744 
282.885232 
282.871716 
282.858197 
282.844674 
282.831148 
282.817619 
282.804086 
282.790549 
282.777010 
282.763466 
282.749919 
282.736369 
282.722815 
282.709258 
282.695697 
282.682133 
282.668566 
282.654994 
282.641420 
282.627842 
282.614260 
282.600675 
282.587086 
282.573494 
282.559899 
282.546300 
282.532697 
282.519091 
282.505481 
282.491868 
282.478252 
282.464631 
282.451008 
282.437381 
282.423750 
282.410116 
282.396478 
282.382837 
282.369192 
282.355544 
282.341892 
282.328236 
282.314577 
282.300915 
282.287249 
282.273579 
282.259906 
282.246229 
282.232549 
282.218865 
282.205178 
282.191487 
282.177793 
282.164095 
282.150393 
282.136688 
282.122979 
282.109267 
282.095551 
282.081832 
282.068109 
282.054382 
282.040652 
282.026918 
282.013181 
281.999440 
281.985695 
281.971947 
281.958196 
281.944440 
281.930681 
281.916919 
281.903153 
281.889383 
281.875609 
281.861833 
281.848052 
281.834268 
281.820480 
281.806688 
281.792893 
281.779095 
281.765292 
281.751486 
281.737677 
281.723864 
281.710047 
281.696226 
281.682402 
281.668574 
281.654743 
281.640908 
281.627069 
281.613226 
281.599380 
281.585531 
281.571677 
281.557820 
281.543959 
281.530095 
281.516227 
281.502355 
281.488480 
281.474601 
281.460718 
281.446831 
281.432941 
281.419047 
281.405150 
281.391249 
281.377344 
281.363435 
281.349523 
281.335607 
281.321687 
281.307764 
281.293837 
281.279906 
281.265971 
281.252033 
281.238091 
281.224145 
281.210196 
281.196242 
281.182286 
281.168325 
281.154361 
281.140392 
281.126421 
281.112445 
281.098466 
281.084483 
281.070496 
281.056505 
281.042511 
281.028513 
281.014511 
281.000505 
280.986496 
280.972483 
280.958466 
280.944445 
280.930421 
280.916392 
280.902360 
280.888325 
280.874285 
280.860242 
280.846194 
280.832143 
280.818089 
280.804030 
280.789968 
280.775902 
280.761832 
280.747758 
280.733680 
280.719599 
280.705514 
280.691425 
280.677332 
280.663235 
280.649135 
280.635031 
280.620923 
280.606811 
280.592695 
280.578575 
280.564452 
280.550325 
280.536193 
280.522058 
280.507920 
280.493777 
280.479630 
280.465480 
280.451326 
280.437168 
280.423006 
280.408840 
280.394670 
280.380496 
280.366319 
280.352138 
280.337952 
280.323763 
280.309570 
280.295373 
280.281173 
280.266968 
280.252759 
280.238547 
280.224331 
280.210110 
280.195886 
280.181658 
280.167426 
280.153190 
280.138950 
280.124707 
280.110459 
280.096207 
280.081952 
280.067692 
280.053429 
280.039162 
280.024890 
280.010615 
279.996336 
279.982053 
279.967766 
279.953475 
279.939180 
279.924881 
279.910578 
279.896272 
279.881961 
279.867646 
279.853327 
279.839005 
279.824678 
279.810347 
279.796013 
279.781674 
279.767332 
279.752985 
279.738635 
279.724280 
279.709921 
279.695559 
279.681192 
279.666822 
279.652447 
279.638069 
279.623686 
279.609299 
279.594909 
279.580514 
279.566116 
279.551713 
279.537306 
279.522895 
279.508481 
279.494062 
279.479639 
279.465212 
279.450781 
279.436346 
279.421907 
279.407464 
279.393017 
279.378566 
279.364110 
279.349651 
279.335188 
279.320720 
279.306248 
279.291773 
279.277293 
279.262809 
279.248321 
279.233830 
279.219333 
279.204833 
279.190329 
279.175821 
279.161308 
279.146792 
279.132271 
279.117746 
279.103217 
279.088684 
279.074147 
279.059606 
279.045061 
279.030511 
279.015958 
279.001400 
278.986838 
278.972272 
278.957702 
278.943127 
278.928549 
278.913966 
278.899380 
278.884789 
278.870194 
278.855594 
278.840991 
278.826384 
278.811772 
278.797156 
278.782536 
278.767912 
278.753283 
278.738650 
278.724014 
278.709373 
278.694727 
278.680078 
278.665424 
278.650767 
278.636105 
278.621438 
278.606768 
278.592093 
278.577415 
278.562731 
278.548044 
278.533353 
278.518657 
278.503957 
278.489253 
278.474544 
278.459832 
278.445115 
278.430393 
278.415668 
278.400938 
278.386204 
278.371466 
278.356724 
278.341977 
278.327226 
278.312471 
278.297711 
278.282947 
278.268179 
278.253407 
278.238630 
278.223849 
278.209064 
278.194275 
278.179481 
278.164683 
278.149880 
278.135074 
278.120262 
278.105447 
278.090627 
278.075803 
278.060975 
278.046142 
278.031306 
278.016464 
278.001619 
277.986769 
277.971914 
277.957056 
277.942193 
277.927325 
277.912454 
277.897578 
277.882697 
277.867812 
277.852923 
277.838030 
277.823132 
277.808230 
277.793323 
277.778412 
277.763496 
277.748577 
277.733652 
277.718724 
277.703791 
277.688854 
277.673912 
277.658966 
277.644015 
277.629060 
277.614101 
277.599137 
277.584169 
277.569196 
277.554219 
277.539237 
277.524251 
277.509261 
277.494266 
277.479267 
277.464263 
277.449255 
277.434242 
277.419225 
277.404203 
277.389177 
277.374147 
277.359112 
277.344073 
277.329029 
277.313980 
277.298927 
277.283870 
277.268808 
277.253742 
277.238671 
277.223596 
277.208516 
277.193431 
277.178343 
277.163249 
277.148151 
277.133049 
277.117942 
277.102831 
277.087715 
277.072594 
277.057469 
277.042340 
277.027205 
277.012067 
276.996924 
276.981776 
276.966623 
276.951467 
276.936305 
276.921139 
276.905969 
276.890793 
276.875614 
276.860429 
276.845241 
276.830047 
276.814849 
276.799646 
276.784439 
276.769227 
276.754011 
276.738790 
276.723564 
276.708334 
276.693099 
276.677860 
276.662615 
276.647367 
276.632113 
276.616855 
276.601593 
276.586325 
276.571054 
276.555777 
276.540496 
276.525210 
276.509919 
276.494624 
276.479324 
276.464020 
276.448711 
276.433397 
276.418078 
276.402755 
276.387427 
276.372094 
276.356757 
276.341415 
276.326069 
276.310717 
276.295361 
276.280000 
276.264635 
276.249265 
276.233890 
276.218510 
276.203126 
276.187737 
276.172343 
276.156944 
276.141541 
276.126133 
276.110720 
276.095302 
276.079880 
276.064453 
276.049021 
276.033585 
276.018143 
276.002697 
275.987246 
275.971790 
275.956330 
275.940865 
275.925395 
275.909920 
275.894440 
275.878956 
275.863466 
275.847972 
275.832473 
275.816970 
275.801461 
275.785948 
275.770430 
275.754907 
275.739379 
275.723846 
275.708309 
275.692767 
275.677219 
275.661667 
275.646110 
275.630549 
275.614982 
275.599411 
275.583834 
275.568253 
275.552667 
275.537076 
275.521480 
275.505879 
275.490274 
275.474663 
275.459048 
275.443427 
275.427802 
275.412172 
275.396537 
275.380897 
275.365252 
275.349602 
275.333947 
275.318287 
275.302623 
275.286953 
275.271279 
275.255599 
275.239915 
275.224225 
275.208531 
275.192832 
275.177127 
275.161418 
275.145704 
275.129985 
275.114260 
275.098531 
275.082797 
275.067058 
275.051314 
275.035565 
275.019810 
275.004051 
274.988287 
274.972518 
274.956744 
274.940964 
274.925180 
274.909391 
274.893596 
274.877797 
274.861992 
274.846183 
274.830368 
274.814549 
274.798724 
274.782894 
274.767060 
274.751220 
274.735375 
274.719525 
274.703670 
274.687809 
274.671944 
274.656074 
274.640198 
274.624318 
274.608432 
274.592541 
274.576645 
274.560744 
274.544838 
274.528927 
274.513010 
274.497089 
274.481162 
274.465230 
274.449293 
274.433351 
274.417404 
274.401451 
274.385493 
274.369531 
274.353563 
274.337589 
274.321611 
274.305628 
274.289639 
274.273645 
274.257646 
274.241642 
274.225632 
274.209617 
274.193597 
274.177572 
274.161542 
274.145506 
274.129466 
274.113420 
274.097368 
274.081312 
274.065250 
274.049183 
274.033111 
274.017033 
274.000950 
273.984862 
273.968769 
273.952670 
273.936566 
273.920457 
273.904343 
273.888223 
273.872098 
273.855968 
273.839832 
273.823691 
273.807545 
273.791393 
273.775236 
273.759074 
273.742906 
273.726733 
273.710555 
273.694372 
273.678183 
273.661988 
273.645789 
273.629584 
273.613373 
273.597158 
273.580936 
273.564710 
273.548478 
273.532241 
273.515998 
273.499750 
273.483497 
273.467238 
273.450974 
273.434704 
273.418429 
273.402148 
273.385862 
273.369571 
273.353274 
273.336972 
273.320664 
273.304351 
273.288033 
273.271709 
273.255379 
273.239044 
273.222704 
273.206358 
273.190007 
273.173650 
273.157287 
273.140920 
273.124546 
273.108167 
273.091783 
273.075393 
273.058998 
273.042597 
273.026191 
273.009779 
272.993361 
272.976938 
272.960510 
272.944076 
272.927636 
272.911191 
272.894740 
272.878284 
272.861822 
272.845355 
272.828882 
272.812403 
272.795919 
272.779429 
272.762934 
272.746433 
272.729926 
272.713414 
272.696896 
272.680373 
272.663844 
272.647309 
272.630769 
272.614223 
272.597671 
272.581114 
272.564551 
272.547983 
272.531408 
272.514829 
272.498243 
272.481652 
272.465055 
272.448452 
272.431844 
272.415230 
272.398611 
272.381985 
272.365354 
272.348717 
272.332075 
272.315427 
272.298773 
272.282113 
272.265448 
272.248777 
272.232100 
272.215417 
272.198729 
272.182035 
272.165335 
272.148629 
272.131918 
272.115200 
272.098477 
272.081749 
272.065014 
272.048274 
272.031527 
272.014775 
271.998018 
271.981254 
271.964485 
271.947709 
271.930928 
271.914141 
271.897348 
271.880550 
271.863745 
271.846935 
271.830119 
271.813297 
271.796469 
271.779635 
271.762795 
271.745950 
271.729098 
271.712241 
271.695377 
271.678508 
271.661633 
271.644752 
271.627865 
271.610972 
271.594074 
271.577169 
271.560258 
271.543341 
271.526419 
271.509490 
271.492556 
271.475615 
271.458669 
271.441717 
271.424758 
271.407794 
271.390823 
271.373847 
271.356865 
271.339876 
271.322882 
271.305882 
271.288875 
271.271863 
271.254844 
271.237820 
271.220789 
271.203752 
271.186710 
271.169661 
271.152606 
271.135545 
271.118478 
271.101405 
271.084326 
271.067241 
271.050150 
271.033052 
271.015949 
270.998839 
270.981723 
270.964601 
270.947474 
270.930339 
270.913199 
270.896053 
270.878900 
270.861741 
270.844577 
270.827406 
270.810228 
270.793045 
270.775855 
270.758660 
270.741458 
270.724250 
270.707035 
270.689815 
270.672588 
270.655355 
270.638116 
270.620870 
270.603619 
270.586361 
270.569097 
270.551826 
270.534549 
270.517267 
270.499977 
270.482682 
270.465380 
270.448072 
270.430758 
270.413437 
270.396110 
270.378777 
270.361438 
270.344092 
270.326740 
270.309381 
270.292016 
270.274645 
270.257267 
270.239884 
270.222493 
270.205097 
270.187694 
270.170284 
270.152869 
270.135447 
270.118018 
270.100583 
270.083142 
270.065694 
270.048240 
270.030780 
270.013313 
269.995839 
269.978360 
269.960873 
269.943381 
269.925881 
269.908376 
269.890864 
269.873345 
269.855820 
269.838289 
269.820751 
269.803206 
269.785655 
269.768098 
269.750534 
269.732963 
269.715386 
269.697803 
269.680213 
269.662616 
269.645013 
269.627403 
269.609787 
269.592164 
269.574534 
269.556898 
269.539256 
269.521607 
269.503951 
269.486288 
269.468620 
269.450944 
269.433262 
269.415573 
269.397877 
269.380175 
269.362467 
269.344751 
269.327029 
269.309301 
269.291565 
269.273823 
269.256075 
269.238319 
269.220557 
269.202788 
269.185013 
269.167231 
269.149442 
269.131646 
269.113844 
269.096035 
269.078219 
269.060396 
269.042567 
269.024731 
269.006888 
268.989039 
268.971182 
268.953319 
268.935449 
268.917573 
268.899689 
268.881799 
268.863902 
268.845998 
268.828087 
268.810169 
268.792245 
268.774314 
268.756375 
268.738430 
268.720479 
268.702520 
268.684554 
268.666582 
268.648602 
268.630616 
268.612623 
268.594623 
268.576616 
268.558602 
268.540581 
268.522553 
268.504519 
268.486477 
268.468428 
268.450373 
268.432310 
268.414241 
268.396164 
268.378081 
268.359990 
268.341893 
268.323788 
268.305677 
268.287559 
268.269433 
268.251300 
268.233161 
268.215014 
268.196861 
268.178700 
268.160532 
268.142357 
268.124175 
268.105986 
268.087790 
268.069587 
268.051377 
268.033159 
268.014935 
267.996703 
267.978464 
267.960218 
267.941965 
267.923705 
267.905438 
267.887163 
267.868882 
267.850593 
267.832297 
267.813993 
267.795683 
267.777365 
267.759041 
267.740708 
267.722369 
267.704023 
267.685669 
267.667308 
267.648940 
267.630564 
267.612181 
267.593791 
267.575394 
267.556989 
267.538577 
267.520158 
267.501732 
267.483298 
267.464857 
267.446408 
267.427952 
267.409489 
267.391019 
267.372541 
267.354055 
267.335563 
267.317063 
267.298555 
267.280041 
267.261518 
267.242989 
267.224452 
267.205908 
267.187356 
267.168796 
267.150230 
267.131656 
267.113074 
267.094485 
267.075888 
267.057284 
267.038673 
267.020054 
267.001427 
266.982793 
266.964152 
266.945503 
266.926846 
266.908182 
266.889510 
266.870831 
266.852144 
266.833450 
266.814748 
266.796039 
266.777322 
266.758597 
266.739865 
266.721125 
266.702377 
266.683622 
266.664860 
266.646089 
266.627311 
266.608525 
266.589732 
266.570931 
266.552122 
266.533306 
266.514482 
266.495650 
266.476811 
266.457963 
266.439109 
266.420246 
266.401375 
266.382497 
266.363611 
266.344718 
266.325816 
266.306907 
266.287990 
266.269065 
266.250133 
266.231193 
266.212244 
266.193288 
266.174325 
266.155353 
266.136373 
266.117386 
266.098391 
266.079388 
266.060377 
266.041358 
266.022331 
266.003296 
265.984254 
265.965203 
265.946145 
265.927079 
265.908004 
265.888922 
265.869832 
265.850734 
265.831628 
265.812513 
265.793391 
265.774261 
265.755123 
265.735977 
265.716823 
265.697661 
265.678491 
265.659312 
265.640126 
265.620932 
265.601729 
265.582519 
265.563300 
265.544074 
265.524839 
265.505596 
265.486345 
265.467086 
265.447819 
265.428543 
265.409260 
265.389968 
265.370668 
265.351360 
265.332044 
265.312719 
265.293387 
265.274046 
265.254697 
265.235340 
265.215974 
265.196600 
265.177218 
265.157828 
265.138430 
265.119023 
265.099608 
265.080184 
265.060753 
265.041313 
265.021864 
265.002408 
264.982943 
264.963469 
264.943988 
264.924497 
264.904999 
264.885492 
264.865977 
264.846454 
264.826922 
264.807381 
264.787832 
264.768275 
264.748709 
264.729135 
264.709553 
264.689962 
264.670362 
264.650754 
264.631137 
264.611512 
264.591879 
264.572237 
264.552586 
264.532927 
264.513260 
264.493583 
264.473899 
264.454205 
264.434503 
264.414793 
264.395074 
264.375346 
264.355610 
264.335865 
264.316111 
264.296349 
264.276578 
264.256798 
264.237010 
264.217213 
264.197407 
264.177593 
264.157770 
264.137938 
264.118098 
264.098249 
264.078391 
264.058524 
264.038649 
264.018764 
263.998871 
263.978970 
263.959059 
263.939139 
263.919211 
263.899274 
263.879328 
263.859373 
263.839410 
263.819437 
263.799456 
263.779466 
263.759467 
263.739459 
263.719442 
263.699416 
263.679381 
263.659337 
263.639284 
263.619223 
263.599152 
263.579072 
263.558984 
263.538886 
263.518780 
263.498664 
263.478539 
263.458405 
263.438263 
263.418111 
263.397950 
263.377780 
263.357601 
263.337413 
263.317216 
263.297009 
263.276794 
263.256569 
263.236335 
263.216092 
263.195840 
263.175579 
263.155308 
263.135029 
263.114740 
263.094442 
263.074134 
263.053818 
263.033492 
263.013157 
262.992812 
262.972459 
262.952096 
262.931724 
262.911342 
262.890951 
262.870551 
262.850142 
262.829723 
262.809295 
262.788857 
262.768410 
262.747954 
262.727488 
262.707013 
262.686528 
262.666034 
262.645531 
262.625018 
262.604495 
262.583964 
262.563422 
262.542871 
262.522311 
262.501741 
262.481162 
262.460573 
262.439974 
262.419366 
262.398749 
262.378122 
262.357485 
262.336839 
262.316183 
262.295517 
262.274842 
262.254157 
262.233462 
262.212758 
262.192044 
262.171321 
262.150588 
262.129845 
262.109092 
262.088330 
262.067557 
262.046776 
262.025984 
262.005182 
261.984371 
261.963550 
261.942719 
261.921879 
261.901028 
261.880168 
261.859298 
261.838418 
261.817528 
261.796628 
261.775719 
261.754799 
261.733869 
261.712930 
261.691981 
261.671021 
261.650052 
261.629073 
261.608084 
261.587084 
261.566075 
261.545056 
261.524026 
261.502987 
261.481938 
261.460878 
261.439809 
261.418729 
261.397639 
261.376540 
261.355430 
261.334309 
261.313179 
261.292039 
261.270888 
261.249727 
261.228556 
261.207375 
261.186184 
261.164982 
261.143770 
261.122548 
261.101316 
261.080073 
261.058820 
261.037557 
261.016284 
260.995000 
260.973705 
260.952401 
260.931086 
260.909761 
260.888425 
260.867079 
260.845722 
260.824356 
260.802978 
260.781590 
260.760192 
260.738783 
260.717364 
260.695935 
260.674494 
260.653044 
260.631582 
260.610111 
260.588628 
260.567135 
260.545632 
260.524118 
260.502593 
260.481058 
260.459512 
260.437955 
260.416388 
260.394810 
260.373221 
260.351622 
260.330012 
260.308391 
260.286760 
260.265118 
260.243465 
260.221801 
260.200126 
260.178441 
260.156745 
260.135038 
260.113320 
260.091592 
260.069852 
260.048102 
260.026341 
260.004569 
259.982785 
259.960991 
259.939187 
259.917371 
259.895544 
259.873706 
259.851857 
259.829997 
259.808127 
259.786245 
259.764352 
259.742448 
259.720533 
259.698607 
259.676670 
259.654721 
259.632762 
259.610791 
259.588809 
259.566816 
259.544812 
259.522797 
259.500771 
259.478733 
259.456684 
259.434624 
259.412552 
259.390470 
259.368376 
259.346270 
259.324154 
259.302026 
259.279886 
259.257736 
259.235574 
259.213400 
259.191215 
259.169019 
259.146812 
259.124593 
259.102362 
259.080120 
259.057866 
259.035601 
259.013325 
258.991037 
258.968737 
258.946426 
258.924103 
258.901769 
258.879423 
258.857066 
258.834697 
258.812316 
258.789923 
258.767519 
258.745104 
258.722676 
258.700237 
258.677786 
258.655323 
258.632849 
258.610363 
258.587865 
258.565355 
258.542833 
258.520300 
258.497755 
258.475197 
258.452628 
258.430048 
258.407455 
258.384850 
258.362233 
258.339605 
258.316964 
258.294312 
258.271647 
258.248970 
258.226282 
258.203581 
258.180869 
258.158144 
258.135407 
258.112658 
258.089897 
258.067124 
258.044338 
258.021541 
257.998731 
257.975909 
257.953075 
257.930229 
257.907370 
257.884499 
257.861616 
257.838721 
257.815813 
257.792893 
257.769961 
257.747016 
257.724059 
257.701089 
257.678107 
257.655113 
257.632106 
257.609087 
257.586056 
257.563012 
257.539955 
257.516886 
257.493804 
257.470710 
257.447603 
257.424484 
257.401352 
257.378207 
257.355050 
257.331880 
257.308698 
257.285503 
257.262295 
257.239074 
257.215841 
257.192595 
257.169336 
257.146065 
257.122780 
257.099483 
257.076173 
257.052850 
257.029515 
257.006166 
256.982805 
256.959430 
256.936043 
256.912643 
256.889229 
256.865803 
256.842364 
256.818912 
256.795447 
256.771968 
256.748477 
256.724973 
256.701455 
256.677925 
256.654381 
256.630824 
256.607254 
256.583670 
256.560074 
256.536464 
256.512841 
256.489205 
256.465556 
256.441893 
256.418217 
256.394527 
256.370825 
256.347108 
256.323379 
256.299636 
256.275880 
256.252110 
256.228327 
256.204530 
256.180720 
256.156896 
256.133059 
256.109208 
256.085344 
256.061466 
256.037574 
256.013669 
255.989750 
255.965818 
255.941872 
255.917912 
255.893938 
255.869951 
255.845950 
255.821935 
255.797907 
255.773865 
255.749808 
255.725738 
255.701654 
255.677557 
255.653445 
255.629319 
255.605180 
255.581026 
255.556859 
255.532677 
255.508482 
255.484272 
255.460049 
255.435811 
255.411559 
255.387294 
255.363014 
255.338719 
255.314411 
255.290089 
255.265752 
255.241401 
255.217036 
255.192656 
255.168262 
255.143854 
255.119432 
255.094995 
255.070544 
255.046079 
255.021599 
254.997104 
254.972595 
254.948072 
254.923534 
254.898982 
254.874415 
254.849834 
254.825238 
254.800627 
254.776002 
254.751362 
254.726708 
254.702039 
254.677355 
254.652656 
254.627943 
254.603215 
254.578472 
254.553715 
254.528942 
254.504155 
254.479353 
254.454536 
254.429704 
254.404857 
254.379995 
254.355118 
254.330226 
254.305319 
254.280397 
254.255460 
254.230508 
254.205541 
254.180559 
254.155562 
254.130549 
254.105521 
254.080478 
254.055420 
254.030347 
254.005258 
253.980154 
253.955035 
253.929900 
253.904750 
253.879585 
253.854404 
253.829207 
253.803996 
253.778768 
253.753526 
253.728267 
253.702994 
253.677704 
253.652399 
253.627079 
253.601743 
253.576391 
253.551023 
253.525640 
253.500241 
253.474826 
253.449396 
253.423949 
253.398487 
253.373009 
253.347515 
253.322006 
253.296480 
253.270938 
253.245381 
253.219807 
253.194218 
253.168612 
253.142990 
253.117353 
253.091699 
253.066029 
253.040343 
253.014640 
252.988922 
252.963187 
252.937436 
252.911669 
252.885885 
252.860085 
252.834269 
252.808436 
252.782587 
252.756722 
252.730840 
252.704942 
252.679027 
252.653095 
252.627147 
252.601183 
252.575202 
252.549204 
252.523190 
252.497159 
252.471111 
252.445046 
252.418965 
252.392867 
252.366752 
252.340621 
252.314472 
252.288307 
252.262124 
252.235925 
252.209709 
252.183476 
252.157226 
252.130959 
252.104674 
252.078373 
252.052054 
252.025719 
251.999366 
251.972996 
251.946609 
251.920204 
251.893783 
251.867344 
251.840887 
251.814414 
251.787923 
251.761414 
251.734888 
251.708345 
251.681784 
251.655206 
251.628610 
251.601996 
251.575365 
251.548716 
251.522050 
251.495366 
251.468664 
251.441945 
251.415207 
251.388452 
251.361679 
251.334888 
251.308080 
251.281253 
251.254409 
251.227546 
251.200666 
251.173767 
251.146851 
251.119916 
251.092964 
251.065993 
251.039004 
251.011997 
250.984971 
250.957928 
250.930866 
250.903785 
250.876687 
250.849570 
250.822434 
250.795281 
250.768108 
250.740918 
250.713708 
250.686481 
250.659234 
250.631969 
250.604685 
250.577383 
250.550062 
250.522722 
250.495364 
250.467987 
250.440591 
250.413176 
250.385742 
250.358289 
250.330817 
250.303327 
250.275817 
250.248288 
250.220740 
250.193174 
250.165587 
250.137982 
250.110358 
250.082714 
250.055051 
250.027369 
249.999668 
249.971947 
249.944207 
249.916447 
249.888668 
249.860870 
249.833051 
249.805214 
249.777357 
249.749480 
249.721583 
249.693667 
249.665731 
249.637776 
249.609801 
249.581805 
249.553790 
249.525755 
249.497701 
249.469626 
249.441531 
249.413417 
249.385282 
249.357127 
249.328952 
249.300757 
249.272542 
249.244306 
249.216050 
249.187774 
249.159478 
249.131161 
249.102824 
249.074467 
249.046089 
249.017690 
248.989271 
248.960832 
248.932372 
248.903891 
248.875389 
248.846867 
248.818325 
248.789761 
248.761176 
248.732571 
248.703945 
248.675298 
248.646630 
248.617941 
248.589231 
248.560500 
248.531747 
248.502974 
248.474180 
248.445364 
248.416527 
248.387669 
248.358789 
248.329888 
248.300966 
248.272022 
248.243057 
248.214070 
248.185062 
248.156032 
248.126980 
248.097907 
248.068812 
248.039696 
248.010557 
247.981397 
247.952215 
247.923011 
247.893785 
247.864538 
247.835268 
247.805976 
247.776662 
247.747326 
247.717968 
247.688587 
247.659184 
247.629759 
247.600312 
247.570842 
247.541350 
247.511836 
247.482299 
247.452739 
247.423157 
247.393553 
247.363925 
247.334275 
247.304603 
247.274907 
247.245189 
247.215447 
247.185683 
247.155896 
247.126086 
247.096253 
247.066397 
247.036518 
247.006616 
246.976690 
246.946742 
246.916770 
246.886774 
246.856755 
246.826713 
246.796648 
246.766559 
246.736446 
246.706310 
246.676150 
246.645967 
246.615760 
246.585529 
246.555274 
246.524996 
246.494693 
246.464367 
246.434017 
246.403643 
246.373244 
246.342822 
246.312375 
246.281904 
246.251409 
246.220890 
246.190346 
246.159778 
246.129186 
246.098569 
246.067927 
246.037261 
246.006570 
245.975855 
245.945115 
245.914350 
245.883561 
245.852746 
245.821907 
245.791043 
245.760154 
245.729239 
245.698300 
245.667335 
245.636346 
245.605331 
245.574291 
245.543225 
245.512134 
245.481018 
245.449876 
245.418709 
245.387516 
245.356298 
245.325054 
245.293784 
245.262488 
245.231167 
245.199819 
245.168446 
245.137047 
245.105622 
245.074170 
245.042693 
245.011189 
244.979659 
244.948103 
244.916521 
244.884912 
244.853277 
244.821615 
244.789927 
244.758212 
244.726471 
244.694702 
244.662907 
244.631086 
244.599237 
244.567362 
244.535459 
244.503530 
244.471573 
244.439589 
244.407578 
244.375540 
244.343475 
244.311382 
244.279262 
244.247115 
244.214940 
244.182737 
244.150507 
244.118249 
244.085963 
244.053650 
244.021308 
243.988939 
243.956542 
243.924117 
243.891664 
243.859182 
243.826673 
243.794135 
243.761569 
243.728975 
243.696352 
243.663700 
243.631021 
243.598312 
243.565575 
243.532809 
243.500015 
243.467191 
243.434339 
243.401458 
243.368548 
243.335608 
243.302640 
243.269642 
243.236615 
243.203559 
243.170474 
243.137359 
243.104214 
243.071040 
243.037836 
243.004603 
242.971340 
242.938047 
242.904724 
242.871372 
242.837989 
242.804576 
242.771133 
242.737660 
242.704157 
242.670623 
242.637059 
242.603465 
242.569840 
242.536184 
242.502498 
242.468781 
242.435033 
242.401255 
242.367445 
242.333605 
242.299734 
242.265831 
242.231897 
242.197932 
242.163936 
242.129909 
242.095849 
242.061759 
242.027637 
241.993483 
241.959297 
241.925080 
241.890831 
241.856550 
241.822237 
241.787891 
241.753514 
241.719105 
241.684663 
241.650189 
241.615682 
241.581143 
241.546571 
241.511967 
241.477330 
241.442660 
241.407958 
241.373222 
241.338454 
241.303652 
241.268817 
241.233949 
241.199048 
241.164113 
241.129145 
241.094143 
241.059108 
241.024039 
240.988936 
240.953800 
240.918629 
240.883425 
240.848186 
240.812914 
240.777607 
240.742266 
240.706890 
240.671480 
240.636036 
240.600557 
240.565043 
240.529495 
240.493911 
240.458293 
240.422640 
240.386951 
240.351228 
240.315469 
240.279675 
240.243845 
240.207980 
240.172079 
240.136143 
240.100171 
240.064163 
240.028119 
239.992039 
239.955924 
239.919772 
239.883583 
239.847359 
239.811098 
239.774800 
239.738466 
239.702095 
239.665687 
239.629243 
239.592761 
239.556243 
239.519687 
239.483095 
239.446465 
239.409797 
239.373092 
239.336350 
239.299570 
239.262752 
239.225896 
239.189002 
239.152071 
239.115101 
239.078093 
239.041046 
239.003962 
238.966839 
238.929677 
238.892476 
238.855237 
238.817959 
238.780642 
238.743286 
238.705891 
238.668456 
238.630983 
238.593469 
238.555916 
238.518324 
238.480692 
238.443020 
238.405308 
238.367556 
238.329764 
238.291932 
238.254059 
238.216146 
238.178193 
238.140198 
238.102164 
238.064088 
238.025971 
237.987813 
237.949614 
237.911374 
237.873093 
237.834770 
237.796405 
237.757999 
237.719551 
237.681061 
237.642530 
237.603956 
237.565339 
237.526681 
237.487980 
237.449237 
237.410451 
237.371622 
237.332750 
237.293836 
237.254878 
237.215877 
237.176833 
237.137745 
237.098614 
237.059439 
237.020221 
236.980958 
236.941652 
236.902301 
236.862907 
236.823468 
236.783984 
236.744456 
236.704883 
236.665265 
236.625603 
236.585895 
236.546143 
236.506345 
236.466501 
236.426612 
236.386678 
236.346697 
236.306671 
236.266599 
236.226480 
236.186315 
236.146104 
236.105847 
236.065542 
236.025191 
235.984793 
235.944348 
235.903856 
235.863317 
235.822730 
235.782096 
235.741414 
235.700684 
235.659906 
235.619080 
235.578206 
235.537284 
235.496313 
235.455294 
235.414226 
235.373108 
235.331942 
235.290727 
235.249463 
235.208149 
235.166786 
235.125372 
235.083910 
235.042397 
235.000834 
234.959220 
234.917557 
234.875842 
234.834077 
234.792262 
234.750395 
234.708477 
234.666508 
234.624487 
234.582415 
234.540292 
234.498116 
234.455888 
234.413608 
234.371276 
234.328892 
234.286455 
234.243965 
234.201422 
234.158826 
234.116177 
234.073474 
234.030718 
233.987908 
233.945045 
233.902127 
233.859155 
233.816129 
233.773049 
233.729913 
233.686723 
233.643478 
233.600178 
233.556823 
233.513412 
233.469945 
233.426423 
233.382845 
233.339210 
233.295519 
233.251772 
233.207968 
233.164108 
233.120190 
233.076215 
233.032183 
232.988093 
232.943946 
232.899741 
232.855477 
232.811156 
232.766776 
232.722338 
232.677840 
232.633284 
232.588669 
232.543994 
232.499260 
232.454467 
232.409613 
232.364700 
232.319726 
232.274692 
232.229597 
232.184441 
232.139224 
232.093947 
232.048607 
232.003207 
231.957744 
231.912220 
231.866633 
231.820984 
231.775273 
231.729498 
231.683661 
231.637761 
231.591797 
231.545770 
231.499678 
231.453523 
231.407304 
231.361021 
231.314672 
231.268259 
231.221781 
231.175238 
231.128629 
231.081955 
231.035214 
230.988408 
230.941535 
230.894596 
230.847590 
230.800517 
230.753377 
230.706170 
230.658894 
230.611551 
230.564140 
230.516661 
230.469113 
230.421496 
230.373810 
230.326055 
230.278231 
230.230336 
230.182372 
230.134338 
230.086233 
230.038057 
229.989811 
229.941493 
229.893104 
229.844644 
229.796111 
229.747506 
229.698829 
229.650079 
229.601257 
229.552361 
229.503392 
229.454349 
229.405232 
229.356041 
229.306776 
229.257436 
229.208021 
229.158530 
229.108965 
229.059323 
229.009605 
228.959812 
228.909941 
228.859994 
228.809969 
228.759867 
228.709688 
228.659430 
228.609094 
228.558680 
228.508187 
228.457615 
228.406963 
228.356232 
228.305420 
228.254529 
228.203557 
228.152504 
228.101370 
228.050154 
227.998857 
227.947477 
227.896015 
227.844471 
227.792843 
227.741133 
227.689338 
227.637460 
227.585497 
227.533450 
227.481318 
227.429101 
227.376799 
227.324410 
227.271935 
227.219374 
227.166726 
227.113991 
227.061168 
227.008258 
226.955259 
226.902172 
226.848995 
226.795730 
226.742375 
226.688930 
226.635395 
226.581769 
226.528053 
226.474245 
226.420345 
226.366353 
226.312269 
226.258092 
226.203822 
226.149458 
226.095001 
226.040449 
225.985802 
225.931061 
225.876224 
225.821291 
225.766262 
225.711136 
225.655914 
225.600594 
225.545176 
225.489660 
225.434046 
225.378332 
225.322519 
225.266607 
225.210594 
225.154480 
225.098265 
225.041949 
224.985531 
224.929011 
224.872388 
224.815661 
224.758831 
224.701897 
224.644858 
224.587715 
224.530466 
224.473111 
224.415650 
224.358082 
224.300407 
224.242624 
224.184733 
224.126733 
224.068624 
224.010406 
223.952077 
223.893638 
223.835088 
223.776426 
223.717653 
223.658767 
223.599768 
223.540655 
223.481428 
223.422087 
223.362631 
223.303059 
223.243371 
223.183567 
223.123645 
223.063606 
223.003448 
222.943172 
222.882777 
222.822261 
222.761626 
222.700869 
222.639991 
222.578991 
222.517868 
222.456622 
222.395252 
222.333758 
222.272139 
222.210394 
222.148523 
222.086526 
222.024401 
221.962149 
221.899768 
221.837257 
221.774617 
221.711847 
221.648945 
221.585912 
221.522747 
221.459449 
221.396017 
221.332451 
221.268750 
221.204913 
221.140941 
221.076831 
221.012584 
220.948198 
220.883674 
220.819010 
220.754206 
220.689260 
220.624173 
220.558944 
220.493571 
220.428055 
220.362394 
220.296587 
220.230634 
220.164535 
220.098288 
220.031892 
219.965347 
219.898653 
219.831807 
219.764810 
219.697661 
219.630359 
219.562903 
219.495292 
219.427526 
219.359603 
219.291523 
219.223285 
219.154888 
219.086332 
219.017614 
218.948736 
218.879695 
218.810491 
218.741122 
218.671589 
218.601890 
218.532024 
218.461990 
218.391787 
218.321415 
218.250872 
218.180158 
218.109271 
218.038211 
217.966976 
217.895566 
217.823980 
217.752216 
217.680273 
217.608152 
217.535849 
217.463365 
217.390699 
217.317848 
217.244813 
217.171593 
217.098185 
217.024589 
216.950804 
216.876829 
216.802663 
216.728304 
216.653751 
216.579004 
216.504060 
216.428920 
216.353581 
216.278042 
216.202303 
216.126361 
216.050216 
215.973867 
215.897312 
215.820550 
215.743579 
215.666399 
215.589008 
215.511404 
215.433587 
215.355554 
215.277306 
215.198839 
215.120153 
215.041247 
214.962119 
214.882767 
214.803191 
214.723388 
214.643357 
214.563096 
214.482605 
214.401882 
214.320924 
214.239731 
214.158301 
214.076633 
213.994724 
213.912573 
213.830178 
213.747539 
213.664652 
213.581517 
213.498131 
213.414494 
213.330602 
213.246455 
213.162051 
213.077387 
212.992463 
212.907275 
212.821823 
212.736104 
212.650117 
212.563859 
212.477329 
212.390524 
212.303443 
212.216084 
212.128444 
212.040521 
211.952314 
211.863820 
211.775037 
211.685963 
211.596596 
211.506933 
211.416972 
211.326712 
211.236149 
211.145282 
211.054107 
210.962623 
210.870827 
210.778717 
210.686291 
210.593545 
210.500477 
210.407085 
210.313367 
210.219318 
210.124938 
210.030222 
209.935169 
209.839776 
209.744039 
209.647956 
209.551525 
209.454742 
209.357603 
209.260108 
209.162251 
209.064031 
208.965443 
208.866486 
208.767155 
208.667448 
208.567361 
208.466891 
208.366035 
208.264789 
208.163149 
208.061113 
207.958676 
207.855835 
207.752587 
207.648927 
207.544853 
207.440359 
207.335443 
207.230099 
207.124326 
207.018117 
206.911470 
206.804380 
206.696842 
206.588853 
206.480409 
206.371504 
206.262134 
206.152295 
206.041983 
205.931191 
205.819917 
205.708154 
205.595899 
205.483145 
205.369889 
205.256124 
205.141846 
205.027049 
204.911728 
204.795877 
204.679491 
204.562564 
204.445091 
204.327065 
204.208481 
204.089333 
203.969614 
203.849318 
203.728439 
203.606970 
203.484905 
203.362237 
203.238960 
203.115065 
202.990547 
202.865398 
202.739611 
202.613178 
202.486092 
202.358345 
202.229929 
202.100836 
201.971058 
201.840587 
201.709414 
201.577530 
201.444928 
201.311597 
201.177529 
201.042714 
200.907143 
200.770806 
200.633694 
200.495796 
200.357101 
200.217600 
200.077282 
199.936135 
199.794149 
199.651312 
199.507613 
199.363039 
199.217579 
199.071220 
198.923949 
198.775754 
198.626620 
198.476536 
198.325486 
198.173456 
198.020433 
197.866401 
197.711345 
197.555249 
197.398098 
197.239876 
197.080565 
196.920149 
196.758609 
196.595929 
196.432090 
196.267072 
196.100857 
195.933425 
195.764755 
195.594827 
195.423618 
195.251108 
195.077274 
194.902092 
194.725538 
194.547589 
194.368218 
194.187401 
194.005109 
193.821317 
193.635996 
193.449116 
193.260649 
193.070562 
192.878825 
192.685405 
192.490268 
192.293380 
192.094704 
191.894203 
191.691841 
191.487576 
191.281368 
191.073175 
190.862954 
190.650660 
190.436245 
190.219662 
190.000861 
189.779790 
189.556395 
189.330620 
189.102409 
188.871700 
188.638432 
188.402540 
188.163957 
187.922613 
187.678434 
187.431345 
187.181268 
186.928119 
186.671812 
186.412259 
186.149364 
185.883031 
185.613156 
185.339632 
185.062348 
184.781184 
184.496017 
184.206717 
183.913147 
183.615165 
183.312618 
183.005346 
182.693183 
182.375949 
182.053458 
181.725509 
181.391893 
181.052385 
180.706748 
180.354729 
179.996059 
179.630450 
179.257597 
178.877169 
178.488816 
178.092160 
177.686794 
177.272279 
176.848144 
176.413875 
175.968919 
175.512670 
175.044471 
174.563603 
174.069278 
173.560628 
173.036697 
172.496427 
171.938642 
171.362030 
170.765121 
170.146260 
169.503573 
168.834929 
168.137885 
167.409628 
166.646888 
165.845835 
165.001941 
164.109796 
163.162857 
162.153109 
161.070567 
159.902572 
158.632716 
157.239169 
155.691939 
153.948123 
151.943053 
149.572092 
146.647837 
142.776449 
136.841871 
120.185021 
NaN
NaN
NaN
NaN
NaN
NaN
NaN
NaN
NaN
NaN
NaN
NaN
NaN
NaN
NaN
NaN
NaN
NaN
NaN
NaN
NaN
NaN
NaN
NaN
NaN
NaN
NaN
NaN
NaN
NaN
NaN
NaN
NaN
NaN
NaN
NaN
NaN
NaN
NaN
