176.713440 
176.691765 
176.670091 
176.648416 
176.626742 
176.605068 
176.583393 
176.561719 
176.540044 
176.518370 
176.496695 
176.475021 
176.453346 
176.431672 
176.409997 
176.388323 
176.366648 
176.344974 
176.323299 
176.301625 
176.279950 
176.258276 
176.236601 
176.214927 
176.193252 
176.171578 
176.149903 
176.128229 
176.106554 
176.084880 
176.063205 
176.041531 
176.019856 
175.998182 
175.976507 
175.954833 
175.933158 
175.911484 
175.889809 
175.868135 
175.846461 
175.824786 
175.803112 
175.781437 
175.759763 
175.738088 
175.716414 
175.694739 
175.673065 
175.651390 
175.629716 
175.608041 
175.586367 
175.564692 
175.543018 
175.521343 
175.499669 
175.477994 
175.456320 
175.434645 
175.412971 
175.391296 
175.369622 
175.347947 
175.326273 
175.304598 
175.282924 
175.261249 
175.239575 
175.217900 
175.196226 
175.174551 
175.152877 
175.131202 
175.109528 
175.087854 
175.066179 
175.044505 
175.022830 
175.001156 
174.979481 
174.957807 
174.936132 
174.914458 
174.892783 
174.871109 
174.849434 
174.827760 
174.806085 
174.784411 
174.762736 
174.741062 
174.719387 
174.697713 
174.676038 
174.654364 
174.632689 
174.611015 
174.589340 
174.567666 
174.545991 
174.524317 
174.502642 
174.480968 
174.459293 
174.437619 
174.415944 
174.394270 
174.372595 
174.350921 
174.329246 
174.307572 
174.285898 
174.264223 
174.242549 
174.220874 
174.199200 
174.177525 
174.155851 
174.134176 
174.112502 
174.090827 
174.069153 
174.047478 
174.025804 
174.004129 
173.982455 
173.960780 
173.939106 
173.917431 
173.895757 
173.874082 
173.852408 
173.830733 
173.809059 
173.787384 
173.765710 
173.744035 
173.722361 
173.700686 
173.679012 
173.657337 
173.635663 
173.613988 
173.592314 
173.570639 
173.548965 
173.527291 
173.505616 
173.483942 
173.462267 
173.440593 
173.418918 
173.397244 
173.375569 
173.353895 
173.332220 
173.310546 
173.288871 
173.267197 
173.245522 
173.223848 
173.202173 
173.180499 
173.158824 
173.137150 
173.115475 
173.093801 
173.072126 
173.050452 
173.028777 
173.007103 
172.985428 
172.963754 
172.942079 
172.920405 
172.898730 
172.877056 
172.855381 
172.833707 
172.812032 
172.790358 
172.768684 
172.747009 
172.725335 
172.703660 
172.681986 
172.660311 
172.638637 
172.616962 
172.595288 
172.573613 
172.551939 
172.530264 
172.508590 
172.486915 
172.465241 
172.443566 
172.421892 
172.400217 
172.378543 
172.356868 
172.335194 
172.313519 
172.291845 
172.270170 
172.248496 
172.226821 
172.205147 
172.183472 
172.161798 
172.140123 
172.118449 
172.096774 
172.075100 
172.053425 
172.031751 
172.010077 
171.988402 
171.966728 
171.945053 
171.923379 
171.901704 
171.880030 
171.858355 
171.836681 
171.815006 
171.793332 
171.771657 
171.749983 
171.728308 
171.706634 
171.684959 
171.663285 
171.641610 
171.619936 
171.598261 
171.576587 
171.554912 
171.533238 
171.511563 
171.489889 
171.468214 
171.446540 
171.424865 
171.403191 
171.381516 
171.359842 
171.338167 
171.316493 
171.294818 
171.273144 
171.251470 
171.229795 
171.208121 
171.186446 
171.164772 
171.143097 
171.121423 
171.099748 
171.078074 
171.056399 
171.034725 
171.013050 
170.991376 
170.969701 
170.948027 
170.926352 
170.904678 
170.883003 
170.861329 
170.839654 
170.817980 
170.796305 
170.774631 
170.752956 
170.731282 
170.709607 
170.687933 
170.666258 
170.644584 
170.622909 
170.601235 
170.579560 
170.557886 
170.536211 
170.514537 
170.492862 
170.471188 
170.449514 
170.427839 
170.406165 
170.384490 
170.362816 
170.341141 
170.319467 
170.297792 
170.276118 
170.254443 
170.232769 
170.211094 
170.189420 
170.167745 
170.146071 
170.124396 
170.102722 
170.081047 
170.059373 
170.037698 
170.016024 
169.994349 
169.972675 
169.951000 
169.929326 
169.907651 
169.885977 
169.864302 
169.842628 
169.820953 
169.799279 
169.777604 
169.755930 
169.734255 
169.712581 
169.690907 
169.669232 
169.647558 
169.625883 
169.604209 
169.582534 
169.560860 
169.539185 
169.517511 
169.495836 
169.474162 
169.452487 
169.430813 
169.409138 
169.387464 
169.365789 
169.344115 
169.322440 
169.300766 
169.279091 
169.257417 
169.235742 
169.214068 
169.192393 
169.170719 
169.149044 
169.127370 
169.105695 
169.084021 
169.062346 
169.040672 
169.018997 
168.997323 
168.975648 
168.953974 
168.932300 
168.910625 
168.888951 
168.867276 
168.845602 
168.823927 
168.802253 
168.780578 
168.758904 
168.737229 
168.715555 
168.693880 
168.672206 
168.650531 
168.628857 
168.607182 
168.585508 
168.563833 
168.542159 
168.520484 
168.498810 
168.477135 
168.455461 
168.433786 
168.412112 
168.390437 
168.368763 
168.347088 
168.325414 
168.303739 
168.282065 
168.260390 
168.238716 
168.217041 
168.195367 
168.173693 
168.152018 
168.130344 
168.108669 
168.086995 
168.065320 
168.043646 
168.021971 
168.000297 
167.978622 
167.956948 
167.935273 
167.913599 
167.891924 
167.870250 
167.848575 
167.826901 
167.805226 
167.783552 
167.761877 
167.740203 
167.718528 
167.696854 
167.675179 
167.653505 
167.631830 
167.610156 
167.588481 
167.566807 
167.545132 
167.523458 
167.501783 
167.480109 
167.458434 
167.436760 
167.415086 
167.393411 
167.371737 
167.350062 
167.328388 
167.306713 
167.285039 
167.263364 
167.241690 
167.220015 
167.198341 
167.176666 
167.154992 
167.133317 
167.111643 
167.089968 
167.068294 
167.046619 
167.024945 
167.003270 
166.981596 
166.959921 
166.938247 
166.916572 
166.894898 
166.873223 
166.851549 
166.829874 
166.808200 
166.786525 
166.764851 
166.743176 
166.721502 
166.699827 
166.678153 
166.656478 
166.634804 
166.613130 
166.591455 
166.569781 
166.548106 
166.526432 
166.504757 
166.483083 
166.461408 
166.439734 
166.418059 
166.396385 
166.374710 
166.353036 
166.331361 
166.309687 
166.288012 
166.266338 
166.244663 
166.222989 
166.201314 
166.179640 
166.157965 
166.136291 
166.114616 
166.092942 
166.071267 
166.049593 
166.027918 
166.006244 
165.984569 
165.962895 
165.941220 
165.919546 
165.897871 
165.876197 
165.854523 
165.832848 
165.811174 
165.789499 
165.767825 
165.746150 
165.724476 
165.702801 
165.681127 
165.659452 
165.637778 
165.616103 
165.594429 
165.572754 
165.551080 
165.529405 
165.507731 
165.486056 
165.464382 
165.442707 
165.421033 
165.399358 
165.377684 
165.356009 
165.334335 
165.312660 
165.290986 
165.269311 
165.247637 
165.225962 
165.204288 
165.182613 
165.160939 
165.139264 
165.117590 
165.095916 
165.074241 
165.052567 
165.030892 
165.009218 
164.987543 
164.965869 
164.944194 
164.922520 
164.900845 
164.879171 
164.857496 
164.835822 
164.814147 
164.792473 
164.770798 
164.749124 
164.727449 
164.705775 
164.684100 
164.662426 
164.640751 
164.619077 
164.597402 
164.575728 
164.554053 
164.532379 
164.510704 
164.489030 
164.467355 
164.445681 
164.424006 
164.402332 
164.380657 
164.358983 
164.337309 
164.315634 
164.293960 
164.272285 
164.250611 
164.228936 
164.207262 
164.185587 
164.163913 
164.142238 
164.120564 
164.098889 
164.077215 
164.055540 
164.033866 
164.012191 
163.990517 
163.968842 
163.947168 
163.925493 
163.903819 
163.882144 
163.860470 
163.838795 
163.817121 
163.795446 
163.773772 
163.752097 
163.730423 
163.708748 
163.687074 
163.665399 
163.643725 
163.622050 
163.600376 
163.578701 
163.557027 
163.535353 
163.513678 
163.492004 
163.470329 
163.448655 
163.426980 
163.405306 
163.383631 
163.361957 
163.340282 
163.318608 
163.296933 
163.275259 
163.253584 
163.231910 
163.210235 
163.188561 
163.166886 
163.145212 
163.123537 
163.101863 
163.080188 
163.058514 
163.036839 
163.015165 
162.993490 
162.971816 
162.950141 
162.928467 
162.906792 
162.885118 
162.863443 
162.841769 
162.820094 
162.798420 
162.776746 
162.755071 
162.733397 
162.711722 
162.690048 
162.668373 
162.646699 
162.625024 
162.603350 
162.581675 
162.560001 
162.538326 
162.516652 
162.494977 
162.473303 
162.451628 
162.429954 
162.408279 
162.386605 
162.364930 
162.343256 
162.321581 
162.299907 
162.278232 
162.256558 
162.234883 
162.213209 
162.191534 
162.169860 
162.148185 
162.126511 
162.104836 
162.083162 
162.061487 
162.039813 
162.018139 
161.996464 
161.974790 
161.953115 
161.931441 
161.909766 
161.888092 
161.866417 
161.844743 
161.823068 
161.801394 
161.779719 
161.758045 
161.736370 
161.714696 
161.693021 
161.671347 
161.649672 
161.627998 
161.606323 
161.584649 
161.562974 
161.541300 
161.519625 
161.497951 
161.476276 
161.454602 
161.432927 
161.411253 
161.389578 
161.367904 
161.346229 
161.324555 
161.302880 
161.281206 
161.259532 
161.237857 
161.216183 
161.194508 
161.172834 
161.151159 
161.129485 
161.107810 
161.086136 
161.064461 
161.042787 
161.021112 
160.999438 
160.977763 
160.956089 
160.934414 
160.912740 
160.891065 
160.869391 
160.847716 
160.826042 
160.804367 
160.782693 
160.761018 
160.739344 
160.717669 
160.695995 
160.674320 
160.652646 
160.630971 
160.609297 
160.587622 
160.565948 
160.544273 
160.522599 
160.500925 
160.479250 
160.457576 
160.435901 
160.414227 
160.392552 
160.370878 
160.349203 
160.327529 
160.305854 
160.284180 
160.262505 
160.240831 
160.219156 
160.197482 
160.175807 
160.154133 
160.132458 
160.110784 
160.089109 
160.067435 
160.045760 
160.024086 
160.002411 
159.980737 
159.959062 
159.937388 
159.915713 
159.894039 
159.872364 
159.850690 
159.829015 
159.807341 
159.785666 
159.763992 
159.742317 
159.720643 
159.698969 
159.677294 
159.655620 
159.633945 
159.612271 
159.590596 
159.568922 
159.547247 
159.525573 
159.503898 
159.482224 
159.460549 
159.438875 
159.417200 
159.395526 
159.373851 
159.352177 
159.330502 
159.308828 
159.287153 
159.265479 
159.243804 
159.222130 
159.200455 
159.178781 
159.157106 
159.135432 
159.113757 
159.092083 
159.070408 
159.048734 
159.027059 
159.005385 
158.983710 
158.962036 
158.940362 
158.918687 
158.897013 
158.875338 
158.853664 
158.831989 
158.810315 
158.788640 
158.766966 
158.745291 
158.723617 
158.701942 
158.680268 
158.658593 
158.636919 
158.615244 
158.593570 
158.571895 
158.550221 
158.528546 
158.506872 
158.485197 
158.463523 
158.441848 
158.420174 
158.398499 
158.376825 
158.355150 
158.333476 
158.311801 
158.290127 
158.268452 
158.246778 
158.225103 
158.203429 
158.181755 
158.160080 
158.138406 
158.116731 
158.095057 
158.073382 
158.051708 
158.030033 
158.008359 
157.986684 
157.965010 
157.943335 
157.921661 
157.899986 
157.878312 
157.856637 
157.834963 
157.813288 
157.791614 
157.769939 
157.748265 
157.726590 
157.704916 
157.683241 
157.661567 
157.639892 
157.618218 
157.596543 
157.574869 
157.553194 
157.531520 
157.509845 
157.488171 
157.466496 
157.444822 
157.423148 
157.401473 
157.379799 
157.358124 
157.336450 
157.314775 
157.293101 
157.271426 
157.249752 
157.228077 
157.206403 
157.184728 
157.163054 
157.141379 
157.119705 
157.098030 
157.076356 
157.054681 
157.033007 
157.011332 
156.989658 
156.967983 
156.946309 
156.924634 
156.902960 
156.881285 
156.859611 
156.837936 
156.816262 
156.794587 
156.772913 
156.751238 
156.729564 
156.707889 
156.686215 
156.664541 
156.642866 
156.621192 
156.599517 
156.577843 
156.556168 
156.534494 
156.512819 
156.491145 
156.469470 
156.447796 
156.426121 
156.404447 
156.382772 
156.361098 
156.339423 
156.317749 
156.296074 
156.274400 
156.252725 
156.231051 
156.209376 
156.187702 
156.166027 
156.144353 
156.122678 
156.101004 
156.079329 
156.057655 
156.035980 
156.014306 
155.992631 
155.970957 
155.949282 
155.927608 
155.905933 
155.884259 
155.862585 
155.840910 
155.819236 
155.797561 
155.775887 
155.754212 
155.732538 
155.710863 
155.689189 
155.667514 
155.645840 
155.624165 
155.602491 
155.580816 
155.559142 
155.537467 
155.515793 
155.494118 
155.472444 
155.450769 
155.429095 
155.407420 
155.385746 
155.364071 
155.342397 
155.320722 
155.299048 
155.277373 
155.255699 
155.234024 
155.212350 
155.190675 
155.169001 
155.147326 
155.125652 
155.103978 
155.082303 
155.060629 
155.038954 
155.017280 
154.995605 
154.973931 
154.952256 
154.930582 
154.908907 
154.887233 
154.865558 
154.843884 
154.822209 
154.800535 
154.778860 
154.757186 
154.735511 
154.713837 
154.692162 
154.670488 
154.648813 
154.627139 
154.605464 
154.583790 
154.562115 
154.540441 
154.518766 
154.497092 
154.475417 
154.453743 
154.432068 
154.410394 
154.388719 
154.367045 
154.345371 
154.323696 
154.302022 
154.280347 
154.258673 
154.236998 
154.215324 
154.193649 
154.171975 
154.150300 
154.128626 
154.106951 
154.085277 
154.063602 
154.041928 
154.020253 
153.998579 
153.976904 
153.955230 
153.933555 
153.911881 
153.890206 
153.868532 
153.846857 
153.825183 
153.803508 
153.781834 
153.760159 
153.738485 
153.716810 
153.695136 
153.673461 
153.651787 
153.630112 
153.608438 
153.586764 
153.565089 
153.543415 
153.521740 
153.500066 
153.478391 
153.456717 
153.435042 
153.413368 
153.391693 
153.370019 
153.348344 
153.326670 
153.304995 
153.283321 
153.261646 
153.239972 
153.218297 
153.196623 
153.174948 
153.153274 
153.131599 
153.109925 
153.088250 
153.066576 
153.044901 
153.023227 
153.001552 
152.979878 
152.958203 
152.936529 
152.914854 
152.893180 
152.871505 
152.849831 
152.828157 
152.806482 
152.784808 
152.763133 
152.741459 
152.719784 
152.698110 
152.676435 
152.654761 
152.633086 
152.611412 
152.589737 
152.568063 
152.546388 
152.524714 
152.503039 
152.481365 
152.459690 
152.438016 
152.416341 
152.394667 
152.372992 
152.351318 
152.329643 
152.307969 
152.286294 
152.264620 
152.242945 
152.221271 
152.199596 
152.177922 
152.156247 
152.134573 
152.112898 
152.091224 
152.069549 
152.047875 
152.026201 
152.004526 
151.982852 
151.961177 
151.939503 
151.917828 
151.896154 
151.874479 
151.852805 
151.831130 
151.809456 
151.787781 
151.766107 
151.744432 
151.722758 
151.701083 
151.679409 
151.657734 
151.636060 
151.614385 
151.592711 
151.571036 
151.549362 
151.527687 
151.506013 
151.484338 
151.462664 
151.440989 
151.419315 
151.397640 
151.375966 
151.354291 
151.332617 
151.310942 
151.289268 
151.267594 
151.245919 
151.224245 
151.202570 
151.180896 
151.159221 
151.137547 
151.115872 
151.094198 
151.072523 
151.050849 
151.029174 
151.007500 
150.985825 
150.964151 
150.942476 
150.920802 
150.899127 
150.877453 
150.855778 
150.834104 
150.812429 
150.790755 
150.769080 
150.747406 
150.725731 
150.704057 
150.682382 
150.660708 
150.639033 
150.617359 
150.595684 
150.574010 
150.552335 
150.530661 
150.508987 
150.487312 
150.465638 
150.443963 
150.422289 
150.400614 
150.378940 
150.357265 
150.335591 
150.313916 
150.292242 
150.270567 
150.248893 
150.227218 
150.205544 
150.183869 
150.162195 
150.140520 
150.118846 
150.097171 
150.075497 
150.053822 
150.032148 
150.010473 
149.988799 
149.967124 
149.945450 
149.923775 
149.902101 
149.880426 
149.858752 
149.837077 
149.815403 
149.793728 
149.772054 
149.750380 
149.728705 
149.707031 
149.685356 
149.663682 
149.642007 
149.620333 
149.598658 
149.576984 
149.555309 
149.533635 
149.511960 
149.490286 
149.468611 
149.446937 
149.425262 
149.403588 
149.381913 
149.360239 
149.338564 
149.316890 
149.295215 
149.273541 
149.251866 
149.230192 
149.208517 
149.186843 
149.165168 
149.143494 
149.121819 
149.100145 
149.078470 
149.056796 
149.035121 
149.013447 
148.991773 
148.970098 
148.948424 
148.926749 
148.905075 
148.883400 
148.861726 
148.840051 
148.818377 
148.796702 
148.775028 
148.753353 
148.731679 
148.710004 
148.688330 
148.666655 
148.644981 
148.623306 
148.601632 
148.579957 
148.558283 
148.536608 
148.514934 
148.493259 
148.471585 
148.449910 
148.428236 
148.406561 
148.384887 
148.363212 
148.341538 
148.319863 
148.298189 
148.276514 
148.254840 
148.233165 
148.211491 
148.189817 
148.168142 
148.146468 
148.124793 
148.103119 
148.081444 
148.059770 
148.038095 
148.016421 
147.994746 
147.973072 
147.951397 
147.929723 
147.908048 
147.886374 
147.864699 
147.843025 
147.821350 
147.799676 
147.778001 
147.756327 
147.734652 
147.712978 
147.691303 
147.669629 
147.647954 
147.626280 
147.604605 
147.582931 
147.561256 
147.539582 
147.517907 
147.496233 
147.474558 
147.452884 
147.431210 
147.409535 
147.387861 
147.366186 
147.344512 
147.322837 
147.301163 
147.279488 
147.257814 
147.236139 
147.214465 
147.192790 
147.171116 
147.149441 
147.127767 
147.106092 
147.084418 
147.062743 
147.041069 
147.019394 
146.997720 
146.976045 
146.954371 
146.932696 
146.911022 
146.889347 
146.867673 
146.845998 
146.824324 
146.802649 
146.780975 
146.759300 
146.737626 
146.715951 
146.694277 
146.672603 
146.650928 
146.629254 
146.607579 
146.585905 
146.564230 
146.542556 
146.520881 
146.499207 
146.477532 
146.455858 
146.434183 
146.412509 
146.390834 
146.369160 
146.347485 
146.325811 
146.304136 
146.282462 
146.260787 
146.239113 
146.217438 
146.195764 
146.174089 
146.152415 
146.130740 
146.109066 
146.087391 
146.065717 
146.044042 
146.022368 
146.000693 
145.979019 
145.957344 
145.935670 
145.913996 
145.892321 
145.870647 
145.848972 
145.827298 
145.805623 
145.783949 
145.762274 
145.740600 
145.718925 
145.697251 
145.675576 
145.653902 
145.632227 
145.610553 
145.588878 
145.567204 
145.545529 
145.523855 
145.502180 
145.480506 
145.458831 
145.437157 
145.415482 
145.393808 
145.372133 
145.350459 
145.328784 
145.307110 
145.285435 
145.263761 
145.242086 
145.220412 
145.198737 
145.177063 
145.155389 
145.133714 
145.112040 
145.090365 
145.068691 
145.047016 
145.025342 
145.003667 
144.981993 
144.960318 
144.938644 
144.916969 
144.895295 
144.873620 
144.851946 
144.830271 
144.808597 
144.786922 
144.765248 
144.743573 
144.721899 
144.700224 
144.678550 
144.656875 
144.635201 
144.613526 
144.591852 
144.570177 
144.548503 
144.526828 
144.505154 
144.483479 
144.461805 
144.440130 
144.418456 
144.396781 
144.375107 
144.353433 
144.331758 
144.310084 
144.288409 
144.266735 
144.245060 
144.223386 
144.201711 
144.180037 
144.158362 
144.136688 
144.115013 
144.093339 
144.071664 
144.049990 
144.028315 
144.006641 
143.984966 
143.963292 
143.941617 
143.919943 
143.898268 
143.876594 
143.854919 
143.833245 
143.811570 
143.789896 
143.768221 
143.746547 
143.724872 
143.703198 
143.681523 
143.659849 
143.638174 
143.616500 
143.594826 
143.573151 
143.551477 
143.529802 
143.508128 
143.486453 
143.464779 
143.443104 
143.421430 
143.399755 
143.378081 
143.356406 
143.334732 
143.313057 
143.291383 
143.269708 
143.248034 
143.226359 
143.204685 
143.183010 
143.161336 
143.139661 
143.117987 
143.096312 
143.074638 
143.052963 
143.031289 
143.009614 
142.987940 
142.966265 
142.944591 
142.922916 
142.901242 
142.879567 
142.857893 
142.836219 
142.814544 
142.792870 
142.771195 
142.749521 
142.727846 
142.706172 
142.684497 
142.662823 
142.641148 
142.619474 
142.597799 
142.576125 
142.554450 
142.532776 
142.511101 
142.489427 
142.467752 
142.446078 
142.424403 
142.402729 
142.381054 
142.359380 
142.337705 
142.316031 
142.294356 
142.272682 
142.251007 
142.229333 
142.207658 
142.185984 
142.164309 
142.142635 
142.120960 
142.099286 
142.077612 
142.055937 
142.034263 
142.012588 
141.990914 
141.969239 
141.947565 
141.925890 
141.904216 
141.882541 
141.860867 
141.839192 
141.817518 
141.795843 
141.774169 
141.752494 
141.730820 
141.709145 
141.687471 
141.665796 
141.644122 
141.622447 
141.600773 
141.579098 
141.557424 
141.535749 
141.514075 
141.492400 
141.470726 
141.449051 
141.427377 
141.405702 
141.384028 
141.362353 
141.340679 
141.319005 
141.297330 
141.275656 
141.253981 
141.232307 
141.210632 
141.188958 
141.167283 
141.145609 
141.123934 
141.102260 
141.080585 
141.058911 
141.037236 
141.015562 
140.993887 
140.972213 
140.950538 
140.928864 
140.907189 
140.885515 
140.863840 
140.842166 
140.820491 
140.798817 
140.777142 
140.755468 
140.733793 
140.712119 
140.690444 
140.668770 
140.647095 
140.625421 
140.603746 
140.582072 
140.560397 
140.538723 
140.517049 
140.495374 
140.473700 
140.452025 
140.430351 
140.408676 
140.387002 
140.365327 
140.343653 
140.321978 
140.300304 
140.278629 
140.256955 
140.235280 
140.213606 
140.191931 
140.170257 
140.148582 
140.126908 
140.105233 
140.083559 
140.061884 
140.040210 
140.018535 
139.996861 
139.975186 
139.953512 
139.931837 
139.910163 
139.888488 
139.866814 
139.845139 
139.823465 
139.801790 
139.780116 
139.758442 
139.736767 
139.715093 
139.693418 
139.671744 
139.650069 
139.628395 
139.606720 
139.585046 
139.563371 
139.541697 
139.520022 
139.498348 
139.476673 
139.454999 
139.433324 
139.411650 
139.389975 
139.368301 
139.346626 
139.324952 
139.303277 
139.281603 
139.259928 
139.238254 
139.216579 
139.194905 
139.173230 
139.151556 
139.129881 
139.108207 
139.086532 
139.064858 
139.043183 
139.021509 
138.999835 
138.978160 
138.956486 
138.934811 
138.913137 
138.891462 
138.869788 
138.848113 
138.826439 
138.804764 
138.783090 
138.761415 
138.739741 
138.718066 
138.696392 
138.674717 
138.653043 
138.631368 
138.609694 
138.588019 
138.566345 
138.544670 
138.522996 
138.501321 
138.479647 
138.457972 
138.436298 
138.414623 
138.392949 
138.371274 
138.349600 
138.327925 
138.306251 
138.284576 
138.262902 
138.241228 
138.219553 
138.197879 
138.176204 
138.154530 
138.132855 
138.111181 
138.089506 
138.067832 
138.046157 
138.024483 
138.002808 
137.981134 
137.959459 
137.937785 
137.916110 
137.894436 
137.872761 
137.851087 
137.829412 
137.807738 
137.786063 
137.764389 
137.742714 
137.721040 
137.699365 
137.677691 
137.656016 
137.634342 
137.612667 
137.590993 
137.569318 
137.547644 
137.525969 
137.504295 
137.482621 
137.460946 
137.439272 
137.417597 
137.395923 
137.374248 
137.352574 
137.330899 
137.309225 
137.287550 
137.265876 
137.244201 
137.222527 
137.200852 
137.179178 
137.157503 
137.135829 
137.114154 
137.092480 
137.070805 
137.049131 
137.027456 
137.005782 
136.984107 
136.962433 
136.940758 
136.919084 
136.897409 
136.875735 
136.854060 
136.832386 
136.810711 
136.789037 
136.767362 
136.745688 
136.724013 
136.702339 
136.680665 
136.658990 
136.637316 
136.615641 
136.593967 
136.572292 
136.550618 
136.528943 
136.507269 
136.485594 
136.463920 
136.442245 
136.420571 
136.398896 
136.377222 
136.355547 
136.333873 
136.312198 
136.290524 
136.268849 
136.247175 
136.225500 
136.203826 
136.182151 
136.160477 
136.138802 
136.117128 
136.095453 
136.073779 
136.052104 
136.030430 
136.008755 
135.987081 
135.965406 
135.943732 
135.922058 
135.900383 
135.878709 
135.857034 
135.835360 
135.813685 
135.792011 
135.770336 
135.748662 
135.726987 
135.705313 
135.683638 
135.661964 
135.640289 
135.618615 
135.596940 
135.575266 
135.553591 
135.531917 
135.510242 
135.488568 
135.466893 
135.445219 
135.423544 
135.401870 
135.380195 
135.358521 
135.336846 
135.315172 
135.293497 
135.271823 
135.250148 
135.228474 
135.206799 
135.185125 
135.163451 
135.141776 
135.120102 
135.098427 
135.076753 
135.055078 
135.033404 
135.011729 
134.990055 
134.968380 
134.946706 
134.925031 
134.903357 
134.881682 
134.860008 
134.838333 
134.816659 
134.794984 
134.773310 
134.751635 
134.729961 
134.708286 
134.686612 
134.664937 
134.643263 
134.621588 
134.599914 
134.578239 
134.556565 
134.534890 
134.513216 
134.491541 
134.469867 
134.448192 
134.426518 
134.404844 
134.383169 
134.361495 
134.339820 
134.318146 
134.296471 
134.274797 
134.253122 
134.231448 
134.209773 
134.188099 
134.166424 
134.144750 
134.123075 
134.101401 
134.079726 
134.058052 
134.036377 
134.014703 
133.993028 
133.971354 
133.949679 
133.928005 
133.906330 
133.884656 
133.862981 
133.841307 
133.819632 
133.797958 
133.776283 
133.754609 
133.732934 
133.711260 
133.689585 
133.667911 
133.646237 
133.624562 
133.602888 
133.581213 
133.559539 
133.537864 
133.516190 
133.494515 
133.472841 
133.451166 
133.429492 
133.407817 
133.386143 
133.364468 
133.342794 
133.321119 
133.299445 
133.277770 
133.256096 
133.234421 
133.212747 
133.191072 
133.169398 
133.147723 
133.126049 
133.104374 
133.082700 
133.061025 
133.039351 
133.017676 
132.996002 
132.974327 
132.952653 
132.930978 
132.909304 
132.887629 
132.865955 
132.844281 
132.822606 
132.800932 
132.779257 
132.757583 
132.735908 
132.714234 
132.692559 
132.670885 
132.649210 
132.627536 
132.605861 
132.584187 
132.562512 
132.540838 
132.519163 
132.497489 
132.475814 
132.454140 
132.432465 
132.410791 
132.389116 
132.367442 
132.345767 
132.324093 
132.302418 
132.280744 
132.259069 
132.237395 
132.215720 
132.194046 
132.172371 
132.150697 
132.129022 
132.107348 
132.085674 
132.063999 
132.042325 
132.020650 
131.998976 
131.977301 
131.955627 
131.933952 
131.912278 
131.890603 
131.868929 
131.847254 
131.825580 
131.803905 
131.782231 
131.760556 
131.738882 
131.717207 
131.695533 
131.673858 
131.652184 
131.630509 
131.608835 
131.587160 
131.565486 
131.543811 
131.522137 
131.500462 
131.478788 
131.457113 
131.435439 
131.413764 
131.392090 
131.370415 
131.348741 
131.327067 
131.305392 
131.283718 
131.262043 
131.240369 
131.218694 
131.197020 
131.175345 
131.153671 
131.131996 
131.110322 
131.088647 
131.066973 
131.045298 
131.023624 
131.001949 
130.980275 
130.958600 
130.936926 
130.915251 
130.893577 
130.871902 
130.850228 
130.828553 
130.806879 
130.785204 
130.763530 
130.741855 
130.720181 
130.698506 
130.676832 
130.655157 
130.633483 
130.611808 
130.590134 
130.568460 
130.546785 
130.525111 
130.503436 
130.481762 
130.460087 
130.438413 
130.416738 
130.395064 
130.373389 
130.351715 
130.330040 
130.308366 
130.286691 
130.265017 
130.243342 
130.221668 
130.199993 
130.178319 
130.156644 
130.134970 
130.113295 
130.091621 
130.069946 
130.048272 
130.026597 
130.004923 
129.983248 
129.961574 
129.939899 
129.918225 
129.896550 
129.874876 
129.853201 
129.831527 
129.809853 
129.788178 
129.766504 
129.744829 
129.723155 
129.701480 
129.679806 
129.658131 
129.636457 
129.614782 
129.593108 
129.571433 
129.549759 
129.528084 
129.506410 
129.484735 
129.463061 
129.441386 
129.419712 
129.398037 
129.376363 
129.354688 
129.333014 
129.311339 
129.289665 
129.267990 
129.246316 
129.224641 
129.202967 
129.181292 
129.159618 
129.137943 
129.116269 
129.094594 
129.072920 
129.051245 
129.029571 
129.007897 
128.986222 
128.964548 
128.942873 
128.921199 
128.899524 
128.877850 
128.856175 
128.834501 
128.812826 
128.791152 
128.769477 
128.747803 
128.726128 
128.704454 
128.682779 
128.661105 
128.639430 
128.617756 
128.596081 
128.574407 
128.552732 
128.531058 
128.509383 
128.487709 
128.466034 
128.444360 
128.422685 
128.401011 
128.379336 
128.357662 
128.335987 
128.314313 
128.292638 
128.270964 
128.249290 
128.227615 
128.205941 
128.184266 
128.162592 
128.140917 
128.119243 
128.097568 
128.075894 
128.054219 
128.032545 
128.010870 
127.989196 
127.967521 
127.945847 
127.924172 
127.902498 
127.880823 
127.859149 
127.837474 
127.815800 
127.794125 
127.772451 
127.750776 
127.729102 
127.707427 
127.685753 
127.664078 
127.642404 
127.620729 
127.599055 
127.577380 
127.555706 
127.534031 
127.512357 
127.490683 
127.469008 
127.447334 
127.425659 
127.403985 
127.382310 
127.360636 
127.338961 
127.317287 
127.295612 
127.273938 
127.252263 
127.230589 
127.208914 
127.187240 
127.165565 
127.143891 
127.122216 
127.100542 
127.078867 
127.057193 
127.035518 
127.013844 
126.992169 
126.970495 
126.948820 
126.927146 
126.905471 
126.883797 
126.862122 
126.840448 
126.818773 
126.797099 
126.775424 
126.753750 
126.732076 
126.710401 
126.688727 
126.667052 
126.645378 
126.623703 
126.602029 
126.580354 
126.558680 
126.537005 
126.515331 
126.493656 
126.471982 
126.450307 
126.428633 
126.406958 
126.385284 
126.363609 
126.341935 
126.320260 
126.298586 
126.276911 
126.255237 
126.233562 
126.211888 
126.190213 
126.168539 
126.146864 
126.125190 
126.103515 
126.081841 
126.060166 
126.038492 
126.016817 
125.995143 
125.973469 
125.951794 
125.930120 
125.908445 
125.886771 
125.865096 
125.843422 
125.821747 
125.800073 
125.778398 
125.756724 
125.735049 
125.713375 
125.691700 
125.670026 
125.648351 
125.626677 
125.605002 
125.583328 
125.561653 
125.539979 
125.518304 
125.496630 
125.474955 
125.453281 
125.431606 
125.409932 
125.388257 
125.366583 
125.344908 
125.323234 
125.301559 
125.279885 
125.258210 
125.236536 
125.214861 
125.193187 
125.171513 
125.149838 
125.128164 
125.106489 
125.084815 
125.063140 
125.041466 
125.019791 
124.998117 
124.976442 
124.954768 
124.933093 
124.911419 
124.889744 
124.868070 
124.846395 
124.824721 
124.803046 
124.781372 
124.759697 
124.738023 
124.716348 
124.694674 
124.672999 
124.651325 
124.629650 
124.607976 
124.586301 
124.564627 
124.542952 
124.521278 
124.499603 
124.477929 
124.456254 
124.434580 
124.412906 
124.391231 
124.369557 
124.347882 
124.326208 
124.304533 
124.282859 
124.261184 
124.239510 
124.217835 
124.196161 
124.174486 
124.152812 
124.131137 
124.109463 
124.087788 
124.066114 
124.044439 
124.022765 
124.001090 
123.979416 
123.957741 
123.936067 
123.914392 
123.892718 
123.871043 
123.849369 
123.827694 
123.806020 
123.784345 
123.762671 
123.740996 
123.719322 
123.697647 
123.675973 
123.654299 
123.632624 
123.610950 
123.589275 
123.567601 
123.545926 
123.524252 
123.502577 
123.480903 
123.459228 
123.437554 
123.415879 
123.394205 
123.372530 
123.350856 
123.329181 
123.307507 
123.285832 
123.264158 
123.242483 
123.220809 
123.199134 
123.177460 
123.155785 
123.134111 
123.112436 
123.090762 
123.069087 
123.047413 
123.025738 
123.004064 
122.982389 
122.960715 
122.939040 
122.917366 
122.895692 
122.874017 
122.852343 
122.830668 
122.808994 
122.787319 
122.765645 
122.743970 
122.722296 
122.700621 
122.678947 
122.657272 
122.635598 
122.613923 
122.592249 
122.570574 
122.548900 
122.527225 
122.505551 
122.483876 
122.462202 
122.440527 
122.418853 
122.397178 
122.375504 
122.353829 
122.332155 
122.310480 
122.288806 
122.267131 
122.245457 
122.223782 
122.202108 
122.180433 
122.158759 
122.137085 
122.115410 
122.093736 
122.072061 
122.050387 
122.028712 
122.007038 
121.985363 
121.963689 
121.942014 
121.920340 
121.898665 
121.876991 
121.855316 
121.833642 
121.811967 
121.790293 
121.768618 
121.746944 
121.725269 
121.703595 
121.681920 
121.660246 
121.638571 
121.616897 
121.595222 
121.573548 
121.551873 
121.530199 
121.508524 
121.486850 
121.465175 
121.443501 
121.421826 
121.400152 
121.378477 
121.356803 
121.335129 
121.313454 
121.291780 
121.270105 
121.248431 
121.226756 
121.205082 
121.183407 
121.161733 
121.140058 
121.118384 
121.096709 
121.075035 
121.053360 
121.031686 
121.010011 
120.988337 
120.966662 
120.944988 
120.923313 
120.901639 
120.879964 
120.858290 
120.836615 
120.814941 
120.793266 
120.771592 
120.749917 
120.728243 
120.706568 
120.684894 
120.663219 
120.641545 
120.619870 
120.598196 
120.576522 
120.554847 
120.533173 
120.511498 
120.489824 
120.468149 
120.446475 
120.424800 
120.403126 
120.381451 
120.359777 
120.338102 
120.316428 
120.294753 
120.273079 
120.251404 
120.229730 
120.208055 
120.186381 
120.164706 
120.143032 
120.121357 
120.099683 
120.078008 
120.056334 
120.034659 
120.012985 
119.991310 
119.969636 
119.947961 
119.926287 
119.904612 
119.882938 
119.861263 
119.839589 
119.817915 
119.796240 
119.774566 
119.752891 
119.731217 
119.709542 
119.687868 
119.666193 
119.644519 
119.622844 
119.601170 
119.579495 
119.557821 
119.536146 
119.514472 
119.492797 
119.471123 
119.449448 
119.427774 
119.406099 
119.384425 
119.362750 
119.341076 
119.319401 
119.297727 
119.276052 
119.254378 
119.232703 
119.211029 
119.189354 
119.167680 
119.146005 
119.124331 
119.102656 
119.080982 
119.059308 
119.037633 
119.015959 
118.994284 
118.972610 
118.950935 
118.929261 
118.907586 
118.885912 
118.864237 
118.842563 
118.820888 
118.799214 
118.777539 
118.755865 
118.734190 
118.712516 
118.690841 
118.669167 
118.647492 
118.625818 
118.604143 
118.582469 
118.560794 
118.539120 
118.517445 
118.495771 
118.474096 
118.452422 
118.430747 
118.409073 
118.387398 
118.365724 
118.344049 
118.322375 
118.300701 
118.279026 
118.257352 
118.235677 
118.214003 
118.192328 
118.170654 
118.148979 
118.127305 
118.105630 
118.083956 
118.062281 
118.040607 
118.018932 
117.997258 
117.975583 
117.953909 
117.932234 
117.910560 
117.888885 
117.867211 
117.845536 
117.823862 
117.802187 
117.780513 
117.758838 
117.737164 
117.715489 
117.693815 
117.672140 
117.650466 
117.628791 
117.607117 
117.585442 
117.563768 
117.542093 
117.520419 
117.498745 
117.477070 
117.455396 
117.433721 
117.412047 
117.390372 
117.368698 
117.347023 
117.325349 
117.303674 
117.282000 
117.260325 
117.238651 
117.216976 
117.195302 
117.173627 
117.151953 
117.130278 
117.108604 
117.086929 
117.065255 
117.043580 
117.021906 
117.000231 
116.978557 
116.956882 
116.935208 
116.913533 
116.891859 
116.870184 
116.848510 
116.826835 
116.805161 
116.783486 
116.761812 
116.740138 
116.718463 
116.696789 
116.675114 
116.653440 
116.631765 
116.610091 
116.588416 
116.566742 
116.545067 
116.523393 
116.501718 
116.480044 
116.458369 
116.436695 
116.415020 
116.393346 
116.371671 
116.349997 
116.328322 
116.306648 
116.284973 
116.263299 
116.241624 
116.219950 
116.198275 
116.176601 
116.154926 
116.133252 
116.111577 
116.089903 
116.068228 
116.046554 
116.024879 
116.003205 
115.981531 
115.959856 
115.938182 
115.916507 
115.894833 
115.873158 
115.851484 
115.829809 
115.808135 
115.786460 
115.764786 
115.743111 
115.721437 
115.699762 
115.678088 
115.656413 
115.634739 
115.613064 
115.591390 
115.569715 
115.548041 
115.526366 
115.504692 
115.483017 
115.461343 
115.439668 
115.417994 
115.396319 
115.374645 
115.352970 
115.331296 
115.309621 
115.287947 
115.266272 
115.244598 
115.222924 
115.201249 
115.179575 
115.157900 
115.136226 
115.114551 
115.092877 
115.071202 
115.049528 
115.027853 
115.006179 
114.984504 
114.962830 
114.941155 
114.919481 
114.897806 
114.876132 
114.854457 
114.832783 
114.811108 
114.789434 
114.767759 
114.746085 
114.724410 
114.702736 
114.681061 
114.659387 
114.637712 
114.616038 
114.594363 
114.572689 
114.551014 
114.529340 
114.507665 
114.485991 
114.464317 
114.442642 
114.420968 
114.399293 
114.377619 
114.355944 
114.334270 
114.312595 
114.290921 
114.269246 
114.247572 
114.225897 
114.204223 
114.182548 
114.160874 
114.139199 
114.117525 
114.095850 
114.074176 
114.052501 
114.030827 
114.009152 
113.987478 
113.965803 
113.944129 
113.922454 
113.900780 
113.879105 
113.857431 
113.835756 
113.814082 
113.792407 
113.770733 
113.749058 
113.727384 
113.705709 
113.684035 
113.662361 
113.640686 
113.619012 
113.597337 
113.575663 
113.553988 
113.532314 
113.510639 
113.488965 
113.467290 
113.445616 
113.423941 
113.402267 
113.380592 
113.358918 
113.337243 
113.315569 
113.293894 
113.272220 
113.250545 
113.228871 
113.207196 
113.185522 
113.163847 
113.142173 
113.120498 
113.098824 
113.077149 
113.055475 
113.033800 
113.012126 
112.990451 
112.968777 
112.947102 
112.925428 
112.903754 
112.882079 
112.860405 
112.838730 
112.817056 
112.795381 
112.773707 
112.752032 
112.730358 
112.708683 
112.687009 
112.665334 
112.643660 
112.621985 
112.600311 
112.578636 
112.556962 
112.535287 
112.513613 
112.491938 
112.470264 
112.448589 
112.426915 
112.405240 
112.383566 
112.361891 
112.340217 
112.318542 
112.296868 
112.275193 
112.253519 
112.231844 
112.210170 
112.188495 
112.166821 
112.145147 
112.123472 
112.101798 
112.080123 
112.058449 
112.036774 
112.015100 
111.993425 
111.971751 
111.950076 
111.928402 
111.906727 
111.885053 
111.863378 
111.841704 
111.820029 
111.798355 
111.776680 
111.755006 
111.733331 
111.711657 
111.689982 
111.668308 
111.646633 
111.624959 
111.603284 
111.581610 
111.559935 
111.538261 
111.516586 
111.494912 
111.473237 
111.451563 
111.429888 
111.408214 
111.386540 
111.364865 
111.343191 
111.321516 
111.299842 
111.278167 
111.256493 
111.234818 
111.213144 
111.191469 
111.169795 
111.148120 
111.126446 
111.104771 
111.083097 
111.061422 
111.039748 
111.018073 
110.996399 
110.974724 
110.953050 
110.931375 
110.909701 
110.888026 
110.866352 
110.844677 
110.823003 
110.801328 
110.779654 
110.757979 
110.736305 
110.714630 
110.692956 
110.671281 
110.649607 
110.627933 
110.606258 
110.584584 
110.562909 
110.541235 
110.519560 
110.497886 
110.476211 
110.454537 
110.432862 
110.411188 
110.389513 
110.367839 
110.346164 
110.324490 
110.302815 
110.281141 
110.259466 
110.237792 
110.216117 
110.194443 
110.172768 
110.151094 
110.129419 
110.107745 
110.086070 
110.064396 
110.042721 
110.021047 
109.999372 
109.977698 
109.956023 
109.934349 
109.912674 
109.891000 
109.869325 
109.847651 
109.825977 
109.804302 
109.782628 
109.760953 
109.739279 
109.717604 
109.695930 
109.674255 
109.652581 
109.630906 
109.609232 
109.587557 
109.565883 
109.544208 
109.522534 
109.500859 
109.479185 
109.457510 
109.435836 
109.414161 
109.392487 
109.370812 
109.349138 
109.327463 
109.305789 
109.284114 
109.262440 
109.240765 
109.219091 
109.197416 
109.175742 
109.154067 
109.132393 
109.110718 
109.089044 
109.067370 
109.045695 
109.024021 
109.002346 
108.980672 
108.958997 
108.937323 
108.915648 
108.893974 
108.872299 
108.850625 
108.828950 
108.807276 
108.785601 
108.763927 
108.742252 
108.720578 
108.698903 
108.677229 
108.655554 
108.633880 
108.612205 
108.590531 
108.568856 
108.547182 
108.525507 
108.503833 
108.482158 
108.460484 
108.438809 
108.417135 
108.395460 
108.373786 
108.352111 
108.330437 
108.308763 
108.287088 
108.265414 
108.243739 
108.222065 
108.200390 
108.178716 
108.157041 
108.135367 
108.113692 
108.092018 
108.070343 
108.048669 
108.026994 
108.005320 
107.983645 
107.961971 
107.940296 
107.918622 
107.896947 
107.875273 
107.853598 
107.831924 
107.810249 
107.788575 
107.766900 
107.745226 
107.723551 
107.701877 
107.680202 
107.658528 
107.636853 
107.615179 
107.593504 
107.571830 
107.550156 
107.528481 
107.506807 
107.485132 
107.463458 
107.441783 
107.420109 
107.398434 
107.376760 
107.355085 
107.333411 
107.311736 
107.290062 
107.268387 
107.246713 
107.225038 
107.203364 
107.181689 
107.160015 
107.138340 
107.116666 
107.094991 
107.073317 
107.051642 
107.029968 
107.008293 
106.986619 
106.964944 
106.943270 
106.921595 
106.899921 
106.878246 
106.856572 
106.834897 
106.813223 
106.791549 
106.769874 
106.748200 
106.726525 
106.704851 
106.683176 
106.661502 
106.639827 
106.618153 
106.596478 
106.574804 
106.553129 
106.531455 
106.509780 
106.488106 
106.466431 
106.444757 
106.423082 
106.401408 
106.379733 
106.358059 
106.336384 
106.314710 
106.293035 
106.271361 
106.249686 
106.228012 
106.206337 
106.184663 
106.162988 
106.141314 
106.119639 
106.097965 
106.076290 
106.054616 
106.032941 
106.011267 
105.989593 
105.967918 
105.946244 
105.924569 
105.902895 
105.881220 
105.859546 
105.837871 
105.816197 
105.794522 
105.772848 
105.751173 
105.729499 
105.707824 
105.686150 
105.664475 
105.642801 
105.621126 
105.599452 
105.577777 
105.556103 
105.534428 
105.512754 
105.491079 
105.469405 
105.447730 
105.426056 
105.404381 
105.382707 
105.361032 
105.339358 
105.317683 
105.296009 
105.274334 
105.252660 
105.230986 
105.209311 
105.187637 
105.165962 
105.144288 
105.122613 
105.100939 
105.079264 
105.057590 
105.035915 
105.014241 
104.992566 
104.970892 
104.949217 
104.927543 
104.905868 
104.884194 
104.862519 
104.840845 
104.819170 
104.797496 
104.775821 
104.754147 
104.732472 
104.710798 
104.689123 
104.667449 
104.645774 
104.624100 
104.602425 
104.580751 
104.559076 
104.537402 
104.515727 
104.494053 
104.472379 
104.450704 
104.429030 
104.407355 
104.385681 
104.364006 
104.342332 
104.320657 
104.298983 
104.277308 
104.255634 
104.233959 
104.212285 
104.190610 
104.168936 
104.147261 
104.125587 
104.103912 
104.082238 
104.060563 
104.038889 
104.017214 
103.995540 
103.973865 
103.952191 
103.930516 
103.908842 
103.887167 
103.865493 
103.843818 
103.822144 
103.800469 
103.778795 
103.757120 
103.735446 
103.713772 
103.692097 
103.670423 
103.648748 
103.627074 
103.605399 
103.583725 
103.562050 
103.540376 
103.518701 
103.497027 
103.475352 
103.453678 
103.432003 
103.410329 
103.388654 
103.366980 
103.345305 
103.323631 
103.301956 
103.280282 
103.258607 
103.236933 
103.215258 
103.193584 
103.171909 
103.150235 
103.128560 
103.106886 
103.085211 
103.063537 
103.041862 
103.020188 
102.998513 
102.976839 
102.955165 
102.933490 
102.911816 
102.890141 
102.868467 
102.846792 
102.825118 
102.803443 
102.781769 
102.760094 
102.738420 
102.716745 
102.695071 
102.673396 
102.651722 
102.630047 
102.608373 
102.586698 
102.565024 
102.543349 
102.521675 
102.500000 
102.478326 
102.456651 
102.434977 
102.413302 
102.391628 
102.369953 
102.348279 
102.326604 
102.304930 
102.283255 
102.261581 
102.239906 
102.218232 
102.196557 
102.174883 
102.153209 
102.131534 
102.109860 
102.088185 
102.066511 
102.044836 
102.023162 
102.001487 
101.979813 
101.958138 
101.936464 
101.914789 
101.893115 
101.871440 
101.849766 
101.828091 
101.806417 
101.784742 
101.763068 
101.741393 
101.719719 
101.698044 
101.676370 
101.654695 
101.633021 
101.611346 
101.589672 
101.567997 
101.546323 
101.524648 
101.502974 
101.481299 
101.459625 
101.437950 
101.416276 
101.394602 
101.372927 
101.351253 
101.329578 
101.307904 
101.286229 
101.264555 
101.242880 
101.221206 
101.199531 
101.177857 
101.156182 
101.134508 
101.112833 
101.091159 
101.069484 
101.047810 
101.026135 
101.004461 
100.982786 
100.961112 
100.939437 
100.917763 
100.896088 
100.874414 
100.852739 
100.831065 
100.809390 
100.787716 
100.766041 
100.744367 
100.722692 
100.701018 
100.679343 
100.657669 
100.635995 
100.614320 
100.592646 
100.570971 
100.549297 
100.527622 
100.505948 
100.484273 
100.462599 
100.440924 
100.419250 
100.397575 
100.375901 
100.354226 
100.332552 
100.310877 
100.289203 
100.267528 
100.245854 
100.224179 
100.202505 
100.180830 
100.159156 
100.137481 
100.115807 
100.094132 
100.072458 
100.050783 
100.029109 
100.007434 
99.985760 
99.964085 
99.942411 
99.920736 
99.899062 
99.877388 
99.855713 
99.834039 
99.812364 
99.790690 
99.769015 
99.747341 
99.725666 
99.703992 
99.682317 
99.660643 
99.638968 
99.617294 
99.595619 
99.573945 
99.552270 
99.530596 
99.508921 
99.487247 
99.465572 
99.443898 
99.422223 
99.400549 
99.378874 
99.357200 
99.335525 
99.313851 
99.292176 
99.270502 
99.248827 
99.227153 
99.205478 
99.183804 
99.162129 
99.140455 
99.118781 
99.097106 
99.075432 
99.053757 
99.032083 
99.010408 
98.988734 
98.967059 
98.945385 
98.923710 
98.902036 
98.880361 
98.858687 
98.837012 
98.815338 
98.793663 
98.771989 
98.750314 
98.728640 
98.706965 
98.685291 
98.663616 
98.641942 
98.620267 
98.598593 
98.576918 
98.555244 
98.533569 
98.511895 
98.490220 
98.468546 
98.446871 
98.425197 
98.403522 
98.381848 
98.360173 
98.338499 
98.316825 
98.295150 
98.273476 
98.251801 
98.230127 
98.208452 
98.186778 
98.165103 
98.143429 
98.121754 
98.100080 
98.078405 
98.056731 
98.035056 
98.013382 
97.991707 
97.970033 
97.948358 
97.926684 
97.905009 
97.883335 
97.861660 
97.839986 
97.818311 
97.796637 
97.774962 
97.753288 
97.731613 
97.709939 
97.688264 
97.666590 
97.644915 
97.623241 
97.601566 
97.579892 
97.558218 
97.536543 
97.514869 
97.493194 
97.471520 
97.449845 
97.428171 
97.406496 
97.384822 
97.363147 
97.341473 
97.319798 
97.298124 
97.276449 
97.254775 
97.233100 
97.211426 
97.189751 
97.168077 
97.146402 
97.124728 
97.103053 
97.081379 
97.059704 
97.038030 
97.016355 
96.994681 
96.973006 
96.951332 
96.929657 
96.907983 
96.886308 
96.864634 
96.842959 
96.821285 
96.799611 
96.777936 
96.756262 
96.734587 
96.712913 
96.691238 
96.669564 
96.647889 
96.626215 
96.604540 
96.582866 
96.561191 
96.539517 
96.517842 
96.496168 
96.474493 
96.452819 
96.431144 
96.409470 
96.387795 
96.366121 
96.344446 
96.322772 
96.301097 
96.279423 
96.257748 
96.236074 
96.214399 
96.192725 
96.171050 
96.149376 
96.127701 
96.106027 
96.084352 
96.062678 
96.041004 
96.019329 
95.997655 
95.975980 
95.954306 
95.932631 
95.910957 
95.889282 
95.867608 
95.845933 
95.824259 
95.802584 
95.780910 
95.759235 
95.737561 
95.715886 
95.694212 
95.672537 
95.650863 
95.629188 
95.607514 
95.585839 
95.564165 
95.542490 
95.520816 
95.499141 
95.477467 
95.455792 
95.434118 
95.412443 
95.390769 
95.369094 
95.347420 
95.325745 
95.304071 
95.282397 
95.260722 
95.239048 
95.217373 
95.195699 
95.174024 
95.152350 
95.130675 
95.109001 
95.087326 
95.065652 
95.043977 
95.022303 
95.000628 
94.978954 
94.957279 
94.935605 
94.913930 
94.892256 
94.870581 
94.848907 
94.827232 
94.805558 
94.783883 
94.762209 
94.740534 
94.718860 
94.697185 
94.675511 
94.653836 
94.632162 
94.610487 
94.588813 
94.567138 
94.545464 
94.523789 
94.502115 
94.480441 
94.458766 
94.437092 
94.415417 
94.393743 
94.372068 
94.350394 
94.328719 
94.307045 
94.285370 
94.263696 
94.242021 
94.220347 
94.198672 
94.176998 
94.155323 
94.133649 
94.111974 
94.090300 
94.068625 
94.046951 
94.025276 
94.003602 
93.981927 
93.960253 
93.938578 
93.916904 
93.895229 
93.873555 
93.851880 
93.830206 
93.808531 
93.786857 
93.765182 
93.743508 
93.721834 
93.700159 
93.678485 
93.656810 
93.635136 
93.613461 
93.591787 
93.570112 
93.548438 
93.526763 
93.505089 
93.483414 
93.461740 
93.440065 
93.418391 
93.396716 
93.375042 
93.353367 
93.331693 
93.310018 
93.288344 
93.266669 
93.244995 
93.223320 
93.201646 
93.179971 
93.158297 
93.136622 
93.114948 
93.093273 
93.071599 
93.049924 
93.028250 
93.006575 
92.984901 
92.963227 
92.941552 
92.919878 
92.898203 
92.876529 
92.854854 
92.833180 
92.811505 
92.789831 
92.768156 
92.746482 
92.724807 
92.703133 
92.681458 
92.659784 
92.638109 
92.616435 
92.594760 
92.573086 
92.551411 
92.529737 
92.508062 
92.486388 
92.464713 
92.443039 
92.421364 
92.399690 
92.378015 
92.356341 
92.334666 
92.312992 
92.291317 
92.269643 
92.247968 
92.226294 
92.204620 
92.182945 
92.161271 
92.139596 
92.117922 
92.096247 
92.074573 
92.052898 
92.031224 
92.009549 
91.987875 
91.966200 
91.944526 
91.922851 
91.901177 
91.879502 
91.857828 
91.836153 
91.814479 
91.792804 
91.771130 
91.749455 
91.727781 
91.706106 
91.684432 
91.662757 
91.641083 
91.619408 
91.597734 
91.576059 
91.554385 
91.532710 
91.511036 
91.489361 
91.467687 
91.446013 
91.424338 
91.402664 
91.380989 
91.359315 
91.337640 
91.315966 
91.294291 
91.272617 
91.250942 
91.229268 
91.207593 
91.185919 
91.164244 
91.142570 
91.120895 
91.099221 
91.077546 
91.055872 
91.034197 
91.012523 
90.990848 
90.969174 
90.947499 
90.925825 
90.904150 
90.882476 
90.860801 
90.839127 
90.817452 
90.795778 
90.774103 
90.752429 
90.730754 
90.709080 
90.687405 
90.665731 
90.644057 
90.622382 
90.600708 
90.579033 
90.557359 
90.535684 
90.514010 
90.492335 
90.470661 
90.448986 
90.427312 
90.405637 
90.383963 
90.362288 
90.340614 
90.318939 
90.297265 
90.275590 
90.253916 
90.232241 
90.210567 
90.188892 
90.167218 
90.145543 
90.123869 
90.102194 
90.080520 
90.058845 
90.037171 
90.015496 
89.993822 
89.972147 
89.950473 
89.928798 
89.907124 
89.885450 
89.863775 
89.842101 
89.820426 
89.798752 
89.777077 
89.755403 
89.733728 
89.712054 
89.690379 
89.668705 
89.647030 
89.625356 
89.603681 
89.582007 
89.560332 
89.538658 
89.516983 
89.495309 
89.473634 
89.451960 
89.430285 
89.408611 
89.386936 
89.365262 
89.343587 
89.321913 
89.300238 
89.278564 
89.256889 
89.235215 
89.213540 
89.191866 
89.170191 
89.148517 
89.126843 
89.105168 
89.083494 
89.061819 
89.040145 
89.018470 
88.996796 
88.975121 
88.953447 
88.931772 
88.910098 
88.888423 
88.866749 
88.845074 
88.823400 
88.801725 
88.780051 
88.758376 
88.736702 
88.715027 
88.693353 
88.671678 
88.650004 
88.628329 
88.606655 
88.584980 
88.563306 
88.541631 
88.519957 
88.498282 
88.476608 
88.454933 
88.433259 
88.411584 
88.389910 
88.368236 
88.346561 
88.324887 
88.303212 
88.281538 
88.259863 
88.238189 
88.216514 
88.194840 
88.173165 
88.151491 
88.129816 
88.108142 
88.086467 
88.064793 
88.043118 
88.021444 
87.999769 
87.978095 
87.956420 
87.934746 
87.913071 
87.891397 
87.869722 
87.848048 
87.826373 
87.804699 
87.783024 
87.761350 
87.739675 
87.718001 
87.696326 
87.674652 
87.652977 
87.631303 
87.609629 
87.587954 
87.566280 
87.544605 
87.522931 
87.501256 
87.479582 
87.457907 
87.436233 
87.414558 
87.392884 
87.371209 
87.349535 
87.327860 
87.306186 
87.284511 
87.262837 
87.241162 
87.219488 
87.197813 
87.176139 
87.154464 
87.132790 
87.111115 
87.089441 
87.067766 
87.046092 
87.024417 
87.002743 
86.981068 
86.959394 
86.937719 
86.916045 
86.894370 
86.872696 
86.851021 
86.829347 
86.807673 
86.785998 
86.764324 
86.742649 
86.720975 
86.699300 
86.677626 
86.655951 
86.634277 
86.612602 
86.590928 
86.569253 
86.547579 
86.525904 
86.504230 
86.482555 
86.460881 
86.439206 
86.417532 
86.395857 
86.374183 
86.352508 
86.330834 
86.309159 
86.287485 
86.265810 
86.244136 
86.222461 
86.200787 
86.179112 
86.157438 
86.135763 
86.114089 
86.092414 
86.070740 
86.049066 
86.027391 
86.005717 
85.984042 
85.962368 
85.940693 
85.919019 
85.897344 
85.875670 
85.853995 
85.832321 
85.810646 
85.788972 
85.767297 
85.745623 
85.723948 
85.702274 
85.680599 
85.658925 
85.637250 
85.615576 
85.593901 
85.572227 
85.550552 
85.528878 
85.507203 
85.485529 
85.463854 
85.442180 
85.420505 
85.398831 
85.377156 
85.355482 
85.333807 
85.312133 
85.290459 
85.268784 
85.247110 
85.225435 
85.203761 
85.182086 
85.160412 
85.138737 
85.117063 
85.095388 
85.073714 
85.052039 
85.030365 
85.008690 
84.987016 
84.965341 
84.943667 
84.921992 
84.900318 
84.878643 
84.856969 
84.835294 
84.813620 
84.791945 
84.770271 
84.748596 
84.726922 
84.705247 
84.683573 
84.661898 
84.640224 
84.618549 
84.596875 
84.575200 
84.553526 
84.531852 
84.510177 
84.488503 
84.466828 
84.445154 
84.423479 
84.401805 
84.380130 
84.358456 
84.336781 
84.315107 
84.293432 
84.271758 
84.250083 
84.228409 
84.206734 
84.185060 
84.163385 
84.141711 
84.120036 
84.098362 
84.076687 
84.055013 
84.033338 
84.011664 
83.989989 
83.968315 
83.946640 
83.924966 
83.903291 
83.881617 
83.859942 
83.838268 
83.816593 
83.794919 
83.773245 
83.751570 
83.729896 
83.708221 
83.686547 
83.664872 
83.643198 
83.621523 
83.599849 
83.578174 
83.556500 
83.534825 
83.513151 
83.491476 
83.469802 
83.448127 
83.426453 
83.404778 
83.383104 
83.361429 
83.339755 
83.318080 
83.296406 
83.274731 
83.253057 
83.231382 
83.209708 
83.188033 
83.166359 
83.144684 
83.123010 
83.101335 
83.079661 
83.057986 
83.036312 
83.014637 
82.992963 
82.971289 
82.949614 
82.927940 
82.906265 
82.884591 
82.862916 
82.841242 
82.819567 
82.797893 
82.776218 
82.754544 
82.732869 
82.711195 
82.689520 
82.667846 
82.646171 
82.624497 
82.602822 
82.581148 
82.559473 
82.537799 
82.516124 
82.494450 
82.472775 
82.451101 
82.429426 
82.407752 
82.386077 
82.364403 
82.342728 
82.321054 
82.299379 
82.277705 
82.256030 
82.234356 
82.212682 
82.191007 
82.169333 
82.147658 
82.125984 
82.104309 
82.082635 
82.060960 
82.039286 
82.017611 
81.995937 
81.974262 
81.952588 
81.930913 
81.909239 
81.887564 
81.865890 
81.844215 
81.822541 
81.800866 
81.779192 
81.757517 
81.735843 
81.714168 
81.692494 
81.670819 
81.649145 
81.627470 
81.605796 
81.584121 
81.562447 
81.540772 
81.519098 
81.497423 
81.475749 
81.454075 
81.432400 
81.410726 
81.389051 
81.367377 
81.345702 
81.324028 
81.302353 
81.280679 
81.259004 
81.237330 
81.215655 
81.193981 
81.172306 
81.150632 
81.128957 
81.107283 
81.085608 
81.063934 
81.042259 
81.020585 
80.998910 
80.977236 
80.955561 
80.933887 
80.912212 
80.890538 
80.868863 
80.847189 
80.825514 
80.803840 
80.782165 
80.760491 
80.738816 
80.717142 
80.695468 
80.673793 
80.652119 
80.630444 
80.608770 
80.587095 
80.565421 
80.543746 
80.522072 
80.500397 
80.478723 
80.457048 
80.435374 
80.413699 
80.392025 
80.370350 
80.348676 
80.327001 
80.305327 
80.283652 
80.261978 
80.240303 
80.218629 
80.196954 
80.175280 
80.153605 
80.131931 
80.110256 
80.088582 
80.066907 
80.045233 
80.023558 
80.001884 
79.980209 
79.958535 
79.936860 
79.915186 
79.893512 
79.871837 
79.850163 
79.828488 
79.806814 
79.785139 
79.763465 
79.741790 
79.720116 
79.698441 
79.676767 
79.655092 
79.633418 
79.611743 
79.590069 
79.568394 
79.546720 
79.525045 
79.503371 
79.481696 
79.460022 
79.438347 
79.416673 
79.394998 
79.373324 
79.351649 
79.329975 
79.308300 
79.286626 
79.264951 
79.243277 
79.221602 
79.199928 
79.178253 
79.156579 
79.134905 
79.113230 
79.091556 
79.069881 
79.048207 
79.026532 
79.004858 
78.983183 
78.961509 
78.939834 
78.918160 
78.896485 
78.874811 
78.853136 
78.831462 
78.809787 
78.788113 
78.766438 
78.744764 
78.723089 
78.701415 
78.679740 
78.658066 
78.636391 
78.614717 
78.593042 
78.571368 
78.549693 
78.528019 
78.506344 
78.484670 
78.462995 
78.441321 
78.419646 
78.397972 
78.376298 
78.354623 
78.332949 
78.311274 
78.289600 
78.267925 
78.246251 
78.224576 
78.202902 
78.181227 
78.159553 
78.137878 
78.116204 
78.094529 
78.072855 
78.051180 
78.029506 
78.007831 
77.986157 
77.964482 
77.942808 
77.921133 
77.899459 
77.877784 
77.856110 
77.834435 
77.812761 
77.791086 
77.769412 
77.747737 
77.726063 
77.704388 
77.682714 
77.661039 
77.639365 
77.617691 
77.596016 
77.574342 
77.552667 
77.530993 
77.509318 
77.487644 
77.465969 
77.444295 
77.422620 
77.400946 
77.379271 
77.357597 
77.335922 
77.314248 
77.292573 
77.270899 
77.249224 
77.227550 
77.205875 
77.184201 
77.162526 
77.140852 
77.119177 
77.097503 
77.075828 
77.054154 
77.032479 
77.010805 
76.989130 
76.967456 
76.945781 
76.924107 
76.902432 
76.880758 
76.859084 
76.837409 
76.815735 
76.794060 
76.772386 
76.750711 
76.729037 
76.707362 
76.685688 
76.664013 
76.642339 
76.620664 
76.598990 
76.577315 
76.555641 
76.533966 
76.512292 
76.490617 
76.468943 
76.447268 
76.425594 
76.403919 
76.382245 
76.360570 
76.338896 
76.317221 
76.295547 
76.273872 
76.252198 
76.230523 
76.208849 
76.187174 
76.165500 
76.143825 
76.122151 
76.100476 
76.078802 
76.057128 
76.035453 
76.013779 
75.992104 
75.970430 
75.948755 
75.927081 
75.905406 
75.883732 
75.862057 
75.840383 
75.818708 
75.797034 
75.775359 
75.753685 
75.732010 
75.710336 
75.688661 
75.666987 
75.645312 
75.623638 
75.601963 
75.580289 
75.558614 
75.536940 
75.515265 
75.493591 
75.471916 
75.450242 
75.428567 
75.406893 
75.385218 
75.363544 
75.341869 
75.320195 
75.298521 
75.276846 
75.255172 
75.233497 
75.211823 
75.190148 
75.168474 
75.146799 
75.125125 
75.103450 
75.081776 
75.060101 
75.038427 
75.016752 
74.995078 
74.973403 
74.951729 
74.930054 
74.908380 
74.886705 
74.865031 
74.843356 
74.821682 
74.800007 
74.778333 
74.756658 
74.734984 
74.713309 
74.691635 
74.669960 
74.648286 
74.626611 
74.604937 
74.583262 
74.561588 
74.539914 
74.518239 
74.496565 
74.474890 
74.453216 
74.431541 
74.409867 
74.388192 
74.366518 
74.344843 
74.323169 
74.301494 
74.279820 
74.258145 
74.236471 
74.214796 
74.193122 
74.171447 
74.149773 
74.128098 
74.106424 
74.084749 
74.063075 
74.041400 
74.019726 
73.998051 
73.976377 
73.954702 
73.933028 
73.911353 
73.889679 
73.868004 
73.846330 
73.824655 
73.802981 
73.781307 
73.759632 
73.737958 
73.716283 
73.694609 
73.672934 
73.651260 
73.629585 
73.607911 
73.586236 
73.564562 
73.542887 
73.521213 
73.499538 
73.477864 
73.456189 
73.434515 
73.412840 
73.391166 
73.369491 
73.347817 
73.326142 
73.304468 
73.282793 
73.261119 
73.239444 
73.217770 
73.196095 
73.174421 
73.152746 
73.131072 
73.109397 
73.087723 
73.066048 
73.044374 
73.022700 
73.001025 
72.979351 
72.957676 
72.936002 
72.914327 
72.892653 
72.870978 
72.849304 
72.827629 
72.805955 
72.784280 
72.762606 
72.740931 
72.719257 
72.697582 
72.675908 
72.654233 
72.632559 
72.610884 
72.589210 
72.567535 
72.545861 
72.524186 
72.502512 
72.480837 
72.459163 
72.437488 
72.415814 
72.394139 
72.372465 
72.350790 
72.329116 
72.307441 
72.285767 
72.264092 
72.242418 
72.220744 
72.199069 
72.177395 
72.155720 
72.134046 
72.112371 
72.090697 
72.069022 
72.047348 
72.025673 
72.003999 
71.982324 
71.960650 
71.938975 
71.917301 
71.895626 
71.873952 
71.852277 
71.830603 
71.808928 
71.787254 
71.765579 
71.743905 
71.722230 
71.700556 
71.678881 
71.657207 
71.635532 
71.613858 
71.592183 
71.570509 
71.548834 
71.527160 
71.505485 
71.483811 
71.462137 
71.440462 
71.418788 
71.397113 
71.375439 
71.353764 
71.332090 
71.310415 
71.288741 
71.267066 
71.245392 
71.223717 
71.202043 
71.180368 
71.158694 
71.137019 
71.115345 
71.093670 
71.071996 
71.050321 
71.028647 
71.006972 
70.985298 
70.963623 
70.941949 
70.920274 
70.898600 
70.876925 
70.855251 
70.833576 
70.811902 
70.790227 
70.768553 
70.746878 
70.725204 
70.703530 
70.681855 
70.660181 
70.638506 
70.616832 
70.595157 
70.573483 
70.551808 
70.530134 
70.508459 
70.486785 
70.465110 
70.443436 
70.421761 
70.400087 
70.378412 
70.356738 
70.335063 
70.313389 
70.291714 
70.270040 
70.248365 
70.226691 
70.205016 
70.183342 
70.161667 
70.139993 
70.118318 
70.096644 
70.074969 
70.053295 
70.031620 
70.009946 
69.988271 
69.966597 
69.944923 
69.923248 
69.901574 
69.879899 
69.858225 
69.836550 
69.814876 
69.793201 
69.771527 
69.749852 
69.728178 
69.706503 
69.684829 
69.663154 
69.641480 
69.619805 
69.598131 
69.576456 
69.554782 
69.533107 
69.511433 
69.489758 
69.468084 
69.446409 
69.424735 
69.403060 
69.381386 
69.359711 
69.338037 
69.316362 
69.294688 
69.273013 
69.251339 
69.229664 
69.207990 
69.186316 
69.164641 
69.142967 
69.121292 
69.099618 
69.077943 
69.056269 
69.034594 
69.012920 
68.991245 
68.969571 
68.947896 
68.926222 
68.904547 
68.882873 
68.861198 
68.839524 
68.817849 
68.796175 
68.774500 
68.752826 
68.731151 
68.709477 
68.687802 
68.666128 
68.644453 
68.622779 
68.601104 
68.579430 
68.557755 
68.536081 
68.514406 
68.492732 
68.471057 
68.449383 
68.427708 
68.406034 
68.384360 
68.362685 
68.341011 
68.319336 
68.297662 
68.275987 
68.254313 
68.232638 
68.210964 
68.189289 
68.167615 
68.145940 
68.124266 
68.102591 
68.080917 
68.059242 
68.037568 
68.015893 
67.994219 
67.972544 
67.950870 
67.929195 
67.907521 
67.885846 
67.864172 
67.842497 
67.820823 
67.799148 
67.777474 
67.755799 
67.734125 
67.712450 
67.690776 
67.669101 
67.647427 
67.625753 
67.604078 
67.582404 
67.560729 
67.539055 
67.517380 
67.495706 
67.474031 
67.452357 
67.430682 
67.409008 
67.387333 
67.365659 
67.343984 
67.322310 
67.300635 
67.278961 
67.257286 
67.235612 
67.213937 
67.192263 
67.170588 
67.148914 
67.127239 
67.105565 
67.083890 
67.062216 
67.040541 
67.018867 
66.997192 
66.975518 
66.953843 
66.932169 
66.910494 
66.888820 
66.867146 
66.845471 
66.823797 
66.802122 
66.780448 
66.758773 
66.737099 
66.715424 
66.693750 
66.672075 
66.650401 
66.628726 
66.607052 
66.585377 
66.563703 
66.542028 
66.520354 
66.498679 
66.477005 
66.455330 
66.433656 
66.411981 
66.390307 
66.368632 
66.346958 
66.325283 
66.303609 
66.281934 
66.260260 
66.238585 
66.216911 
66.195236 
66.173562 
66.151887 
66.130213 
66.108539 
66.086864 
66.065190 
66.043515 
66.021841 
66.000166 
65.978492 
65.956817 
65.935143 
65.913468 
65.891794 
65.870119 
65.848445 
65.826770 
65.805096 
65.783421 
65.761747 
65.740072 
65.718398 
65.696723 
65.675049 
65.653374 
65.631700 
65.610025 
65.588351 
65.566676 
65.545002 
65.523327 
65.501653 
65.479978 
65.458304 
65.436629 
65.414955 
65.393280 
65.371606 
65.349932 
65.328257 
65.306583 
65.284908 
65.263234 
65.241559 
65.219885 
65.198210 
65.176536 
65.154861 
65.133187 
65.111512 
65.089838 
65.068163 
65.046489 
65.024814 
65.003140 
64.981465 
64.959791 
64.938116 
64.916442 
64.894767 
64.873093 
64.851418 
64.829744 
64.808069 
64.786395 
64.764720 
64.743046 
64.721371 
64.699697 
64.678022 
64.656348 
64.634673 
64.612999 
64.591324 
64.569650 
64.547976 
64.526301 
64.504627 
64.482952 
64.461278 
64.439603 
64.417929 
64.396254 
64.374580 
64.352905 
64.331231 
64.309556 
64.287882 
64.266207 
64.244533 
64.222858 
64.201184 
64.179509 
64.157835 
64.136160 
64.114486 
64.092811 
64.071137 
64.049462 
64.027788 
64.006113 
63.984439 
63.962764 
63.941090 
63.919415 
63.897741 
63.876066 
63.854392 
63.832717 
63.811043 
63.789369 
63.767694 
63.746020 
63.724345 
63.702671 
63.680996 
63.659322 
63.637647 
63.615973 
63.594298 
63.572624 
63.550949 
63.529275 
63.507600 
63.485926 
63.464251 
63.442577 
63.420902 
63.399228 
63.377553 
63.355879 
63.334204 
63.312530 
63.290855 
63.269181 
63.247506 
63.225832 
63.204157 
63.182483 
63.160808 
63.139134 
63.117459 
63.095785 
63.074110 
63.052436 
63.030762 
63.009087 
62.987413 
62.965738 
62.944064 
62.922389 
62.900715 
62.879040 
62.857366 
62.835691 
62.814017 
62.792342 
62.770668 
62.748993 
62.727319 
62.705644 
62.683970 
62.662295 
62.640621 
62.618946 
62.597272 
62.575597 
62.553923 
62.532248 
62.510574 
62.488899 
62.467225 
62.445550 
62.423876 
62.402201 
62.380527 
62.358852 
62.337178 
62.315503 
62.293829 
62.272155 
62.250480 
62.228806 
62.207131 
62.185457 
62.163782 
62.142108 
62.120433 
62.098759 
62.077084 
62.055410 
62.033735 
62.012061 
61.990386 
61.968712 
61.947037 
61.925363 
61.903688 
61.882014 
61.860339 
61.838665 
61.816990 
61.795316 
61.773641 
61.751967 
61.730292 
61.708618 
61.686943 
61.665269 
61.643594 
61.621920 
61.600245 
61.578571 
61.556896 
61.535222 
61.513548 
61.491873 
61.470199 
61.448524 
61.426850 
61.405175 
61.383501 
61.361826 
61.340152 
61.318477 
61.296803 
61.275128 
61.253454 
61.231779 
61.210105 
61.188430 
61.166756 
61.145081 
61.123407 
61.101732 
61.080058 
61.058383 
61.036709 
61.015034 
60.993360 
60.971685 
60.950011 
60.928336 
60.906662 
60.884987 
60.863313 
60.841638 
60.819964 
60.798289 
60.776615 
60.754940 
60.733266 
60.711592 
60.689917 
60.668243 
60.646568 
60.624894 
60.603219 
60.581545 
60.559870 
60.538196 
60.516521 
60.494847 
60.473172 
60.451498 
60.429823 
60.408149 
60.386474 
60.364800 
60.343125 
60.321451 
60.299776 
60.278102 
60.256427 
60.234753 
60.213078 
60.191404 
60.169729 
60.148055 
60.126380 
60.104706 
60.083031 
60.061357 
60.039682 
60.018008 
59.996333 
59.974659 
59.952985 
59.931310 
59.909636 
59.887961 
59.866287 
59.844612 
59.822938 
59.801263 
59.779589 
59.757914 
59.736240 
59.714565 
59.692891 
59.671216 
59.649542 
59.627867 
59.606193 
59.584518 
59.562844 
59.541169 
59.519495 
59.497820 
59.476146 
59.454471 
59.432797 
59.411122 
59.389448 
59.367773 
59.346099 
59.324424 
59.302750 
59.281075 
59.259401 
59.237726 
59.216052 
59.194378 
59.172703 
59.151029 
59.129354 
59.107680 
59.086005 
59.064331 
59.042656 
59.020982 
58.999307 
58.977633 
58.955958 
58.934284 
58.912609 
58.890935 
58.869260 
58.847586 
58.825911 
58.804237 
58.782562 
58.760888 
58.739213 
58.717539 
58.695864 
58.674190 
58.652515 
58.630841 
58.609166 
58.587492 
58.565817 
58.544143 
58.522468 
58.500794 
58.479119 
58.457445 
58.435771 
58.414096 
58.392422 
58.370747 
58.349073 
58.327398 
58.305724 
58.284049 
58.262375 
58.240700 
58.219026 
58.197351 
58.175677 
58.154002 
58.132328 
58.110653 
58.088979 
58.067304 
58.045630 
58.023955 
58.002281 
57.980606 
57.958932 
57.937257 
57.915583 
57.893908 
57.872234 
57.850559 
57.828885 
57.807210 
57.785536 
57.763861 
57.742187 
57.720512 
57.698838 
57.677164 
57.655489 
57.633815 
57.612140 
57.590466 
57.568791 
57.547117 
57.525442 
57.503768 
57.482093 
57.460419 
57.438744 
57.417070 
57.395395 
57.373721 
57.352046 
57.330372 
57.308697 
57.287023 
57.265348 
57.243674 
57.221999 
57.200325 
57.178650 
57.156976 
57.135301 
57.113627 
57.091952 
57.070278 
57.048603 
57.026929 
57.005254 
56.983580 
56.961905 
56.940231 
56.918556 
56.896882 
56.875208 
56.853533 
56.831859 
56.810184 
56.788510 
56.766835 
56.745161 
56.723486 
56.701812 
56.680137 
56.658463 
56.636788 
56.615114 
56.593439 
56.571765 
56.550090 
56.528416 
56.506741 
56.485067 
56.463392 
56.441718 
56.420043 
56.398369 
56.376694 
56.355020 
56.333345 
56.311671 
56.289996 
56.268322 
56.246647 
56.224973 
56.203298 
56.181624 
56.159949 
56.138275 
56.116601 
56.094926 
56.073252 
56.051577 
56.029903 
56.008228 
55.986554 
55.964879 
55.943205 
55.921530 
55.899856 
55.878181 
55.856507 
55.834832 
55.813158 
55.791483 
55.769809 
55.748134 
55.726460 
55.704785 
55.683111 
55.661436 
55.639762 
55.618087 
55.596413 
55.574738 
55.553064 
55.531389 
55.509715 
55.488040 
55.466366 
55.444691 
55.423017 
55.401342 
55.379668 
55.357994 
55.336319 
55.314645 
55.292970 
55.271296 
55.249621 
55.227947 
55.206272 
55.184598 
55.162923 
55.141249 
55.119574 
55.097900 
55.076225 
55.054551 
55.032876 
55.011202 
54.989527 
54.967853 
54.946178 
54.924504 
54.902829 
54.881155 
54.859480 
54.837806 
54.816131 
54.794457 
54.772782 
54.751108 
54.729433 
54.707759 
54.686084 
54.664410 
54.642735 
54.621061 
54.599387 
54.577712 
54.556038 
54.534363 
54.512689 
54.491014 
54.469340 
54.447665 
54.425991 
54.404316 
54.382642 
54.360967 
54.339293 
54.317618 
54.295944 
54.274269 
54.252595 
54.230920 
54.209246 
54.187571 
54.165897 
54.144222 
54.122548 
54.100873 
54.079199 
54.057524 
54.035850 
54.014175 
53.992501 
53.970826 
53.949152 
53.927477 
53.905803 
53.884128 
53.862454 
53.840780 
53.819105 
53.797431 
53.775756 
53.754082 
53.732407 
53.710733 
53.689058 
53.667384 
53.645709 
53.624035 
53.602360 
53.580686 
53.559011 
53.537337 
53.515662 
53.493988 
53.472313 
53.450639 
53.428964 
53.407290 
53.385615 
53.363941 
53.342266 
53.320592 
53.298917 
53.277243 
53.255568 
53.233894 
53.212219 
53.190545 
53.168870 
53.147196 
53.125521 
53.103847 
53.082172 
53.060498 
53.038824 
53.017149 
52.995475 
52.973800 
52.952126 
52.930451 
52.908777 
52.887102 
52.865428 
52.843753 
52.822079 
52.800404 
52.778730 
52.757055 
52.735381 
52.713706 
52.692032 
52.670357 
52.648683 
52.627008 
52.605334 
52.583659 
52.561985 
52.540310 
52.518636 
52.496961 
52.475287 
52.453612 
52.431938 
52.410263 
52.388589 
52.366914 
52.345240 
52.323565 
52.301891 
52.280217 
52.258542 
52.236868 
52.215193 
52.193519 
52.171844 
52.150170 
52.128495 
52.106821 
52.085146 
52.063472 
52.041797 
52.020123 
51.998448 
51.976774 
51.955099 
51.933425 
51.911750 
51.890076 
51.868401 
51.846727 
51.825052 
51.803378 
51.781703 
51.760029 
51.738354 
51.716680 
51.695005 
51.673331 
51.651656 
51.629982 
51.608307 
51.586633 
51.564958 
51.543284 
51.521610 
51.499935 
51.478261 
51.456586 
51.434912 
51.413237 
51.391563 
51.369888 
51.348214 
51.326539 
51.304865 
51.283190 
51.261516 
51.239841 
51.218167 
51.196492 
51.174818 
51.153143 
51.131469 
51.109794 
51.088120 
51.066445 
51.044771 
51.023096 
51.001422 
50.979747 
50.958073 
50.936398 
50.914724 
50.893049 
50.871375 
50.849700 
50.828026 
50.806351 
50.784677 
50.763003 
50.741328 
50.719654 
50.697979 
50.676305 
50.654630 
50.632956 
50.611281 
50.589607 
50.567932 
50.546258 
50.524583 
50.502909 
50.481234 
50.459560 
50.437885 
50.416211 
50.394536 
50.372862 
50.351187 
50.329513 
50.307838 
50.286164 
50.264489 
50.242815 
50.221140 
50.199466 
50.177791 
50.156117 
50.134442 
50.112768 
50.091093 
50.069419 
50.047744 
50.026070 
50.004396 
49.982721 
49.961047 
49.939372 
49.917698 
49.896023 
49.874349 
49.852674 
49.831000 
49.809325 
49.787651 
49.765976 
49.744302 
49.722627 
49.700953 
49.679278 
49.657604 
49.635929 
49.614255 
49.592580 
49.570906 
49.549231 
49.527557 
49.505882 
49.484208 
49.462533 
49.440859 
49.419184 
49.397510 
49.375835 
49.354161 
49.332486 
49.310812 
49.289137 
49.267463 
49.245788 
49.224114 
49.202440 
49.180765 
49.159091 
49.137416 
49.115742 
49.094067 
49.072393 
49.050718 
49.029044 
49.007369 
48.985695 
48.964020 
48.942346 
48.920671 
48.898997 
48.877322 
48.855648 
48.833973 
48.812299 
48.790624 
48.768950 
48.747275 
48.725601 
48.703926 
48.682252 
48.660577 
48.638903 
48.617228 
48.595554 
48.573879 
48.552205 
48.530530 
48.508856 
48.487181 
48.465507 
48.443833 
48.422158 
48.400484 
48.378809 
48.357135 
48.335460 
48.313786 
48.292111 
48.270437 
48.248762 
48.227088 
48.205413 
48.183739 
48.162064 
48.140390 
48.118715 
48.097041 
48.075366 
48.053692 
48.032017 
48.010343 
47.988668 
47.966994 
47.945319 
47.923645 
47.901970 
47.880296 
47.858621 
47.836947 
47.815272 
47.793598 
47.771923 
47.750249 
47.728574 
47.706900 
47.685226 
47.663551 
47.641877 
47.620202 
47.598528 
47.576853 
47.555179 
47.533504 
47.511830 
47.490155 
47.468481 
47.446806 
47.425132 
47.403457 
47.381783 
47.360108 
47.338434 
47.316759 
47.295085 
47.273410 
47.251736 
47.230061 
47.208387 
47.186712 
47.165038 
47.143363 
47.121689 
47.100014 
47.078340 
47.056665 
47.034991 
47.013316 
46.991642 
46.969967 
46.948293 
46.926619 
46.904944 
46.883270 
46.861595 
46.839921 
46.818246 
46.796572 
46.774897 
46.753223 
46.731548 
46.709874 
46.688199 
46.666525 
46.644850 
46.623176 
46.601501 
46.579827 
46.558152 
46.536478 
46.514803 
46.493129 
46.471454 
46.449780 
46.428105 
46.406431 
46.384756 
46.363082 
46.341407 
46.319733 
46.298058 
46.276384 
46.254709 
46.233035 
46.211360 
46.189686 
46.168012 
46.146337 
46.124663 
46.102988 
46.081314 
46.059639 
46.037965 
46.016290 
45.994616 
45.972941 
45.951267 
45.929592 
45.907918 
45.886243 
45.864569 
45.842894 
45.821220 
45.799545 
45.777871 
45.756196 
45.734522 
45.712847 
45.691173 
45.669498 
45.647824 
45.626149 
45.604475 
45.582800 
45.561126 
45.539451 
45.517777 
45.496102 
45.474428 
45.452753 
45.431079 
45.409404 
45.387730 
45.366056 
45.344381 
45.322707 
45.301032 
45.279358 
45.257683 
45.236009 
45.214334 
45.192660 
45.170985 
45.149311 
45.127636 
45.105962 
45.084287 
45.062613 
45.040938 
45.019264 
44.997589 
44.975915 
44.954240 
44.932566 
44.910891 
44.889217 
44.867542 
44.845868 
44.824193 
44.802519 
44.780844 
44.759170 
44.737495 
44.715821 
44.694146 
44.672472 
44.650797 
44.629123 
44.607449 
44.585774 
44.564100 
44.542425 
44.520751 
44.499076 
44.477402 
44.455727 
44.434053 
44.412378 
44.390704 
44.369029 
44.347355 
44.325680 
44.304006 
44.282331 
44.260657 
44.238982 
44.217308 
44.195633 
44.173959 
44.152284 
44.130610 
44.108935 
44.087261 
44.065586 
44.043912 
44.022237 
44.000563 
43.978888 
43.957214 
43.935539 
43.913865 
43.892190 
43.870516 
43.848842 
43.827167 
43.805493 
43.783818 
43.762144 
43.740469 
43.718795 
43.697120 
43.675446 
43.653771 
43.632097 
43.610422 
43.588748 
43.567073 
43.545399 
43.523724 
43.502050 
43.480375 
43.458701 
43.437026 
43.415352 
43.393677 
43.372003 
43.350328 
43.328654 
43.306979 
43.285305 
43.263630 
43.241956 
43.220281 
43.198607 
43.176932 
43.155258 
43.133583 
43.111909 
43.090235 
43.068560 
43.046886 
43.025211 
43.003537 
42.981862 
42.960188 
42.938513 
42.916839 
42.895164 
42.873490 
42.851815 
42.830141 
42.808466 
42.786792 
42.765117 
42.743443 
42.721768 
42.700094 
42.678419 
42.656745 
42.635070 
42.613396 
42.591721 
42.570047 
42.548372 
42.526698 
42.505023 
42.483349 
42.461674 
42.440000 
42.418325 
42.396651 
42.374976 
42.353302 
42.331628 
42.309953 
42.288279 
42.266604 
42.244930 
42.223255 
42.201581 
42.179906 
42.158232 
42.136557 
42.114883 
42.093208 
42.071534 
42.049859 
42.028185 
42.006510 
41.984836 
41.963161 
41.941487 
41.919812 
41.898138 
41.876463 
41.854789 
41.833114 
41.811440 
41.789765 
41.768091 
41.746416 
41.724742 
41.703067 
41.681393 
41.659718 
41.638044 
41.616369 
41.594695 
41.573020 
41.551346 
41.529672 
41.507997 
41.486323 
41.464648 
41.442974 
41.421299 
41.399625 
41.377950 
41.356276 
41.334601 
41.312927 
41.291252 
41.269578 
41.247903 
41.226229 
41.204554 
41.182880 
41.161205 
41.139531 
41.117856 
41.096182 
41.074507 
41.052833 
41.031158 
41.009484 
40.987809 
40.966135 
40.944460 
40.922786 
40.901111 
40.879437 
40.857762 
40.836088 
40.814413 
40.792739 
40.771065 
40.749390 
40.727716 
40.706041 
40.684367 
40.662692 
40.641018 
40.619343 
40.597669 
40.575994 
40.554320 
40.532645 
40.510971 
40.489296 
40.467622 
40.445947 
40.424273 
40.402598 
40.380924 
40.359249 
40.337575 
40.315900 
40.294226 
40.272551 
40.250877 
40.229202 
40.207528 
40.185853 
40.164179 
40.142504 
40.120830 
40.099155 
40.077481 
40.055806 
40.034132 
40.012458 
39.990783 
39.969109 
39.947434 
39.925760 
39.904085 
39.882411 
39.860736 
39.839062 
39.817387 
39.795713 
39.774038 
39.752364 
39.730689 
39.709015 
39.687340 
39.665666 
39.643991 
39.622317 
39.600642 
39.578968 
39.557293 
39.535619 
39.513944 
39.492270 
39.470595 
39.448921 
39.427246 
39.405572 
39.383897 
39.362223 
39.340548 
39.318874 
39.297199 
39.275525 
39.253851 
39.232176 
39.210502 
39.188827 
39.167153 
39.145478 
39.123804 
39.102129 
39.080455 
39.058780 
39.037106 
39.015431 
38.993757 
38.972082 
38.950408 
38.928733 
38.907059 
38.885384 
38.863710 
38.842035 
38.820361 
38.798686 
38.777012 
38.755337 
38.733663 
38.711988 
38.690314 
38.668639 
38.646965 
38.625290 
38.603616 
38.581941 
38.560267 
38.538592 
38.516918 
38.495244 
38.473569 
38.451895 
38.430220 
38.408546 
38.386871 
38.365197 
38.343522 
38.321848 
38.300173 
38.278499 
38.256824 
38.235150 
38.213475 
38.191801 
38.170126 
38.148452 
38.126777 
38.105103 
38.083428 
38.061754 
38.040079 
38.018405 
37.996730 
37.975056 
37.953381 
37.931707 
37.910032 
37.888358 
37.866683 
37.845009 
37.823334 
37.801660 
37.779985 
37.758311 
37.736636 
37.714962 
37.693288 
37.671613 
37.649939 
37.628264 
37.606590 
37.584915 
37.563241 
37.541566 
37.519892 
37.498217 
37.476543 
37.454868 
37.433194 
37.411519 
37.389845 
37.368170 
37.346496 
37.324821 
37.303147 
37.281472 
37.259798 
37.238123 
37.216449 
37.194774 
37.173100 
37.151425 
37.129751 
37.108076 
37.086402 
37.064727 
37.043053 
37.021378 
36.999704 
36.978029 
36.956355 
36.934681 
36.913006 
36.891332 
36.869657 
36.847983 
36.826308 
36.804634 
36.782959 
36.761285 
36.739610 
36.717936 
36.696261 
36.674587 
36.652912 
36.631238 
36.609563 
36.587889 
36.566214 
36.544540 
36.522865 
36.501191 
36.479516 
36.457842 
36.436167 
36.414493 
36.392818 
36.371144 
36.349469 
36.327795 
36.306120 
36.284446 
36.262771 
36.241097 
36.219422 
36.197748 
36.176074 
36.154399 
36.132725 
36.111050 
36.089376 
36.067701 
36.046027 
36.024352 
36.002678 
35.981003 
35.959329 
35.937654 
35.915980 
35.894305 
35.872631 
35.850956 
35.829282 
35.807607 
35.785933 
35.764258 
35.742584 
35.720909 
35.699235 
35.677560 
35.655886 
35.634211 
35.612537 
35.590862 
35.569188 
35.547513 
35.525839 
35.504164 
35.482490 
35.460815 
35.439141 
35.417467 
35.395792 
35.374118 
35.352443 
35.330769 
35.309094 
35.287420 
35.265745 
35.244071 
35.222396 
35.200722 
35.179047 
35.157373 
35.135698 
35.114024 
35.092349 
35.070675 
35.049000 
35.027326 
35.005651 
34.983977 
34.962302 
34.940628 
34.918953 
34.897279 
34.875604 
34.853930 
34.832255 
34.810581 
34.788906 
34.767232 
34.745557 
34.723883 
34.702208 
34.680534 
34.658860 
34.637185 
34.615511 
34.593836 
34.572162 
34.550487 
34.528813 
34.507138 
34.485464 
34.463789 
34.442115 
34.420440 
34.398766 
34.377091 
34.355417 
34.333742 
34.312068 
34.290393 
34.268719 
34.247044 
34.225370 
34.203695 
34.182021 
34.160346 
34.138672 
34.116997 
34.095323 
34.073648 
34.051974 
34.030299 
34.008625 
33.986950 
33.965276 
33.943601 
33.921927 
33.900252 
33.878578 
33.856904 
33.835229 
33.813555 
33.791880 
33.770206 
33.748531 
33.726857 
33.705182 
33.683508 
33.661833 
33.640159 
33.618484 
33.596810 
33.575135 
33.553461 
33.531786 
33.510112 
33.488437 
33.466763 
33.445088 
33.423414 
33.401739 
33.380065 
33.358390 
33.336716 
33.315041 
33.293367 
33.271692 
33.250018 
33.228343 
33.206669 
33.184994 
33.163320 
33.141645 
33.119971 
33.098297 
33.076622 
33.054948 
33.033273 
33.011599 
32.989924 
32.968250 
32.946575 
32.924901 
32.903226 
32.881552 
32.859877 
32.838203 
32.816528 
32.794854 
32.773179 
32.751505 
32.729830 
32.708156 
32.686481 
32.664807 
32.643132 
32.621458 
32.599783 
32.578109 
32.556434 
32.534760 
32.513085 
32.491411 
32.469736 
32.448062 
32.426387 
32.404713 
32.383038 
32.361364 
32.339690 
32.318015 
32.296341 
32.274666 
32.252992 
32.231317 
32.209643 
32.187968 
32.166294 
32.144619 
32.122945 
32.101270 
32.079596 
32.057921 
32.036247 
32.014572 
31.992898 
31.971223 
31.949549 
31.927874 
31.906200 
31.884525 
31.862851 
31.841176 
31.819502 
31.797827 
31.776153 
31.754478 
31.732804 
31.711129 
31.689455 
31.667780 
31.646106 
31.624431 
31.602757 
31.581083 
31.559408 
31.537734 
31.516059 
31.494385 
31.472710 
31.451036 
31.429361 
31.407687 
31.386012 
31.364338 
31.342663 
31.320989 
31.299314 
31.277640 
31.255965 
31.234291 
31.212616 
31.190942 
31.169267 
31.147593 
31.125918 
31.104244 
31.082569 
31.060895 
31.039220 
31.017546 
30.995871 
30.974197 
30.952522 
30.930848 
30.909173 
30.887499 
30.865824 
30.844150 
30.822476 
30.800801 
30.779127 
30.757452 
30.735778 
30.714103 
30.692429 
30.670754 
30.649080 
30.627405 
30.605731 
30.584056 
30.562382 
30.540707 
30.519033 
30.497358 
30.475684 
30.454009 
30.432335 
30.410660 
30.388986 
30.367311 
30.345637 
30.323962 
30.302288 
30.280613 
30.258939 
30.237264 
30.215590 
30.193915 
30.172241 
30.150566 
30.128892 
30.107217 
30.085543 
30.063868 
30.042194 
30.020520 
29.998845 
29.977171 
29.955496 
29.933822 
29.912147 
29.890473 
29.868798 
29.847124 
29.825449 
29.803775 
29.782100 
29.760426 
29.738751 
29.717077 
29.695402 
29.673728 
29.652053 
29.630379 
29.608704 
29.587030 
29.565355 
29.543681 
29.522006 
29.500332 
29.478657 
29.456983 
29.435308 
29.413634 
29.391959 
29.370285 
29.348610 
29.326936 
29.305261 
29.283587 
29.261913 
29.240238 
29.218564 
29.196889 
29.175215 
29.153540 
29.131866 
29.110191 
29.088517 
29.066842 
29.045168 
29.023493 
29.001819 
28.980144 
28.958470 
28.936795 
28.915121 
28.893446 
28.871772 
28.850097 
28.828423 
28.806748 
28.785074 
28.763399 
28.741725 
28.720050 
28.698376 
28.676701 
28.655027 
28.633352 
28.611678 
28.590003 
28.568329 
28.546654 
28.524980 
28.503306 
28.481631 
28.459957 
28.438282 
28.416608 
28.394933 
28.373259 
28.351584 
28.329910 
28.308235 
28.286561 
28.264886 
28.243212 
28.221537 
28.199863 
28.178188 
28.156514 
28.134839 
28.113165 
28.091490 
28.069816 
28.048141 
28.026467 
28.004792 
27.983118 
27.961443 
27.939769 
27.918094 
27.896420 
27.874745 
27.853071 
27.831396 
27.809722 
27.788047 
27.766373 
27.744699 
27.723024 
27.701350 
27.679675 
27.658001 
27.636326 
27.614652 
27.592977 
27.571303 
27.549628 
27.527954 
27.506279 
27.484605 
27.462930 
27.441256 
27.419581 
27.397907 
27.376232 
27.354558 
27.332883 
27.311209 
27.289534 
27.267860 
27.246185 
27.224511 
27.202836 
27.181162 
27.159487 
27.137813 
27.116138 
27.094464 
27.072789 
27.051115 
27.029440 
27.007766 
26.986092 
26.964417 
26.942743 
26.921068 
26.899394 
26.877719 
26.856045 
26.834370 
26.812696 
26.791021 
26.769347 
26.747672 
26.725998 
26.704323 
26.682649 
26.660974 
26.639300 
26.617625 
26.595951 
26.574276 
26.552602 
26.530927 
26.509253 
26.487578 
26.465904 
26.444229 
26.422555 
26.400880 
26.379206 
26.357531 
26.335857 
26.314182 
26.292508 
26.270833 
26.249159 
26.227484 
26.205810 
26.184136 
26.162461 
26.140787 
26.119112 
26.097438 
26.075763 
26.054089 
26.032414 
26.010740 
25.989065 
25.967391 
25.945716 
25.924042 
25.902367 
25.880693 
25.859018 
25.837344 
25.815669 
25.793995 
25.772320 
25.750646 
25.728971 
25.707297 
25.685622 
25.663948 
25.642273 
25.620599 
25.598924 
25.577250 
25.555575 
25.533901 
25.512226 
25.490552 
25.468877 
25.447203 
25.425529 
25.403854 
25.382180 
25.360505 
25.338831 
25.317156 
25.295482 
25.273807 
25.252133 
25.230458 
25.208784 
25.187109 
25.165435 
25.143760 
25.122086 
25.100411 
25.078737 
25.057062 
25.035388 
25.013713 
24.992039 
24.970364 
24.948690 
24.927015 
24.905341 
24.883666 
24.861992 
24.840317 
24.818643 
24.796968 
24.775294 
24.753619 
24.731945 
24.710270 
24.688596 
24.666922 
24.645247 
24.623573 
24.601898 
24.580224 
24.558549 
24.536875 
24.515200 
24.493526 
24.471851 
24.450177 
24.428502 
24.406828 
24.385153 
24.363479 
24.341804 
24.320130 
24.298455 
24.276781 
24.255106 
24.233432 
24.211757 
24.190083 
24.168408 
24.146734 
24.125059 
24.103385 
24.081710 
24.060036 
24.038361 
24.016687 
23.995012 
23.973338 
23.951663 
23.929989 
23.908315 
23.886640 
23.864966 
23.843291 
23.821617 
23.799942 
23.778268 
23.756593 
23.734919 
23.713244 
23.691570 
23.669895 
23.648221 
23.626546 
23.604872 
23.583197 
23.561523 
23.539848 
23.518174 
23.496499 
23.474825 
23.453150 
23.431476 
23.409801 
23.388127 
23.366452 
23.344778 
23.323103 
23.301429 
23.279754 
23.258080 
23.236405 
23.214731 
23.193056 
23.171382 
23.149708 
23.128033 
23.106359 
23.084684 
23.063010 
23.041335 
23.019661 
22.997986 
22.976312 
22.954637 
22.932963 
22.911288 
22.889614 
22.867939 
22.846265 
22.824590 
22.802916 
22.781241 
22.759567 
22.737892 
22.716218 
22.694543 
22.672869 
22.651194 
22.629520 
22.607845 
22.586171 
22.564496 
22.542822 
22.521147 
22.499473 
22.477798 
22.456124 
22.434449 
22.412775 
22.391100 
22.369426 
22.347752 
22.326077 
22.304403 
22.282728 
22.261054 
22.239379 
22.217705 
22.196030 
22.174356 
22.152681 
22.131007 
22.109332 
22.087658 
22.065983 
22.044309 
22.022634 
22.000960 
21.979285 
21.957611 
21.935936 
21.914262 
21.892587 
21.870913 
21.849238 
21.827564 
21.805889 
21.784215 
21.762540 
21.740866 
21.719191 
21.697517 
21.675842 
21.654168 
21.632493 
21.610819 
21.589145 
21.567470 
21.545796 
21.524121 
21.502447 
21.480772 
21.459098 
21.437423 
21.415749 
21.394074 
21.372400 
21.350725 
21.329051 
21.307376 
21.285702 
21.264027 
21.242353 
21.220678 
21.199004 
21.177329 
21.155655 
21.133980 
21.112306 
21.090631 
21.068957 
21.047282 
21.025608 
21.003933 
20.982259 
20.960584 
20.938910 
20.917235 
20.895561 
20.873886 
20.852212 
20.830538 
20.808863 
20.787189 
20.765514 
20.743840 
20.722165 
20.700491 
20.678816 
20.657142 
20.635467 
20.613793 
20.592118 
20.570444 
20.548769 
20.527095 
20.505420 
20.483746 
20.462071 
20.440397 
20.418722 
20.397048 
20.375373 
20.353699 
20.332024 
20.310350 
20.288675 
20.267001 
20.245326 
20.223652 
20.201977 
20.180303 
20.158628 
20.136954 
20.115279 
20.093605 
20.071931 
20.050256 
20.028582 
20.006907 
19.985233 
19.963558 
19.941884 
19.920209 
19.898535 
19.876860 
19.855186 
19.833511 
19.811837 
19.790162 
19.768488 
19.746813 
19.725139 
19.703464 
19.681790 
19.660115 
19.638441 
19.616766 
19.595092 
19.573417 
19.551743 
19.530068 
19.508394 
19.486719 
19.465045 
19.443370 
19.421696 
19.400021 
19.378347 
19.356672 
19.334998 
19.313324 
19.291649 
19.269975 
19.248300 
19.226626 
19.204951 
19.183277 
19.161602 
19.139928 
19.118253 
19.096579 
19.074904 
19.053230 
19.031555 
19.009881 
18.988206 
18.966532 
18.944857 
18.923183 
18.901508 
18.879834 
18.858159 
18.836485 
18.814810 
18.793136 
18.771461 
18.749787 
18.728112 
18.706438 
18.684763 
18.663089 
18.641414 
18.619740 
18.598065 
18.576391 
18.554716 
18.533042 
18.511368 
18.489693 
18.468019 
18.446344 
18.424670 
18.402995 
18.381321 
18.359646 
18.337972 
18.316297 
18.294623 
18.272948 
18.251274 
18.229599 
18.207925 
18.186250 
18.164576 
18.142901 
18.121227 
18.099552 
18.077878 
18.056203 
18.034529 
18.012854 
17.991180 
17.969505 
17.947831 
17.926156 
17.904482 
17.882807 
17.861133 
17.839458 
17.817784 
17.796109 
17.774435 
17.752761 
17.731086 
17.709412 
17.687737 
17.666063 
17.644388 
17.622714 
17.601039 
17.579365 
17.557690 
17.536016 
17.514341 
17.492667 
17.470992 
17.449318 
17.427643 
17.405969 
17.384294 
17.362620 
17.340945 
17.319271 
17.297596 
17.275922 
17.254247 
17.232573 
17.210898 
17.189224 
17.167549 
17.145875 
17.124200 
17.102526 
17.080851 
17.059177 
17.037502 
17.015828 
16.994154 
16.972479 
16.950805 
16.929130 
16.907456 
16.885781 
16.864107 
16.842432 
16.820758 
16.799083 
16.777409 
16.755734 
16.734060 
16.712385 
16.690711 
16.669036 
16.647362 
16.625687 
16.604013 
16.582338 
16.560664 
16.538989 
16.517315 
16.495640 
16.473966 
16.452291 
16.430617 
16.408942 
16.387268 
16.365593 
16.343919 
16.322244 
16.300570 
16.278895 
16.257221 
16.235547 
16.213872 
16.192198 
16.170523 
16.148849 
16.127174 
16.105500 
16.083825 
16.062151 
16.040476 
16.018802 
15.997127 
15.975453 
15.953778 
15.932104 
15.910429 
15.888755 
15.867080 
15.845406 
15.823731 
15.802057 
15.780382 
15.758708 
15.737033 
15.715359 
15.693684 
15.672010 
15.650335 
15.628661 
15.606986 
15.585312 
15.563637 
15.541963 
15.520288 
15.498614 
15.476940 
15.455265 
15.433591 
15.411916 
15.390242 
15.368567 
15.346893 
15.325218 
15.303544 
15.281869 
15.260195 
15.238520 
15.216846 
15.195171 
15.173497 
15.151822 
15.130148 
15.108473 
15.086799 
15.065124 
15.043450 
15.021775 
15.000101 
14.978426 
14.956752 
14.935077 
14.913403 
14.891728 
14.870054 
14.848379 
14.826705 
14.805030 
14.783356 
14.761681 
14.740007 
14.718332 
14.696658 
14.674984 
14.653309 
14.631635 
14.609960 
14.588286 
14.566611 
14.544937 
14.523262 
14.501588 
14.479913 
14.458239 
14.436564 
14.414890 
14.393215 
14.371541 
14.349866 
14.328192 
14.306517 
14.284843 
14.263168 
14.241494 
14.219819 
14.198145 
14.176470 
14.154796 
14.133121 
14.111447 
14.089772 
14.068098 
14.046423 
14.024749 
14.003074 
13.981400 
13.959725 
13.938051 
13.916377 
13.894702 
13.873028 
13.851353 
13.829679 
13.808004 
13.786330 
13.764655 
13.742981 
13.721306 
13.699632 
13.677957 
13.656283 
13.634608 
13.612934 
13.591259 
13.569585 
13.547910 
13.526236 
13.504561 
13.482887 
13.461212 
13.439538 
13.417863 
13.396189 
13.374514 
13.352840 
13.331165 
13.309491 
13.287816 
13.266142 
13.244467 
13.222793 
13.201118 
13.179444 
13.157770 
13.136095 
13.114421 
13.092746 
13.071072 
13.049397 
13.027723 
13.006048 
12.984374 
12.962699 
12.941025 
12.919350 
12.897676 
12.876001 
12.854327 
12.832652 
12.810978 
12.789303 
12.767629 
12.745954 
12.724280 
12.702605 
12.680931 
12.659256 
12.637582 
12.615907 
12.594233 
12.572558 
12.550884 
12.529209 
12.507535 
12.485860 
12.464186 
12.442511 
12.420837 
12.399163 
12.377488 
12.355814 
12.334139 
12.312465 
12.290790 
12.269116 
12.247441 
12.225767 
12.204092 
12.182418 
12.160743 
12.139069 
12.117394 
12.095720 
12.074045 
12.052371 
12.030696 
12.009022 
11.987347 
11.965673 
11.943998 
11.922324 
11.900649 
11.878975 
11.857300 
11.835626 
11.813951 
11.792277 
11.770602 
11.748928 
11.727253 
11.705579 
11.683904 
11.662230 
11.640556 
11.618881 
11.597207 
11.575532 
11.553858 
11.532183 
11.510509 
11.488834 
11.467160 
11.445485 
11.423811 
11.402136 
11.380462 
11.358787 
11.337113 
11.315438 
11.293764 
11.272089 
11.250415 
11.228740 
11.207066 
11.185391 
11.163717 
11.142042 
11.120368 
11.098693 
11.077019 
11.055344 
11.033670 
11.011995 
10.990321 
10.968646 
10.946972 
10.925297 
10.903623 
10.881948 
10.860274 
10.838600 
10.816925 
10.795251 
10.773576 
10.751902 
10.730227 
10.708553 
10.686878 
10.665204 
10.643529 
10.621855 
10.600180 
10.578506 
10.556831 
10.535157 
10.513482 
10.491808 
10.470133 
10.448459 
10.426784 
10.405110 
10.383435 
10.361761 
10.340086 
10.318412 
10.296737 
10.275063 
10.253388 
10.231714 
10.210039 
10.188365 
10.166690 
10.145016 
10.123341 
10.101667 
10.079993 
10.058318 
10.036644 
10.014969 
9.993295 
9.971620 
9.949946 
9.928271 
9.906597 
9.884922 
9.863248 
9.841573 
9.819899 
9.798224 
9.776550 
9.754875 
9.733201 
9.711526 
9.689852 
9.668177 
9.646503 
9.624828 
9.603154 
9.581479 
9.559805 
9.538130 
9.516456 
9.494781 
9.473107 
9.451432 
9.429758 
9.408083 
9.386409 
9.364734 
9.343060 
9.321386 
9.299711 
9.278037 
9.256362 
9.234688 
9.213013 
9.191339 
9.169664 
9.147990 
9.126315 
9.104641 
9.082966 
9.061292 
9.039617 
9.017943 
8.996268 
8.974594 
8.952919 
8.931245 
8.909570 
8.887896 
8.866221 
8.844547 
8.822872 
8.801198 
8.779523 
8.757849 
8.736174 
8.714500 
8.692825 
8.671151 
8.649476 
8.627802 
8.606127 
8.584453 
8.562779 
8.541104 
8.519430 
8.497755 
8.476081 
8.454406 
8.432732 
8.411057 
8.389383 
8.367708 
8.346034 
8.324359 
8.302685 
8.281010 
8.259336 
8.237661 
8.215987 
8.194312 
8.172638 
8.150963 
8.129289 
8.107614 
8.085940 
8.064265 
8.042591 
8.020916 
7.999242 
7.977567 
7.955893 
7.934218 
7.912544 
7.890869 
7.869195 
7.847520 
7.825846 
7.804172 
7.782497 
7.760823 
7.739148 
7.717474 
7.695799 
7.674125 
7.652450 
7.630776 
7.609101 
7.587427 
7.565752 
7.544078 
7.522403 
7.500729 
7.479054 
7.457380 
7.435705 
7.414031 
7.392356 
7.370682 
7.349007 
7.327333 
7.305658 
7.283984 
7.262309 
7.240635 
7.218960 
7.197286 
7.175611 
7.153937 
7.132262 
7.110588 
7.088913 
7.067239 
7.045564 
7.023890 
7.002216 
6.980541 
6.958867 
6.937192 
6.915518 
6.893843 
6.872169 
6.850494 
6.828820 
6.807145 
6.785471 
6.763796 
6.742122 
6.720447 
6.698773 
6.677098 
6.655424 
6.633749 
6.612075 
6.590400 
6.568726 
6.547051 
6.525377 
6.503702 
6.482028 
6.460353 
6.438679 
6.417004 
6.395330 
6.373655 
6.351981 
6.330306 
6.308632 
6.286957 
6.265283 
6.243609 
6.221934 
6.200260 
6.178585 
6.156911 
6.135236 
6.113562 
6.091887 
6.070213 
6.048538 
6.026864 
6.005189 
5.983515 
5.961840 
5.940166 
5.918491 
5.896817 
5.875142 
5.853468 
5.831793 
5.810119 
5.788444 
5.766770 
5.745095 
5.723421 
5.701746 
5.680072 
5.658397 
5.636723 
5.615048 
5.593374 
5.571699 
5.550025 
5.528350 
5.506676 
5.485002 
5.463327 
5.441653 
5.419978 
5.398304 
5.376629 
5.354955 
5.333280 
5.311606 
5.289931 
5.268257 
5.246582 
5.224908 
5.203233 
5.181559 
5.159884 
5.138210 
5.116535 
5.094861 
5.073186 
5.051512 
5.029837 
5.008163 
4.986488 
4.964814 
4.943139 
4.921465 
4.899790 
4.878116 
4.856441 
4.834767 
4.813092 
4.791418 
4.769743 
4.748069 
4.726395 
4.704720 
4.683046 
4.661371 
4.639697 
4.618022 
4.596348 
4.574673 
4.552999 
4.531324 
4.509650 
4.487975 
4.466301 
4.444626 
4.422952 
4.401277 
4.379603 
4.357928 
4.336254 
4.314579 
4.292905 
4.271230 
4.249556 
4.227881 
4.206207 
4.184532 
4.162858 
4.141183 
4.119509 
4.097834 
4.076160 
4.054485 
4.032811 
4.011136 
3.989462 
3.967788 
3.946113 
3.924439 
3.902764 
3.881090 
3.859415 
3.837741 
3.816066 
3.794392 
3.772717 
3.751043 
3.729368 
3.707694 
3.686019 
3.664345 
3.642670 
3.620996 
3.599321 
3.577647 
3.555972 
3.534298 
3.512623 
3.490949 
3.469274 
3.447600 
3.425925 
3.404251 
3.382576 
3.360902 
3.339227 
3.317553 
3.295878 
3.274204 
3.252529 
3.230855 
3.209180 
3.187506 
3.165832 
3.144157 
3.122483 
3.100808 
3.079134 
3.057459 
3.035785 
3.014110 
2.992436 
2.970761 
2.949087 
2.927412 
2.905738 
2.884063 
2.862389 
2.840714 
2.819040 
2.797365 
2.775691 
2.754016 
2.732342 
2.710667 
2.688993 
2.667318 
2.645644 
2.623969 
2.602295 
2.580620 
2.558946 
2.537271 
2.515597 
2.493922 
2.472248 
2.450573 
2.428899 
2.407225 
2.385550 
2.363876 
2.342201 
2.320527 
2.298852 
2.277178 
2.255503 
2.233829 
2.212154 
2.190480 
2.168805 
2.147131 
2.125456 
2.103782 
2.082107 
2.060433 
2.038758 
2.017084 
1.995409 
1.973735 
1.952060 
1.930386 
1.908711 
1.887037 
1.865362 
1.843688 
1.822013 
1.800339 
1.778664 
1.756990 
1.735315 
1.713641 
1.691966 
1.670292 
1.648618 
1.626943 
1.605269 
1.583594 
1.561920 
1.540245 
1.518571 
1.496896 
1.475222 
1.453547 
1.431873 
1.410198 
1.388524 
1.366849 
1.345175 
1.323500 
1.301826 
1.280151 
1.258477 
1.236802 
1.215128 
1.193453 
1.171779 
1.150104 
1.128430 
1.106755 
1.085081 
1.063406 
1.041732 
1.020057 
0.998383 
0.976708 
0.955034 
0.933359 
0.911685 
0.890011 
0.868336 
0.846662 
0.824987 
0.803313 
0.781638 
0.759964 
0.738289 
0.716615 
0.694940 
0.673266 
0.651591 
0.629917 
0.608242 
0.586568 
0.564893 
0.543219 
0.521544 
0.499870 
0.478195 
0.456521 
0.434846 
0.413172 
0.391497 
0.369823 
0.348148 
0.326474 
0.304799 
0.283125 
0.261450 
0.239776 
0.218101 
0.196427 
0.174752 
0.153078 
0.131404 
0.109729 
0.088055 
0.066380 
0.044706 
0.023031 
0.001357 
-0.020318 
-0.041992 
-0.063667 
-0.085341 
-0.107016 
-0.128690 
-0.150365 
-0.172039 
-0.193714 
-0.215388 
-0.237063 
-0.258737 
-0.280412 
-0.302086 
-0.323761 
-0.345435 
-0.367110 
-0.388784 
-0.410459 
-0.432133 
-0.453808 
-0.475482 
-0.497157 
-0.518831 
-0.540506 
-0.562180 
-0.583855 
-0.605529 
-0.627204 
-0.648878 
-0.670552 
-0.692227 
-0.713901 
-0.735576 
-0.757250 
-0.778925 
-0.800599 
-0.822274 
