190.649628 
190.626248 
190.602868 
190.579488 
190.556108 
190.532728 
190.509348 
190.485968 
190.462588 
190.439208 
190.415828 
190.392448 
190.369068 
190.345688 
190.322308 
190.298928 
190.275548 
190.252168 
190.228788 
190.205408 
190.182028 
190.158648 
190.135268 
190.111888 
190.088508 
190.065128 
190.041748 
190.018368 
189.994988 
189.971608 
189.948229 
189.924849 
189.901469 
189.878089 
189.854709 
189.831329 
189.807949 
189.784569 
189.761189 
189.737809 
189.714429 
189.691049 
189.667669 
189.644289 
189.620909 
189.597529 
189.574149 
189.550769 
189.527389 
189.504009 
189.480629 
189.457249 
189.433869 
189.410489 
189.387109 
189.363729 
189.340349 
189.316969 
189.293589 
189.270209 
189.246829 
189.223449 
189.200069 
189.176689 
189.153309 
189.129929 
189.106550 
189.083170 
189.059790 
189.036410 
189.013030 
188.989650 
188.966270 
188.942890 
188.919510 
188.896130 
188.872750 
188.849370 
188.825990 
188.802610 
188.779230 
188.755850 
188.732470 
188.709090 
188.685710 
188.662330 
188.638950 
188.615570 
188.592190 
188.568810 
188.545430 
188.522050 
188.498670 
188.475290 
188.451910 
188.428530 
188.405150 
188.381770 
188.358390 
188.335010 
188.311630 
188.288250 
188.264871 
188.241491 
188.218111 
188.194731 
188.171351 
188.147971 
188.124591 
188.101211 
188.077831 
188.054451 
188.031071 
188.007691 
187.984311 
187.960931 
187.937551 
187.914171 
187.890791 
187.867411 
187.844031 
187.820651 
187.797271 
187.773891 
187.750511 
187.727131 
187.703751 
187.680371 
187.656991 
187.633611 
187.610231 
187.586851 
187.563471 
187.540091 
187.516711 
187.493331 
187.469951 
187.446571 
187.423192 
187.399812 
187.376432 
187.353052 
187.329672 
187.306292 
187.282912 
187.259532 
187.236152 
187.212772 
187.189392 
187.166012 
187.142632 
187.119252 
187.095872 
187.072492 
187.049112 
187.025732 
187.002352 
186.978972 
186.955592 
186.932212 
186.908832 
186.885452 
186.862072 
186.838692 
186.815312 
186.791932 
186.768552 
186.745172 
186.721792 
186.698412 
186.675032 
186.651652 
186.628272 
186.604892 
186.581513 
186.558133 
186.534753 
186.511373 
186.487993 
186.464613 
186.441233 
186.417853 
186.394473 
186.371093 
186.347713 
186.324333 
186.300953 
186.277573 
186.254193 
186.230813 
186.207433 
186.184053 
186.160673 
186.137293 
186.113913 
186.090533 
186.067153 
186.043773 
186.020393 
185.997013 
185.973633 
185.950253 
185.926873 
185.903493 
185.880113 
185.856733 
185.833353 
185.809973 
185.786593 
185.763213 
185.739834 
185.716454 
185.693074 
185.669694 
185.646314 
185.622934 
185.599554 
185.576174 
185.552794 
185.529414 
185.506034 
185.482654 
185.459274 
185.435894 
185.412514 
185.389134 
185.365754 
185.342374 
185.318994 
185.295614 
185.272234 
185.248854 
185.225474 
185.202094 
185.178714 
185.155334 
185.131954 
185.108574 
185.085194 
185.061814 
185.038434 
185.015054 
184.991674 
184.968294 
184.944914 
184.921534 
184.898155 
184.874775 
184.851395 
184.828015 
184.804635 
184.781255 
184.757875 
184.734495 
184.711115 
184.687735 
184.664355 
184.640975 
184.617595 
184.594215 
184.570835 
184.547455 
184.524075 
184.500695 
184.477315 
184.453935 
184.430555 
184.407175 
184.383795 
184.360415 
184.337035 
184.313655 
184.290275 
184.266895 
184.243515 
184.220135 
184.196755 
184.173375 
184.149995 
184.126615 
184.103235 
184.079855 
184.056476 
184.033096 
184.009716 
183.986336 
183.962956 
183.939576 
183.916196 
183.892816 
183.869436 
183.846056 
183.822676 
183.799296 
183.775916 
183.752536 
183.729156 
183.705776 
183.682396 
183.659016 
183.635636 
183.612256 
183.588876 
183.565496 
183.542116 
183.518736 
183.495356 
183.471976 
183.448596 
183.425216 
183.401836 
183.378456 
183.355076 
183.331696 
183.308316 
183.284936 
183.261556 
183.238176 
183.214797 
183.191417 
183.168037 
183.144657 
183.121277 
183.097897 
183.074517 
183.051137 
183.027757 
183.004377 
182.980997 
182.957617 
182.934237 
182.910857 
182.887477 
182.864097 
182.840717 
182.817337 
182.793957 
182.770577 
182.747197 
182.723817 
182.700437 
182.677057 
182.653677 
182.630297 
182.606917 
182.583537 
182.560157 
182.536777 
182.513397 
182.490017 
182.466637 
182.443257 
182.419877 
182.396497 
182.373118 
182.349738 
182.326358 
182.302978 
182.279598 
182.256218 
182.232838 
182.209458 
182.186078 
182.162698 
182.139318 
182.115938 
182.092558 
182.069178 
182.045798 
182.022418 
181.999038 
181.975658 
181.952278 
181.928898 
181.905518 
181.882138 
181.858758 
181.835378 
181.811998 
181.788618 
181.765238 
181.741858 
181.718478 
181.695098 
181.671718 
181.648338 
181.624958 
181.601578 
181.578198 
181.554818 
181.531439 
181.508059 
181.484679 
181.461299 
181.437919 
181.414539 
181.391159 
181.367779 
181.344399 
181.321019 
181.297639 
181.274259 
181.250879 
181.227499 
181.204119 
181.180739 
181.157359 
181.133979 
181.110599 
181.087219 
181.063839 
181.040459 
181.017079 
180.993699 
180.970319 
180.946939 
180.923559 
180.900179 
180.876799 
180.853419 
180.830039 
180.806659 
180.783279 
180.759899 
180.736519 
180.713139 
180.689760 
180.666380 
180.643000 
180.619620 
180.596240 
180.572860 
180.549480 
180.526100 
180.502720 
180.479340 
180.455960 
180.432580 
180.409200 
180.385820 
180.362440 
180.339060 
180.315680 
180.292300 
180.268920 
180.245540 
180.222160 
180.198780 
180.175400 
180.152020 
180.128640 
180.105260 
180.081880 
180.058500 
180.035120 
180.011740 
179.988360 
179.964980 
179.941600 
179.918220 
179.894840 
179.871460 
179.848081 
179.824701 
179.801321 
179.777941 
179.754561 
179.731181 
179.707801 
179.684421 
179.661041 
179.637661 
179.614281 
179.590901 
179.567521 
179.544141 
179.520761 
179.497381 
179.474001 
179.450621 
179.427241 
179.403861 
179.380481 
179.357101 
179.333721 
179.310341 
179.286961 
179.263581 
179.240201 
179.216821 
179.193441 
179.170061 
179.146681 
179.123301 
179.099921 
179.076541 
179.053161 
179.029781 
179.006402 
178.983022 
178.959642 
178.936262 
178.912882 
178.889502 
178.866122 
178.842742 
178.819362 
178.795982 
178.772602 
178.749222 
178.725842 
178.702462 
178.679082 
178.655702 
178.632322 
178.608942 
178.585562 
178.562182 
178.538802 
178.515422 
178.492042 
178.468662 
178.445282 
178.421902 
178.398522 
178.375142 
178.351762 
178.328382 
178.305002 
178.281622 
178.258242 
178.234862 
178.211482 
178.188103 
178.164723 
178.141343 
178.117963 
178.094583 
178.071203 
178.047823 
178.024443 
178.001063 
177.977683 
177.954303 
177.930923 
177.907543 
177.884163 
177.860783 
177.837403 
177.814023 
177.790643 
177.767263 
177.743883 
177.720503 
177.697123 
177.673743 
177.650363 
177.626983 
177.603603 
177.580223 
177.556843 
177.533463 
177.510083 
177.486703 
177.463323 
177.439943 
177.416563 
177.393183 
177.369803 
177.346424 
177.323044 
177.299664 
177.276284 
177.252904 
177.229524 
177.206144 
177.182764 
177.159384 
177.136004 
177.112624 
177.089244 
177.065864 
177.042484 
177.019104 
176.995724 
176.972344 
176.948964 
176.925584 
176.902204 
176.878824 
176.855444 
176.832064 
176.808684 
176.785304 
176.761924 
176.738544 
176.715164 
176.691784 
176.668404 
176.645024 
176.621644 
176.598264 
176.574884 
176.551504 
176.528124 
176.504745 
176.481365 
176.457985 
176.434605 
176.411225 
176.387845 
176.364465 
176.341085 
176.317705 
176.294325 
176.270945 
176.247565 
176.224185 
176.200805 
176.177425 
176.154045 
176.130665 
176.107285 
176.083905 
176.060525 
176.037145 
176.013765 
175.990385 
175.967005 
175.943625 
175.920245 
175.896865 
175.873485 
175.850105 
175.826725 
175.803345 
175.779965 
175.756585 
175.733205 
175.709825 
175.686445 
175.663066 
175.639686 
175.616306 
175.592926 
175.569546 
175.546166 
175.522786 
175.499406 
175.476026 
175.452646 
175.429266 
175.405886 
175.382506 
175.359126 
175.335746 
175.312366 
175.288986 
175.265606 
175.242226 
175.218846 
175.195466 
175.172086 
175.148706 
175.125326 
175.101946 
175.078566 
175.055186 
175.031806 
175.008426 
174.985046 
174.961666 
174.938286 
174.914906 
174.891526 
174.868146 
174.844766 
174.821387 
174.798007 
174.774627 
174.751247 
174.727867 
174.704487 
174.681107 
174.657727 
174.634347 
174.610967 
174.587587 
174.564207 
174.540827 
174.517447 
174.494067 
174.470687 
174.447307 
174.423927 
174.400547 
174.377167 
174.353787 
174.330407 
174.307027 
174.283647 
174.260267 
174.236887 
174.213507 
174.190127 
174.166747 
174.143367 
174.119987 
174.096607 
174.073227 
174.049847 
174.026467 
174.003087 
173.979708 
173.956328 
173.932948 
173.909568 
173.886188 
173.862808 
173.839428 
173.816048 
173.792668 
173.769288 
173.745908 
173.722528 
173.699148 
173.675768 
173.652388 
173.629008 
173.605628 
173.582248 
173.558868 
173.535488 
173.512108 
173.488728 
173.465348 
173.441968 
173.418588 
173.395208 
173.371828 
173.348448 
173.325068 
173.301688 
173.278308 
173.254928 
173.231548 
173.208168 
173.184788 
173.161408 
173.138029 
173.114649 
173.091269 
173.067889 
173.044509 
173.021129 
172.997749 
172.974369 
172.950989 
172.927609 
172.904229 
172.880849 
172.857469 
172.834089 
172.810709 
172.787329 
172.763949 
172.740569 
172.717189 
172.693809 
172.670429 
172.647049 
172.623669 
172.600289 
172.576909 
172.553529 
172.530149 
172.506769 
172.483389 
172.460009 
172.436629 
172.413249 
172.389869 
172.366489 
172.343109 
172.319729 
172.296350 
172.272970 
172.249590 
172.226210 
172.202830 
172.179450 
172.156070 
172.132690 
172.109310 
172.085930 
172.062550 
172.039170 
172.015790 
171.992410 
171.969030 
171.945650 
171.922270 
171.898890 
171.875510 
171.852130 
171.828750 
171.805370 
171.781990 
171.758610 
171.735230 
171.711850 
171.688470 
171.665090 
171.641710 
171.618330 
171.594950 
171.571570 
171.548190 
171.524810 
171.501430 
171.478050 
171.454671 
171.431291 
171.407911 
171.384531 
171.361151 
171.337771 
171.314391 
171.291011 
171.267631 
171.244251 
171.220871 
171.197491 
171.174111 
171.150731 
171.127351 
171.103971 
171.080591 
171.057211 
171.033831 
171.010451 
170.987071 
170.963691 
170.940311 
170.916931 
170.893551 
170.870171 
170.846791 
170.823411 
170.800031 
170.776651 
170.753271 
170.729891 
170.706511 
170.683131 
170.659751 
170.636371 
170.612992 
170.589612 
170.566232 
170.542852 
170.519472 
170.496092 
170.472712 
170.449332 
170.425952 
170.402572 
170.379192 
170.355812 
170.332432 
170.309052 
170.285672 
170.262292 
170.238912 
170.215532 
170.192152 
170.168772 
170.145392 
170.122012 
170.098632 
170.075252 
170.051872 
170.028492 
170.005112 
169.981732 
169.958352 
169.934972 
169.911592 
169.888212 
169.864832 
169.841452 
169.818072 
169.794692 
169.771313 
169.747933 
169.724553 
169.701173 
169.677793 
169.654413 
169.631033 
169.607653 
169.584273 
169.560893 
169.537513 
169.514133 
169.490753 
169.467373 
169.443993 
169.420613 
169.397233 
169.373853 
169.350473 
169.327093 
169.303713 
169.280333 
169.256953 
169.233573 
169.210193 
169.186813 
169.163433 
169.140053 
169.116673 
169.093293 
169.069913 
169.046533 
169.023153 
168.999773 
168.976393 
168.953013 
168.929634 
168.906254 
168.882874 
168.859494 
168.836114 
168.812734 
168.789354 
168.765974 
168.742594 
168.719214 
168.695834 
168.672454 
168.649074 
168.625694 
168.602314 
168.578934 
168.555554 
168.532174 
168.508794 
168.485414 
168.462034 
168.438654 
168.415274 
168.391894 
168.368514 
168.345134 
168.321754 
168.298374 
168.274994 
168.251614 
168.228234 
168.204854 
168.181474 
168.158094 
168.134714 
168.111334 
168.087955 
168.064575 
168.041195 
168.017815 
167.994435 
167.971055 
167.947675 
167.924295 
167.900915 
167.877535 
167.854155 
167.830775 
167.807395 
167.784015 
167.760635 
167.737255 
167.713875 
167.690495 
167.667115 
167.643735 
167.620355 
167.596975 
167.573595 
167.550215 
167.526835 
167.503455 
167.480075 
167.456695 
167.433315 
167.409935 
167.386555 
167.363175 
167.339795 
167.316415 
167.293035 
167.269655 
167.246276 
167.222896 
167.199516 
167.176136 
167.152756 
167.129376 
167.105996 
167.082616 
167.059236 
167.035856 
167.012476 
166.989096 
166.965716 
166.942336 
166.918956 
166.895576 
166.872196 
166.848816 
166.825436 
166.802056 
166.778676 
166.755296 
166.731916 
166.708536 
166.685156 
166.661776 
166.638396 
166.615016 
166.591636 
166.568256 
166.544876 
166.521496 
166.498116 
166.474736 
166.451356 
166.427976 
166.404597 
166.381217 
166.357837 
166.334457 
166.311077 
166.287697 
166.264317 
166.240937 
166.217557 
166.194177 
166.170797 
166.147417 
166.124037 
166.100657 
166.077277 
166.053897 
166.030517 
166.007137 
165.983757 
165.960377 
165.936997 
165.913617 
165.890237 
165.866857 
165.843477 
165.820097 
165.796717 
165.773337 
165.749957 
165.726577 
165.703197 
165.679817 
165.656437 
165.633057 
165.609677 
165.586297 
165.562918 
165.539538 
165.516158 
165.492778 
165.469398 
165.446018 
165.422638 
165.399258 
165.375878 
165.352498 
165.329118 
165.305738 
165.282358 
165.258978 
165.235598 
165.212218 
165.188838 
165.165458 
165.142078 
165.118698 
165.095318 
165.071938 
165.048558 
165.025178 
165.001798 
164.978418 
164.955038 
164.931658 
164.908278 
164.884898 
164.861518 
164.838138 
164.814758 
164.791378 
164.767998 
164.744618 
164.721239 
164.697859 
164.674479 
164.651099 
164.627719 
164.604339 
164.580959 
164.557579 
164.534199 
164.510819 
164.487439 
164.464059 
164.440679 
164.417299 
164.393919 
164.370539 
164.347159 
164.323779 
164.300399 
164.277019 
164.253639 
164.230259 
164.206879 
164.183499 
164.160119 
164.136739 
164.113359 
164.089979 
164.066599 
164.043219 
164.019839 
163.996459 
163.973079 
163.949699 
163.926319 
163.902939 
163.879560 
163.856180 
163.832800 
163.809420 
163.786040 
163.762660 
163.739280 
163.715900 
163.692520 
163.669140 
163.645760 
163.622380 
163.599000 
163.575620 
163.552240 
163.528860 
163.505480 
163.482100 
163.458720 
163.435340 
163.411960 
163.388580 
163.365200 
163.341820 
163.318440 
163.295060 
163.271680 
163.248300 
163.224920 
163.201540 
163.178160 
163.154780 
163.131400 
163.108020 
163.084640 
163.061260 
163.037881 
163.014501 
162.991121 
162.967741 
162.944361 
162.920981 
162.897601 
162.874221 
162.850841 
162.827461 
162.804081 
162.780701 
162.757321 
162.733941 
162.710561 
162.687181 
162.663801 
162.640421 
162.617041 
162.593661 
162.570281 
162.546901 
162.523521 
162.500141 
162.476761 
162.453381 
162.430001 
162.406621 
162.383241 
162.359861 
162.336481 
162.313101 
162.289721 
162.266341 
162.242961 
162.219581 
162.196202 
162.172822 
162.149442 
162.126062 
162.102682 
162.079302 
162.055922 
162.032542 
162.009162 
161.985782 
161.962402 
161.939022 
161.915642 
161.892262 
161.868882 
161.845502 
161.822122 
161.798742 
161.775362 
161.751982 
161.728602 
161.705222 
161.681842 
161.658462 
161.635082 
161.611702 
161.588322 
161.564942 
161.541562 
161.518182 
161.494802 
161.471422 
161.448042 
161.424662 
161.401282 
161.377902 
161.354523 
161.331143 
161.307763 
161.284383 
161.261003 
161.237623 
161.214243 
161.190863 
161.167483 
161.144103 
161.120723 
161.097343 
161.073963 
161.050583 
161.027203 
161.003823 
160.980443 
160.957063 
160.933683 
160.910303 
160.886923 
160.863543 
160.840163 
160.816783 
160.793403 
160.770023 
160.746643 
160.723263 
160.699883 
160.676503 
160.653123 
160.629743 
160.606363 
160.582983 
160.559603 
160.536223 
160.512844 
160.489464 
160.466084 
160.442704 
160.419324 
160.395944 
160.372564 
160.349184 
160.325804 
160.302424 
160.279044 
160.255664 
160.232284 
160.208904 
160.185524 
160.162144 
160.138764 
160.115384 
160.092004 
160.068624 
160.045244 
160.021864 
159.998484 
159.975104 
159.951724 
159.928344 
159.904964 
159.881584 
159.858204 
159.834824 
159.811444 
159.788064 
159.764684 
159.741304 
159.717924 
159.694544 
159.671165 
159.647785 
159.624405 
159.601025 
159.577645 
159.554265 
159.530885 
159.507505 
159.484125 
159.460745 
159.437365 
159.413985 
159.390605 
159.367225 
159.343845 
159.320465 
159.297085 
159.273705 
159.250325 
159.226945 
159.203565 
159.180185 
159.156805 
159.133425 
159.110045 
159.086665 
159.063285 
159.039905 
159.016525 
158.993145 
158.969765 
158.946385 
158.923005 
158.899625 
158.876245 
158.852865 
158.829486 
158.806106 
158.782726 
158.759346 
158.735966 
158.712586 
158.689206 
158.665826 
158.642446 
158.619066 
158.595686 
158.572306 
158.548926 
158.525546 
158.502166 
158.478786 
158.455406 
158.432026 
158.408646 
158.385266 
158.361886 
158.338506 
158.315126 
158.291746 
158.268366 
158.244986 
158.221606 
158.198226 
158.174846 
158.151466 
158.128086 
158.104706 
158.081326 
158.057946 
158.034566 
158.011186 
157.987807 
157.964427 
157.941047 
157.917667 
157.894287 
157.870907 
157.847527 
157.824147 
157.800767 
157.777387 
157.754007 
157.730627 
157.707247 
157.683867 
157.660487 
157.637107 
157.613727 
157.590347 
157.566967 
157.543587 
157.520207 
157.496827 
157.473447 
157.450067 
157.426687 
157.403307 
157.379927 
157.356547 
157.333167 
157.309787 
157.286407 
157.263027 
157.239647 
157.216267 
157.192887 
157.169507 
157.146128 
157.122748 
157.099368 
157.075988 
157.052608 
157.029228 
157.005848 
156.982468 
156.959088 
156.935708 
156.912328 
156.888948 
156.865568 
156.842188 
156.818808 
156.795428 
156.772048 
156.748668 
156.725288 
156.701908 
156.678528 
156.655148 
156.631768 
156.608388 
156.585008 
156.561628 
156.538248 
156.514868 
156.491488 
156.468108 
156.444728 
156.421348 
156.397968 
156.374588 
156.351208 
156.327828 
156.304449 
156.281069 
156.257689 
156.234309 
156.210929 
156.187549 
156.164169 
156.140789 
156.117409 
156.094029 
156.070649 
156.047269 
156.023889 
156.000509 
155.977129 
155.953749 
155.930369 
155.906989 
155.883609 
155.860229 
155.836849 
155.813469 
155.790089 
155.766709 
155.743329 
155.719949 
155.696569 
155.673189 
155.649809 
155.626429 
155.603049 
155.579669 
155.556289 
155.532909 
155.509529 
155.486149 
155.462770 
155.439390 
155.416010 
155.392630 
155.369250 
155.345870 
155.322490 
155.299110 
155.275730 
155.252350 
155.228970 
155.205590 
155.182210 
155.158830 
155.135450 
155.112070 
155.088690 
155.065310 
155.041930 
155.018550 
154.995170 
154.971790 
154.948410 
154.925030 
154.901650 
154.878270 
154.854890 
154.831510 
154.808130 
154.784750 
154.761370 
154.737990 
154.714610 
154.691230 
154.667850 
154.644470 
154.621091 
154.597711 
154.574331 
154.550951 
154.527571 
154.504191 
154.480811 
154.457431 
154.434051 
154.410671 
154.387291 
154.363911 
154.340531 
154.317151 
154.293771 
154.270391 
154.247011 
154.223631 
154.200251 
154.176871 
154.153491 
154.130111 
154.106731 
154.083351 
154.059971 
154.036591 
154.013211 
153.989831 
153.966451 
153.943071 
153.919691 
153.896311 
153.872931 
153.849551 
153.826171 
153.802791 
153.779412 
153.756032 
153.732652 
153.709272 
153.685892 
153.662512 
153.639132 
153.615752 
153.592372 
153.568992 
153.545612 
153.522232 
153.498852 
153.475472 
153.452092 
153.428712 
153.405332 
153.381952 
153.358572 
153.335192 
153.311812 
153.288432 
153.265052 
153.241672 
153.218292 
153.194912 
153.171532 
153.148152 
153.124772 
153.101392 
153.078012 
153.054632 
153.031252 
153.007872 
152.984492 
152.961112 
152.937733 
152.914353 
152.890973 
152.867593 
152.844213 
152.820833 
152.797453 
152.774073 
152.750693 
152.727313 
152.703933 
152.680553 
152.657173 
152.633793 
152.610413 
152.587033 
152.563653 
152.540273 
152.516893 
152.493513 
152.470133 
152.446753 
152.423373 
152.399993 
152.376613 
152.353233 
152.329853 
152.306473 
152.283093 
152.259713 
152.236333 
152.212953 
152.189573 
152.166193 
152.142813 
152.119433 
152.096054 
152.072674 
152.049294 
152.025914 
152.002534 
151.979154 
151.955774 
151.932394 
151.909014 
151.885634 
151.862254 
151.838874 
151.815494 
151.792114 
151.768734 
151.745354 
151.721974 
151.698594 
151.675214 
151.651834 
151.628454 
151.605074 
151.581694 
151.558314 
151.534934 
151.511554 
151.488174 
151.464794 
151.441414 
151.418034 
151.394654 
151.371274 
151.347894 
151.324514 
151.301134 
151.277754 
151.254375 
151.230995 
151.207615 
151.184235 
151.160855 
151.137475 
151.114095 
151.090715 
151.067335 
151.043955 
151.020575 
150.997195 
150.973815 
150.950435 
150.927055 
150.903675 
150.880295 
150.856915 
150.833535 
150.810155 
150.786775 
150.763395 
150.740015 
150.716635 
150.693255 
150.669875 
150.646495 
150.623115 
150.599735 
150.576355 
150.552975 
150.529595 
150.506215 
150.482835 
150.459455 
150.436075 
150.412696 
150.389316 
150.365936 
150.342556 
150.319176 
150.295796 
150.272416 
150.249036 
150.225656 
150.202276 
150.178896 
150.155516 
150.132136 
150.108756 
150.085376 
150.061996 
150.038616 
150.015236 
149.991856 
149.968476 
149.945096 
149.921716 
149.898336 
149.874956 
149.851576 
149.828196 
149.804816 
149.781436 
149.758056 
149.734676 
149.711296 
149.687916 
149.664536 
149.641156 
149.617776 
149.594396 
149.571017 
149.547637 
149.524257 
149.500877 
149.477497 
149.454117 
149.430737 
149.407357 
149.383977 
149.360597 
149.337217 
149.313837 
149.290457 
149.267077 
149.243697 
149.220317 
149.196937 
149.173557 
149.150177 
149.126797 
149.103417 
149.080037 
149.056657 
149.033277 
149.009897 
148.986517 
148.963137 
148.939757 
148.916377 
148.892997 
148.869617 
148.846237 
148.822857 
148.799477 
148.776097 
148.752717 
148.729338 
148.705958 
148.682578 
148.659198 
148.635818 
148.612438 
148.589058 
148.565678 
148.542298 
148.518918 
148.495538 
148.472158 
148.448778 
148.425398 
148.402018 
148.378638 
148.355258 
148.331878 
148.308498 
148.285118 
148.261738 
148.238358 
148.214978 
148.191598 
148.168218 
148.144838 
148.121458 
148.098078 
148.074698 
148.051318 
148.027938 
148.004558 
147.981178 
147.957798 
147.934418 
147.911038 
147.887659 
147.864279 
147.840899 
147.817519 
147.794139 
147.770759 
147.747379 
147.723999 
147.700619 
147.677239 
147.653859 
147.630479 
147.607099 
147.583719 
147.560339 
147.536959 
147.513579 
147.490199 
147.466819 
147.443439 
147.420059 
147.396679 
147.373299 
147.349919 
147.326539 
147.303159 
147.279779 
147.256399 
147.233019 
147.209639 
147.186259 
147.162879 
147.139499 
147.116119 
147.092739 
147.069359 
147.045980 
147.022600 
146.999220 
146.975840 
146.952460 
146.929080 
146.905700 
146.882320 
146.858940 
146.835560 
146.812180 
146.788800 
146.765420 
146.742040 
146.718660 
146.695280 
146.671900 
146.648520 
146.625140 
146.601760 
146.578380 
146.555000 
146.531620 
146.508240 
146.484860 
146.461480 
146.438100 
146.414720 
146.391340 
146.367960 
146.344580 
146.321200 
146.297820 
146.274440 
146.251060 
146.227680 
146.204301 
146.180921 
146.157541 
146.134161 
146.110781 
146.087401 
146.064021 
146.040641 
146.017261 
145.993881 
145.970501 
145.947121 
145.923741 
145.900361 
145.876981 
145.853601 
145.830221 
145.806841 
145.783461 
145.760081 
145.736701 
145.713321 
145.689941 
145.666561 
145.643181 
145.619801 
145.596421 
145.573041 
145.549661 
145.526281 
145.502901 
145.479521 
145.456141 
145.432761 
145.409381 
145.386001 
145.362622 
145.339242 
145.315862 
145.292482 
145.269102 
145.245722 
145.222342 
145.198962 
145.175582 
145.152202 
145.128822 
145.105442 
145.082062 
145.058682 
145.035302 
145.011922 
144.988542 
144.965162 
144.941782 
144.918402 
144.895022 
144.871642 
144.848262 
144.824882 
144.801502 
144.778122 
144.754742 
144.731362 
144.707982 
144.684602 
144.661222 
144.637842 
144.614462 
144.591082 
144.567702 
144.544322 
144.520943 
144.497563 
144.474183 
144.450803 
144.427423 
144.404043 
144.380663 
144.357283 
144.333903 
144.310523 
144.287143 
144.263763 
144.240383 
144.217003 
144.193623 
144.170243 
144.146863 
144.123483 
144.100103 
144.076723 
144.053343 
144.029963 
144.006583 
143.983203 
143.959823 
143.936443 
143.913063 
143.889683 
143.866303 
143.842923 
143.819543 
143.796163 
143.772783 
143.749403 
143.726023 
143.702643 
143.679264 
143.655884 
143.632504 
143.609124 
143.585744 
143.562364 
143.538984 
143.515604 
143.492224 
143.468844 
143.445464 
143.422084 
143.398704 
143.375324 
143.351944 
143.328564 
143.305184 
143.281804 
143.258424 
143.235044 
143.211664 
143.188284 
143.164904 
143.141524 
143.118144 
143.094764 
143.071384 
143.048004 
143.024624 
143.001244 
142.977864 
142.954484 
142.931104 
142.907724 
142.884344 
142.860964 
142.837585 
142.814205 
142.790825 
142.767445 
142.744065 
142.720685 
142.697305 
142.673925 
142.650545 
142.627165 
142.603785 
142.580405 
142.557025 
142.533645 
142.510265 
142.486885 
142.463505 
142.440125 
142.416745 
142.393365 
142.369985 
142.346605 
142.323225 
142.299845 
142.276465 
142.253085 
142.229705 
142.206325 
142.182945 
142.159565 
142.136185 
142.112805 
142.089425 
142.066045 
142.042665 
142.019286 
141.995906 
141.972526 
141.949146 
141.925766 
141.902386 
141.879006 
141.855626 
141.832246 
141.808866 
141.785486 
141.762106 
141.738726 
141.715346 
141.691966 
141.668586 
141.645206 
141.621826 
141.598446 
141.575066 
141.551686 
141.528306 
141.504926 
141.481546 
141.458166 
141.434786 
141.411406 
141.388026 
141.364646 
141.341266 
141.317886 
141.294506 
141.271126 
141.247746 
141.224366 
141.200986 
141.177607 
141.154227 
141.130847 
141.107467 
141.084087 
141.060707 
141.037327 
141.013947 
140.990567 
140.967187 
140.943807 
140.920427 
140.897047 
140.873667 
140.850287 
140.826907 
140.803527 
140.780147 
140.756767 
140.733387 
140.710007 
140.686627 
140.663247 
140.639867 
140.616487 
140.593107 
140.569727 
140.546347 
140.522967 
140.499587 
140.476207 
140.452827 
140.429447 
140.406067 
140.382687 
140.359307 
140.335928 
140.312548 
140.289168 
140.265788 
140.242408 
140.219028 
140.195648 
140.172268 
140.148888 
140.125508 
140.102128 
140.078748 
140.055368 
140.031988 
140.008608 
139.985228 
139.961848 
139.938468 
139.915088 
139.891708 
139.868328 
139.844948 
139.821568 
139.798188 
139.774808 
139.751428 
139.728048 
139.704668 
139.681288 
139.657908 
139.634528 
139.611148 
139.587768 
139.564388 
139.541008 
139.517628 
139.494249 
139.470869 
139.447489 
139.424109 
139.400729 
139.377349 
139.353969 
139.330589 
139.307209 
139.283829 
139.260449 
139.237069 
139.213689 
139.190309 
139.166929 
139.143549 
139.120169 
139.096789 
139.073409 
139.050029 
139.026649 
139.003269 
138.979889 
138.956509 
138.933129 
138.909749 
138.886369 
138.862989 
138.839609 
138.816229 
138.792849 
138.769469 
138.746089 
138.722709 
138.699329 
138.675949 
138.652570 
138.629190 
138.605810 
138.582430 
138.559050 
138.535670 
138.512290 
138.488910 
138.465530 
138.442150 
138.418770 
138.395390 
138.372010 
138.348630 
138.325250 
138.301870 
138.278490 
138.255110 
138.231730 
138.208350 
138.184970 
138.161590 
138.138210 
138.114830 
138.091450 
138.068070 
138.044690 
138.021310 
137.997930 
137.974550 
137.951170 
137.927790 
137.904410 
137.881030 
137.857650 
137.834270 
137.810891 
137.787511 
137.764131 
137.740751 
137.717371 
137.693991 
137.670611 
137.647231 
137.623851 
137.600471 
137.577091 
137.553711 
137.530331 
137.506951 
137.483571 
137.460191 
137.436811 
137.413431 
137.390051 
137.366671 
137.343291 
137.319911 
137.296531 
137.273151 
137.249771 
137.226391 
137.203011 
137.179631 
137.156251 
137.132871 
137.109491 
137.086111 
137.062731 
137.039351 
137.015971 
136.992591 
136.969212 
136.945832 
136.922452 
136.899072 
136.875692 
136.852312 
136.828932 
136.805552 
136.782172 
136.758792 
136.735412 
136.712032 
136.688652 
136.665272 
136.641892 
136.618512 
136.595132 
136.571752 
136.548372 
136.524992 
136.501612 
136.478232 
136.454852 
136.431472 
136.408092 
136.384712 
136.361332 
136.337952 
136.314572 
136.291192 
136.267812 
136.244432 
136.221052 
136.197672 
136.174292 
136.150912 
136.127533 
136.104153 
136.080773 
136.057393 
136.034013 
136.010633 
135.987253 
135.963873 
135.940493 
135.917113 
135.893733 
135.870353 
135.846973 
135.823593 
135.800213 
135.776833 
135.753453 
135.730073 
135.706693 
135.683313 
135.659933 
135.636553 
135.613173 
135.589793 
135.566413 
135.543033 
135.519653 
135.496273 
135.472893 
135.449513 
135.426133 
135.402753 
135.379373 
135.355993 
135.332613 
135.309233 
135.285854 
135.262474 
135.239094 
135.215714 
135.192334 
135.168954 
135.145574 
135.122194 
135.098814 
135.075434 
135.052054 
135.028674 
135.005294 
134.981914 
134.958534 
134.935154 
134.911774 
134.888394 
134.865014 
134.841634 
134.818254 
134.794874 
134.771494 
134.748114 
134.724734 
134.701354 
134.677974 
134.654594 
134.631214 
134.607834 
134.584454 
134.561074 
134.537694 
134.514314 
134.490934 
134.467554 
134.444175 
134.420795 
134.397415 
134.374035 
134.350655 
134.327275 
134.303895 
134.280515 
134.257135 
134.233755 
134.210375 
134.186995 
134.163615 
134.140235 
134.116855 
134.093475 
134.070095 
134.046715 
134.023335 
133.999955 
133.976575 
133.953195 
133.929815 
133.906435 
133.883055 
133.859675 
133.836295 
133.812915 
133.789535 
133.766155 
133.742775 
133.719395 
133.696015 
133.672635 
133.649255 
133.625875 
133.602496 
133.579116 
133.555736 
133.532356 
133.508976 
133.485596 
133.462216 
133.438836 
133.415456 
133.392076 
133.368696 
133.345316 
133.321936 
133.298556 
133.275176 
133.251796 
133.228416 
133.205036 
133.181656 
133.158276 
133.134896 
133.111516 
133.088136 
133.064756 
133.041376 
133.017996 
132.994616 
132.971236 
132.947856 
132.924476 
132.901096 
132.877716 
132.854336 
132.830956 
132.807576 
132.784196 
132.760817 
132.737437 
132.714057 
132.690677 
132.667297 
132.643917 
132.620537 
132.597157 
132.573777 
132.550397 
132.527017 
132.503637 
132.480257 
132.456877 
132.433497 
132.410117 
132.386737 
132.363357 
132.339977 
132.316597 
132.293217 
132.269837 
132.246457 
132.223077 
132.199697 
132.176317 
132.152937 
132.129557 
132.106177 
132.082797 
132.059417 
132.036037 
132.012657 
131.989277 
131.965897 
131.942517 
131.919138 
131.895758 
131.872378 
131.848998 
131.825618 
131.802238 
131.778858 
131.755478 
131.732098 
131.708718 
131.685338 
131.661958 
131.638578 
131.615198 
131.591818 
131.568438 
131.545058 
131.521678 
131.498298 
131.474918 
131.451538 
131.428158 
131.404778 
131.381398 
131.358018 
131.334638 
131.311258 
131.287878 
131.264498 
131.241118 
131.217738 
131.194358 
131.170978 
131.147598 
131.124218 
131.100838 
131.077459 
131.054079 
131.030699 
131.007319 
130.983939 
130.960559 
130.937179 
130.913799 
130.890419 
130.867039 
130.843659 
130.820279 
130.796899 
130.773519 
130.750139 
130.726759 
130.703379 
130.679999 
130.656619 
130.633239 
130.609859 
130.586479 
130.563099 
130.539719 
130.516339 
130.492959 
130.469579 
130.446199 
130.422819 
130.399439 
130.376059 
130.352679 
130.329299 
130.305919 
130.282539 
130.259159 
130.235780 
130.212400 
130.189020 
130.165640 
130.142260 
130.118880 
130.095500 
130.072120 
130.048740 
130.025360 
130.001980 
129.978600 
129.955220 
129.931840 
129.908460 
129.885080 
129.861700 
129.838320 
129.814940 
129.791560 
129.768180 
129.744800 
129.721420 
129.698040 
129.674660 
129.651280 
129.627900 
129.604520 
129.581140 
129.557760 
129.534380 
129.511000 
129.487620 
129.464240 
129.440860 
129.417480 
129.394101 
129.370721 
129.347341 
129.323961 
129.300581 
129.277201 
129.253821 
129.230441 
129.207061 
129.183681 
129.160301 
129.136921 
129.113541 
129.090161 
129.066781 
129.043401 
129.020021 
128.996641 
128.973261 
128.949881 
128.926501 
128.903121 
128.879741 
128.856361 
128.832981 
128.809601 
128.786221 
128.762841 
128.739461 
128.716081 
128.692701 
128.669321 
128.645941 
128.622561 
128.599181 
128.575801 
128.552422 
128.529042 
128.505662 
128.482282 
128.458902 
128.435522 
128.412142 
128.388762 
128.365382 
128.342002 
128.318622 
128.295242 
128.271862 
128.248482 
128.225102 
128.201722 
128.178342 
128.154962 
128.131582 
128.108202 
128.084822 
128.061442 
128.038062 
128.014682 
127.991302 
127.967922 
127.944542 
127.921162 
127.897782 
127.874402 
127.851022 
127.827642 
127.804262 
127.780882 
127.757502 
127.734122 
127.710743 
127.687363 
127.663983 
127.640603 
127.617223 
127.593843 
127.570463 
127.547083 
127.523703 
127.500323 
127.476943 
127.453563 
127.430183 
127.406803 
127.383423 
127.360043 
127.336663 
127.313283 
127.289903 
127.266523 
127.243143 
127.219763 
127.196383 
127.173003 
127.149623 
127.126243 
127.102863 
127.079483 
127.056103 
127.032723 
127.009343 
126.985963 
126.962583 
126.939203 
126.915823 
126.892443 
126.869064 
126.845684 
126.822304 
126.798924 
126.775544 
126.752164 
126.728784 
126.705404 
126.682024 
126.658644 
126.635264 
126.611884 
126.588504 
126.565124 
126.541744 
126.518364 
126.494984 
126.471604 
126.448224 
126.424844 
126.401464 
126.378084 
126.354704 
126.331324 
126.307944 
126.284564 
126.261184 
126.237804 
126.214424 
126.191044 
126.167664 
126.144284 
126.120904 
126.097524 
126.074144 
126.050764 
126.027385 
126.004005 
125.980625 
125.957245 
125.933865 
125.910485 
125.887105 
125.863725 
125.840345 
125.816965 
125.793585 
125.770205 
125.746825 
125.723445 
125.700065 
125.676685 
125.653305 
125.629925 
125.606545 
125.583165 
125.559785 
125.536405 
125.513025 
125.489645 
125.466265 
125.442885 
125.419505 
125.396125 
125.372745 
125.349365 
125.325985 
125.302605 
125.279225 
125.255845 
125.232465 
125.209085 
125.185706 
125.162326 
125.138946 
125.115566 
125.092186 
125.068806 
125.045426 
125.022046 
124.998666 
124.975286 
124.951906 
124.928526 
124.905146 
124.881766 
124.858386 
124.835006 
124.811626 
124.788246 
124.764866 
124.741486 
124.718106 
124.694726 
124.671346 
124.647966 
124.624586 
124.601206 
124.577826 
124.554446 
124.531066 
124.507686 
124.484306 
124.460926 
124.437546 
124.414166 
124.390786 
124.367406 
124.344027 
124.320647 
124.297267 
124.273887 
124.250507 
124.227127 
124.203747 
124.180367 
124.156987 
124.133607 
124.110227 
124.086847 
124.063467 
124.040087 
124.016707 
123.993327 
123.969947 
123.946567 
123.923187 
123.899807 
123.876427 
123.853047 
123.829667 
123.806287 
123.782907 
123.759527 
123.736147 
123.712767 
123.689387 
123.666007 
123.642627 
123.619247 
123.595867 
123.572487 
123.549107 
123.525727 
123.502348 
123.478968 
123.455588 
123.432208 
123.408828 
123.385448 
123.362068 
123.338688 
123.315308 
123.291928 
123.268548 
123.245168 
123.221788 
123.198408 
123.175028 
123.151648 
123.128268 
123.104888 
123.081508 
123.058128 
123.034748 
123.011368 
122.987988 
122.964608 
122.941228 
122.917848 
122.894468 
122.871088 
122.847708 
122.824328 
122.800948 
122.777568 
122.754188 
122.730808 
122.707428 
122.684048 
122.660669 
122.637289 
122.613909 
122.590529 
122.567149 
122.543769 
122.520389 
122.497009 
122.473629 
122.450249 
122.426869 
122.403489 
122.380109 
122.356729 
122.333349 
122.309969 
122.286589 
122.263209 
122.239829 
122.216449 
122.193069 
122.169689 
122.146309 
122.122929 
122.099549 
122.076169 
122.052789 
122.029409 
122.006029 
121.982649 
121.959269 
121.935889 
121.912509 
121.889129 
121.865749 
121.842369 
121.818990 
121.795610 
121.772230 
121.748850 
121.725470 
121.702090 
121.678710 
121.655330 
121.631950 
121.608570 
121.585190 
121.561810 
121.538430 
121.515050 
121.491670 
121.468290 
121.444910 
121.421530 
121.398150 
121.374770 
121.351390 
121.328010 
121.304630 
121.281250 
121.257870 
121.234490 
121.211110 
121.187730 
121.164350 
121.140970 
121.117590 
121.094210 
121.070830 
121.047450 
121.024070 
121.000690 
120.977311 
120.953931 
120.930551 
120.907171 
120.883791 
120.860411 
120.837031 
120.813651 
120.790271 
120.766891 
120.743511 
120.720131 
120.696751 
120.673371 
120.649991 
120.626611 
120.603231 
120.579851 
120.556471 
120.533091 
120.509711 
120.486331 
120.462951 
120.439571 
120.416191 
120.392811 
120.369431 
120.346051 
120.322671 
120.299291 
120.275911 
120.252531 
120.229151 
120.205771 
120.182391 
120.159011 
120.135632 
120.112252 
120.088872 
120.065492 
120.042112 
120.018732 
119.995352 
119.971972 
119.948592 
119.925212 
119.901832 
119.878452 
119.855072 
119.831692 
119.808312 
119.784932 
119.761552 
119.738172 
119.714792 
119.691412 
119.668032 
119.644652 
119.621272 
119.597892 
119.574512 
119.551132 
119.527752 
119.504372 
119.480992 
119.457612 
119.434232 
119.410852 
119.387472 
119.364092 
119.340712 
119.317332 
119.293953 
119.270573 
119.247193 
119.223813 
119.200433 
119.177053 
119.153673 
119.130293 
119.106913 
119.083533 
119.060153 
119.036773 
119.013393 
118.990013 
118.966633 
118.943253 
118.919873 
118.896493 
118.873113 
118.849733 
118.826353 
118.802973 
118.779593 
118.756213 
118.732833 
118.709453 
118.686073 
118.662693 
118.639313 
118.615933 
118.592553 
118.569173 
118.545793 
118.522413 
118.499033 
118.475653 
118.452274 
118.428894 
118.405514 
118.382134 
118.358754 
118.335374 
118.311994 
118.288614 
118.265234 
118.241854 
118.218474 
118.195094 
118.171714 
118.148334 
118.124954 
118.101574 
118.078194 
118.054814 
118.031434 
118.008054 
117.984674 
117.961294 
117.937914 
117.914534 
117.891154 
117.867774 
117.844394 
117.821014 
117.797634 
117.774254 
117.750874 
117.727494 
117.704114 
117.680734 
117.657354 
117.633974 
117.610595 
117.587215 
117.563835 
117.540455 
117.517075 
117.493695 
117.470315 
117.446935 
117.423555 
117.400175 
117.376795 
117.353415 
117.330035 
117.306655 
117.283275 
117.259895 
117.236515 
117.213135 
117.189755 
117.166375 
117.142995 
117.119615 
117.096235 
117.072855 
117.049475 
117.026095 
117.002715 
116.979335 
116.955955 
116.932575 
116.909195 
116.885815 
116.862435 
116.839055 
116.815675 
116.792295 
116.768916 
116.745536 
116.722156 
116.698776 
116.675396 
116.652016 
116.628636 
116.605256 
116.581876 
116.558496 
116.535116 
116.511736 
116.488356 
116.464976 
116.441596 
116.418216 
116.394836 
116.371456 
116.348076 
116.324696 
116.301316 
116.277936 
116.254556 
116.231176 
116.207796 
116.184416 
116.161036 
116.137656 
116.114276 
116.090896 
116.067516 
116.044136 
116.020756 
115.997376 
115.973996 
115.950616 
115.927237 
115.903857 
115.880477 
115.857097 
115.833717 
115.810337 
115.786957 
115.763577 
115.740197 
115.716817 
115.693437 
115.670057 
115.646677 
115.623297 
115.599917 
115.576537 
115.553157 
115.529777 
115.506397 
115.483017 
115.459637 
115.436257 
115.412877 
115.389497 
115.366117 
115.342737 
115.319357 
115.295977 
115.272597 
115.249217 
115.225837 
115.202457 
115.179077 
115.155697 
115.132317 
115.108937 
115.085558 
115.062178 
115.038798 
115.015418 
114.992038 
114.968658 
114.945278 
114.921898 
114.898518 
114.875138 
114.851758 
114.828378 
114.804998 
114.781618 
114.758238 
114.734858 
114.711478 
114.688098 
114.664718 
114.641338 
114.617958 
114.594578 
114.571198 
114.547818 
114.524438 
114.501058 
114.477678 
114.454298 
114.430918 
114.407538 
114.384158 
114.360778 
114.337398 
114.314018 
114.290638 
114.267258 
114.243879 
114.220499 
114.197119 
114.173739 
114.150359 
114.126979 
114.103599 
114.080219 
114.056839 
114.033459 
114.010079 
113.986699 
113.963319 
113.939939 
113.916559 
113.893179 
113.869799 
113.846419 
113.823039 
113.799659 
113.776279 
113.752899 
113.729519 
113.706139 
113.682759 
113.659379 
113.635999 
113.612619 
113.589239 
113.565859 
113.542479 
113.519099 
113.495719 
113.472339 
113.448959 
113.425579 
113.402200 
113.378820 
113.355440 
113.332060 
113.308680 
113.285300 
113.261920 
113.238540 
113.215160 
113.191780 
113.168400 
113.145020 
113.121640 
113.098260 
113.074880 
113.051500 
113.028120 
113.004740 
112.981360 
112.957980 
112.934600 
112.911220 
112.887840 
112.864460 
112.841080 
112.817700 
112.794320 
112.770940 
112.747560 
112.724180 
112.700800 
112.677420 
112.654040 
112.630660 
112.607280 
112.583900 
112.560521 
112.537141 
112.513761 
112.490381 
112.467001 
112.443621 
112.420241 
112.396861 
112.373481 
112.350101 
112.326721 
112.303341 
112.279961 
112.256581 
112.233201 
112.209821 
112.186441 
112.163061 
112.139681 
112.116301 
112.092921 
112.069541 
112.046161 
112.022781 
111.999401 
111.976021 
111.952641 
111.929261 
111.905881 
111.882501 
111.859121 
111.835741 
111.812361 
111.788981 
111.765601 
111.742221 
111.718842 
111.695462 
111.672082 
111.648702 
111.625322 
111.601942 
111.578562 
111.555182 
111.531802 
111.508422 
111.485042 
111.461662 
111.438282 
111.414902 
111.391522 
111.368142 
111.344762 
111.321382 
111.298002 
111.274622 
111.251242 
111.227862 
111.204482 
111.181102 
111.157722 
111.134342 
111.110962 
111.087582 
111.064202 
111.040822 
111.017442 
110.994062 
110.970682 
110.947302 
110.923922 
110.900542 
110.877163 
110.853783 
110.830403 
110.807023 
110.783643 
110.760263 
110.736883 
110.713503 
110.690123 
110.666743 
110.643363 
110.619983 
110.596603 
110.573223 
110.549843 
110.526463 
110.503083 
110.479703 
110.456323 
110.432943 
110.409563 
110.386183 
110.362803 
110.339423 
110.316043 
110.292663 
110.269283 
110.245903 
110.222523 
110.199143 
110.175763 
110.152383 
110.129003 
110.105623 
110.082243 
110.058863 
110.035484 
110.012104 
109.988724 
109.965344 
109.941964 
109.918584 
109.895204 
109.871824 
109.848444 
109.825064 
109.801684 
109.778304 
109.754924 
109.731544 
109.708164 
109.684784 
109.661404 
109.638024 
109.614644 
109.591264 
109.567884 
109.544504 
109.521124 
109.497744 
109.474364 
109.450984 
109.427604 
109.404224 
109.380844 
109.357464 
109.334084 
109.310704 
109.287324 
109.263944 
109.240564 
109.217184 
109.193805 
109.170425 
109.147045 
109.123665 
109.100285 
109.076905 
109.053525 
109.030145 
109.006765 
108.983385 
108.960005 
108.936625 
108.913245 
108.889865 
108.866485 
108.843105 
108.819725 
108.796345 
108.772965 
108.749585 
108.726205 
108.702825 
108.679445 
108.656065 
108.632685 
108.609305 
108.585925 
108.562545 
108.539165 
108.515785 
108.492405 
108.469025 
108.445645 
108.422265 
108.398885 
108.375505 
108.352126 
108.328746 
108.305366 
108.281986 
108.258606 
108.235226 
108.211846 
108.188466 
108.165086 
108.141706 
108.118326 
108.094946 
108.071566 
108.048186 
108.024806 
108.001426 
107.978046 
107.954666 
107.931286 
107.907906 
107.884526 
107.861146 
107.837766 
107.814386 
107.791006 
107.767626 
107.744246 
107.720866 
107.697486 
107.674106 
107.650726 
107.627346 
107.603966 
107.580586 
107.557206 
107.533826 
107.510447 
107.487067 
107.463687 
107.440307 
107.416927 
107.393547 
107.370167 
107.346787 
107.323407 
107.300027 
107.276647 
107.253267 
107.229887 
107.206507 
107.183127 
107.159747 
107.136367 
107.112987 
107.089607 
107.066227 
107.042847 
107.019467 
106.996087 
106.972707 
106.949327 
106.925947 
106.902567 
106.879187 
106.855807 
106.832427 
106.809047 
106.785667 
106.762287 
106.738907 
106.715527 
106.692147 
106.668768 
106.645388 
106.622008 
106.598628 
106.575248 
106.551868 
106.528488 
106.505108 
106.481728 
106.458348 
106.434968 
106.411588 
106.388208 
106.364828 
106.341448 
106.318068 
106.294688 
106.271308 
106.247928 
106.224548 
106.201168 
106.177788 
106.154408 
106.131028 
106.107648 
106.084268 
106.060888 
106.037508 
106.014128 
105.990748 
105.967368 
105.943988 
105.920608 
105.897228 
105.873848 
105.850468 
105.827089 
105.803709 
105.780329 
105.756949 
105.733569 
105.710189 
105.686809 
105.663429 
105.640049 
105.616669 
105.593289 
105.569909 
105.546529 
105.523149 
105.499769 
105.476389 
105.453009 
105.429629 
105.406249 
105.382869 
105.359489 
105.336109 
105.312729 
105.289349 
105.265969 
105.242589 
105.219209 
105.195829 
105.172449 
105.149069 
105.125689 
105.102309 
105.078929 
105.055549 
105.032169 
105.008790 
104.985410 
104.962030 
104.938650 
104.915270 
104.891890 
104.868510 
104.845130 
104.821750 
104.798370 
104.774990 
104.751610 
104.728230 
104.704850 
104.681470 
104.658090 
104.634710 
104.611330 
104.587950 
104.564570 
104.541190 
104.517810 
104.494430 
104.471050 
104.447670 
104.424290 
104.400910 
104.377530 
104.354150 
104.330770 
104.307390 
104.284010 
104.260630 
104.237250 
104.213870 
104.190490 
104.167111 
104.143731 
104.120351 
104.096971 
104.073591 
104.050211 
104.026831 
104.003451 
103.980071 
103.956691 
103.933311 
103.909931 
103.886551 
103.863171 
103.839791 
103.816411 
103.793031 
103.769651 
103.746271 
103.722891 
103.699511 
103.676131 
103.652751 
103.629371 
103.605991 
103.582611 
103.559231 
103.535851 
103.512471 
103.489091 
103.465711 
103.442331 
103.418951 
103.395571 
103.372191 
103.348811 
103.325432 
103.302052 
103.278672 
103.255292 
103.231912 
103.208532 
103.185152 
103.161772 
103.138392 
103.115012 
103.091632 
103.068252 
103.044872 
103.021492 
102.998112 
102.974732 
102.951352 
102.927972 
102.904592 
102.881212 
102.857832 
102.834452 
102.811072 
102.787692 
102.764312 
102.740932 
102.717552 
102.694172 
102.670792 
102.647412 
102.624032 
102.600652 
102.577272 
102.553892 
102.530512 
102.507132 
102.483753 
102.460373 
102.436993 
102.413613 
102.390233 
102.366853 
102.343473 
102.320093 
102.296713 
102.273333 
102.249953 
102.226573 
102.203193 
102.179813 
102.156433 
102.133053 
102.109673 
102.086293 
102.062913 
102.039533 
102.016153 
101.992773 
101.969393 
101.946013 
101.922633 
101.899253 
101.875873 
101.852493 
101.829113 
101.805733 
101.782353 
101.758973 
101.735593 
101.712213 
101.688833 
101.665453 
101.642074 
101.618694 
101.595314 
101.571934 
101.548554 
101.525174 
101.501794 
101.478414 
101.455034 
101.431654 
101.408274 
101.384894 
101.361514 
101.338134 
101.314754 
101.291374 
101.267994 
101.244614 
101.221234 
101.197854 
101.174474 
101.151094 
101.127714 
101.104334 
101.080954 
101.057574 
101.034194 
101.010814 
100.987434 
100.964054 
100.940674 
100.917294 
100.893914 
100.870534 
100.847154 
100.823774 
100.800395 
100.777015 
100.753635 
100.730255 
100.706875 
100.683495 
100.660115 
100.636735 
100.613355 
100.589975 
100.566595 
100.543215 
100.519835 
100.496455 
100.473075 
100.449695 
100.426315 
100.402935 
100.379555 
100.356175 
100.332795 
100.309415 
100.286035 
100.262655 
100.239275 
100.215895 
100.192515 
100.169135 
100.145755 
100.122375 
100.098995 
100.075615 
100.052235 
100.028855 
100.005475 
99.982095 
99.958716 
99.935336 
99.911956 
99.888576 
99.865196 
99.841816 
99.818436 
99.795056 
99.771676 
99.748296 
99.724916 
99.701536 
99.678156 
99.654776 
99.631396 
99.608016 
99.584636 
99.561256 
99.537876 
99.514496 
99.491116 
99.467736 
99.444356 
99.420976 
99.397596 
99.374216 
99.350836 
99.327456 
99.304076 
99.280696 
99.257316 
99.233936 
99.210556 
99.187176 
99.163796 
99.140416 
99.117037 
99.093657 
99.070277 
99.046897 
99.023517 
99.000137 
98.976757 
98.953377 
98.929997 
98.906617 
98.883237 
98.859857 
98.836477 
98.813097 
98.789717 
98.766337 
98.742957 
98.719577 
98.696197 
98.672817 
98.649437 
98.626057 
98.602677 
98.579297 
98.555917 
98.532537 
98.509157 
98.485777 
98.462397 
98.439017 
98.415637 
98.392257 
98.368877 
98.345497 
98.322117 
98.298737 
98.275358 
98.251978 
98.228598 
98.205218 
98.181838 
98.158458 
98.135078 
98.111698 
98.088318 
98.064938 
98.041558 
98.018178 
97.994798 
97.971418 
97.948038 
97.924658 
97.901278 
97.877898 
97.854518 
97.831138 
97.807758 
97.784378 
97.760998 
97.737618 
97.714238 
97.690858 
97.667478 
97.644098 
97.620718 
97.597338 
97.573958 
97.550578 
97.527198 
97.503818 
97.480438 
97.457058 
97.433679 
97.410299 
97.386919 
97.363539 
97.340159 
97.316779 
97.293399 
97.270019 
97.246639 
97.223259 
97.199879 
97.176499 
97.153119 
97.129739 
97.106359 
97.082979 
97.059599 
97.036219 
97.012839 
96.989459 
96.966079 
96.942699 
96.919319 
96.895939 
96.872559 
96.849179 
96.825799 
96.802419 
96.779039 
96.755659 
96.732279 
96.708899 
96.685519 
96.662139 
96.638759 
96.615379 
96.592000 
96.568620 
96.545240 
96.521860 
96.498480 
96.475100 
96.451720 
96.428340 
96.404960 
96.381580 
96.358200 
96.334820 
96.311440 
96.288060 
96.264680 
96.241300 
96.217920 
96.194540 
96.171160 
96.147780 
96.124400 
96.101020 
96.077640 
96.054260 
96.030880 
96.007500 
95.984120 
95.960740 
95.937360 
95.913980 
95.890600 
95.867220 
95.843840 
95.820460 
95.797080 
95.773700 
95.750321 
95.726941 
95.703561 
95.680181 
95.656801 
95.633421 
95.610041 
95.586661 
95.563281 
95.539901 
95.516521 
95.493141 
95.469761 
95.446381 
95.423001 
95.399621 
95.376241 
95.352861 
95.329481 
95.306101 
95.282721 
95.259341 
95.235961 
95.212581 
95.189201 
95.165821 
95.142441 
95.119061 
95.095681 
95.072301 
95.048921 
95.025541 
95.002161 
94.978781 
94.955401 
94.932021 
94.908642 
94.885262 
94.861882 
94.838502 
94.815122 
94.791742 
94.768362 
94.744982 
94.721602 
94.698222 
94.674842 
94.651462 
94.628082 
94.604702 
94.581322 
94.557942 
94.534562 
94.511182 
94.487802 
94.464422 
94.441042 
94.417662 
94.394282 
94.370902 
94.347522 
94.324142 
94.300762 
94.277382 
94.254002 
94.230622 
94.207242 
94.183862 
94.160482 
94.137102 
94.113722 
94.090342 
94.066963 
94.043583 
94.020203 
93.996823 
93.973443 
93.950063 
93.926683 
93.903303 
93.879923 
93.856543 
93.833163 
93.809783 
93.786403 
93.763023 
93.739643 
93.716263 
93.692883 
93.669503 
93.646123 
93.622743 
93.599363 
93.575983 
93.552603 
93.529223 
93.505843 
93.482463 
93.459083 
93.435703 
93.412323 
93.388943 
93.365563 
93.342183 
93.318803 
93.295423 
93.272043 
93.248663 
93.225284 
93.201904 
93.178524 
93.155144 
93.131764 
93.108384 
93.085004 
93.061624 
93.038244 
93.014864 
92.991484 
92.968104 
92.944724 
92.921344 
92.897964 
92.874584 
92.851204 
92.827824 
92.804444 
92.781064 
92.757684 
92.734304 
92.710924 
92.687544 
92.664164 
92.640784 
92.617404 
92.594024 
92.570644 
92.547264 
92.523884 
92.500504 
92.477124 
92.453744 
92.430364 
92.406984 
92.383605 
92.360225 
92.336845 
92.313465 
92.290085 
92.266705 
92.243325 
92.219945 
92.196565 
92.173185 
92.149805 
92.126425 
92.103045 
92.079665 
92.056285 
92.032905 
92.009525 
91.986145 
91.962765 
91.939385 
91.916005 
91.892625 
91.869245 
91.845865 
91.822485 
91.799105 
91.775725 
91.752345 
91.728965 
91.705585 
91.682205 
91.658825 
91.635445 
91.612065 
91.588685 
91.565305 
91.541926 
91.518546 
91.495166 
91.471786 
91.448406 
91.425026 
91.401646 
91.378266 
91.354886 
91.331506 
91.308126 
91.284746 
91.261366 
91.237986 
91.214606 
91.191226 
91.167846 
91.144466 
91.121086 
91.097706 
91.074326 
91.050946 
91.027566 
91.004186 
90.980806 
90.957426 
90.934046 
90.910666 
90.887286 
90.863906 
90.840526 
90.817146 
90.793766 
90.770386 
90.747006 
90.723626 
90.700247 
90.676867 
90.653487 
90.630107 
90.606727 
90.583347 
90.559967 
90.536587 
90.513207 
90.489827 
90.466447 
90.443067 
90.419687 
90.396307 
90.372927 
90.349547 
90.326167 
90.302787 
90.279407 
90.256027 
90.232647 
90.209267 
90.185887 
90.162507 
90.139127 
90.115747 
90.092367 
90.068987 
90.045607 
90.022227 
89.998847 
89.975467 
89.952087 
89.928707 
89.905327 
89.881947 
89.858568 
89.835188 
89.811808 
89.788428 
89.765048 
89.741668 
89.718288 
89.694908 
89.671528 
89.648148 
89.624768 
89.601388 
89.578008 
89.554628 
89.531248 
89.507868 
89.484488 
89.461108 
89.437728 
89.414348 
89.390968 
89.367588 
89.344208 
89.320828 
89.297448 
89.274068 
89.250688 
89.227308 
89.203928 
89.180548 
89.157168 
89.133788 
89.110408 
89.087028 
89.063648 
89.040268 
89.016889 
88.993509 
88.970129 
88.946749 
88.923369 
88.899989 
88.876609 
88.853229 
88.829849 
88.806469 
88.783089 
88.759709 
88.736329 
88.712949 
88.689569 
88.666189 
88.642809 
88.619429 
88.596049 
88.572669 
88.549289 
88.525909 
88.502529 
88.479149 
88.455769 
88.432389 
88.409009 
88.385629 
88.362249 
88.338869 
88.315489 
88.292109 
88.268729 
88.245349 
88.221969 
88.198589 
88.175210 
88.151830 
88.128450 
88.105070 
88.081690 
88.058310 
88.034930 
88.011550 
87.988170 
87.964790 
87.941410 
87.918030 
87.894650 
87.871270 
87.847890 
87.824510 
87.801130 
87.777750 
87.754370 
87.730990 
87.707610 
87.684230 
87.660850 
87.637470 
87.614090 
87.590710 
87.567330 
87.543950 
87.520570 
87.497190 
87.473810 
87.450430 
87.427050 
87.403670 
87.380290 
87.356910 
87.333531 
87.310151 
87.286771 
87.263391 
87.240011 
87.216631 
87.193251 
87.169871 
87.146491 
87.123111 
87.099731 
87.076351 
87.052971 
87.029591 
87.006211 
86.982831 
86.959451 
86.936071 
86.912691 
86.889311 
86.865931 
86.842551 
86.819171 
86.795791 
86.772411 
86.749031 
86.725651 
86.702271 
86.678891 
86.655511 
86.632131 
86.608751 
86.585371 
86.561991 
86.538611 
86.515231 
86.491852 
86.468472 
86.445092 
86.421712 
86.398332 
86.374952 
86.351572 
86.328192 
86.304812 
86.281432 
86.258052 
86.234672 
86.211292 
86.187912 
86.164532 
86.141152 
86.117772 
86.094392 
86.071012 
86.047632 
86.024252 
86.000872 
85.977492 
85.954112 
85.930732 
85.907352 
85.883972 
85.860592 
85.837212 
85.813832 
85.790452 
85.767072 
85.743692 
85.720312 
85.696932 
85.673552 
85.650173 
85.626793 
85.603413 
85.580033 
85.556653 
85.533273 
85.509893 
85.486513 
85.463133 
85.439753 
85.416373 
85.392993 
85.369613 
85.346233 
85.322853 
85.299473 
85.276093 
85.252713 
85.229333 
85.205953 
85.182573 
85.159193 
85.135813 
85.112433 
85.089053 
85.065673 
85.042293 
85.018913 
84.995533 
84.972153 
84.948773 
84.925393 
84.902013 
84.878633 
84.855253 
84.831873 
84.808494 
84.785114 
84.761734 
84.738354 
84.714974 
84.691594 
84.668214 
84.644834 
84.621454 
84.598074 
84.574694 
84.551314 
84.527934 
84.504554 
84.481174 
84.457794 
84.434414 
84.411034 
84.387654 
84.364274 
84.340894 
84.317514 
84.294134 
84.270754 
84.247374 
84.223994 
84.200614 
84.177234 
84.153854 
84.130474 
84.107094 
84.083714 
84.060334 
84.036954 
84.013574 
83.990194 
83.966815 
83.943435 
83.920055 
83.896675 
83.873295 
83.849915 
83.826535 
83.803155 
83.779775 
83.756395 
83.733015 
83.709635 
83.686255 
83.662875 
83.639495 
83.616115 
83.592735 
83.569355 
83.545975 
83.522595 
83.499215 
83.475835 
83.452455 
83.429075 
83.405695 
83.382315 
83.358935 
83.335555 
83.312175 
83.288795 
83.265415 
83.242035 
83.218655 
83.195275 
83.171895 
83.148515 
83.125136 
83.101756 
83.078376 
83.054996 
83.031616 
83.008236 
82.984856 
82.961476 
82.938096 
82.914716 
82.891336 
82.867956 
82.844576 
82.821196 
82.797816 
82.774436 
82.751056 
82.727676 
82.704296 
82.680916 
82.657536 
82.634156 
82.610776 
82.587396 
82.564016 
82.540636 
82.517256 
82.493876 
82.470496 
82.447116 
82.423736 
82.400356 
82.376976 
82.353596 
82.330216 
82.306836 
82.283457 
82.260077 
82.236697 
82.213317 
82.189937 
82.166557 
82.143177 
82.119797 
82.096417 
82.073037 
82.049657 
82.026277 
82.002897 
81.979517 
81.956137 
81.932757 
81.909377 
81.885997 
81.862617 
81.839237 
81.815857 
81.792477 
81.769097 
81.745717 
81.722337 
81.698957 
81.675577 
81.652197 
81.628817 
81.605437 
81.582057 
81.558677 
81.535297 
81.511917 
81.488537 
81.465157 
81.441778 
81.418398 
81.395018 
81.371638 
81.348258 
81.324878 
81.301498 
81.278118 
81.254738 
81.231358 
81.207978 
81.184598 
81.161218 
81.137838 
81.114458 
81.091078 
81.067698 
81.044318 
81.020938 
80.997558 
80.974178 
80.950798 
80.927418 
80.904038 
80.880658 
80.857278 
80.833898 
80.810518 
80.787138 
80.763758 
80.740378 
80.716998 
80.693618 
80.670238 
80.646858 
80.623478 
80.600099 
80.576719 
80.553339 
80.529959 
80.506579 
80.483199 
80.459819 
80.436439 
80.413059 
80.389679 
80.366299 
80.342919 
80.319539 
80.296159 
80.272779 
80.249399 
80.226019 
80.202639 
80.179259 
80.155879 
80.132499 
80.109119 
80.085739 
80.062359 
80.038979 
80.015599 
79.992219 
79.968839 
79.945459 
79.922079 
79.898699 
79.875319 
79.851939 
79.828559 
79.805179 
79.781799 
79.758420 
79.735040 
79.711660 
79.688280 
79.664900 
79.641520 
79.618140 
79.594760 
79.571380 
79.548000 
79.524620 
79.501240 
79.477860 
79.454480 
79.431100 
79.407720 
79.384340 
79.360960 
79.337580 
79.314200 
79.290820 
79.267440 
79.244060 
79.220680 
79.197300 
79.173920 
79.150540 
79.127160 
79.103780 
79.080400 
79.057020 
79.033640 
79.010260 
78.986880 
78.963500 
78.940120 
78.916741 
78.893361 
78.869981 
78.846601 
78.823221 
78.799841 
78.776461 
78.753081 
78.729701 
78.706321 
78.682941 
78.659561 
78.636181 
78.612801 
78.589421 
78.566041 
78.542661 
78.519281 
78.495901 
78.472521 
78.449141 
78.425761 
78.402381 
78.379001 
78.355621 
78.332241 
78.308861 
78.285481 
78.262101 
78.238721 
78.215341 
78.191961 
78.168581 
78.145201 
78.121821 
78.098441 
78.075062 
78.051682 
78.028302 
78.004922 
77.981542 
77.958162 
77.934782 
77.911402 
77.888022 
77.864642 
77.841262 
77.817882 
77.794502 
77.771122 
77.747742 
77.724362 
77.700982 
77.677602 
77.654222 
77.630842 
77.607462 
77.584082 
77.560702 
77.537322 
77.513942 
77.490562 
77.467182 
77.443802 
77.420422 
77.397042 
77.373662 
77.350282 
77.326902 
77.303522 
77.280142 
77.256762 
77.233383 
77.210003 
77.186623 
77.163243 
77.139863 
77.116483 
77.093103 
77.069723 
77.046343 
77.022963 
76.999583 
76.976203 
76.952823 
76.929443 
76.906063 
76.882683 
76.859303 
76.835923 
76.812543 
76.789163 
76.765783 
76.742403 
76.719023 
76.695643 
76.672263 
76.648883 
76.625503 
76.602123 
76.578743 
76.555363 
76.531983 
76.508603 
76.485223 
76.461843 
76.438463 
76.415083 
76.391704 
76.368324 
76.344944 
76.321564 
76.298184 
76.274804 
76.251424 
76.228044 
76.204664 
76.181284 
76.157904 
76.134524 
76.111144 
76.087764 
76.064384 
76.041004 
76.017624 
75.994244 
75.970864 
75.947484 
75.924104 
75.900724 
75.877344 
75.853964 
75.830584 
75.807204 
75.783824 
75.760444 
75.737064 
75.713684 
75.690304 
75.666924 
75.643544 
75.620164 
75.596784 
75.573404 
75.550025 
75.526645 
75.503265 
75.479885 
75.456505 
75.433125 
75.409745 
75.386365 
75.362985 
75.339605 
75.316225 
75.292845 
75.269465 
75.246085 
75.222705 
75.199325 
75.175945 
75.152565 
75.129185 
75.105805 
75.082425 
75.059045 
75.035665 
75.012285 
74.988905 
74.965525 
74.942145 
74.918765 
74.895385 
74.872005 
74.848625 
74.825245 
74.801865 
74.778485 
74.755105 
74.731725 
74.708346 
74.684966 
74.661586 
74.638206 
74.614826 
74.591446 
74.568066 
74.544686 
74.521306 
74.497926 
74.474546 
74.451166 
74.427786 
74.404406 
74.381026 
74.357646 
74.334266 
74.310886 
74.287506 
74.264126 
74.240746 
74.217366 
74.193986 
74.170606 
74.147226 
74.123846 
74.100466 
74.077086 
74.053706 
74.030326 
74.006946 
73.983566 
73.960186 
73.936806 
73.913426 
73.890046 
73.866667 
73.843287 
73.819907 
73.796527 
73.773147 
73.749767 
73.726387 
73.703007 
73.679627 
73.656247 
73.632867 
73.609487 
73.586107 
73.562727 
73.539347 
73.515967 
73.492587 
73.469207 
73.445827 
73.422447 
73.399067 
73.375687 
73.352307 
73.328927 
73.305547 
73.282167 
73.258787 
73.235407 
73.212027 
73.188647 
73.165267 
73.141887 
73.118507 
73.095127 
73.071747 
73.048367 
73.024988 
73.001608 
72.978228 
72.954848 
72.931468 
72.908088 
72.884708 
72.861328 
72.837948 
72.814568 
72.791188 
72.767808 
72.744428 
72.721048 
72.697668 
72.674288 
72.650908 
72.627528 
72.604148 
72.580768 
72.557388 
72.534008 
72.510628 
72.487248 
72.463868 
72.440488 
72.417108 
72.393728 
72.370348 
72.346968 
72.323588 
72.300208 
72.276828 
72.253448 
72.230068 
72.206688 
72.183309 
72.159929 
72.136549 
72.113169 
72.089789 
72.066409 
72.043029 
72.019649 
71.996269 
71.972889 
71.949509 
71.926129 
71.902749 
71.879369 
71.855989 
71.832609 
71.809229 
71.785849 
71.762469 
71.739089 
71.715709 
71.692329 
71.668949 
71.645569 
71.622189 
71.598809 
71.575429 
71.552049 
71.528669 
71.505289 
71.481909 
71.458529 
71.435149 
71.411769 
71.388389 
71.365009 
71.341630 
71.318250 
71.294870 
71.271490 
71.248110 
71.224730 
71.201350 
71.177970 
71.154590 
71.131210 
71.107830 
71.084450 
71.061070 
71.037690 
71.014310 
70.990930 
70.967550 
70.944170 
70.920790 
70.897410 
70.874030 
70.850650 
70.827270 
70.803890 
70.780510 
70.757130 
70.733750 
70.710370 
70.686990 
70.663610 
70.640230 
70.616850 
70.593470 
70.570090 
70.546710 
70.523330 
70.499951 
70.476571 
70.453191 
70.429811 
70.406431 
70.383051 
70.359671 
70.336291 
70.312911 
70.289531 
70.266151 
70.242771 
70.219391 
70.196011 
70.172631 
70.149251 
70.125871 
70.102491 
70.079111 
70.055731 
70.032351 
70.008971 
69.985591 
69.962211 
69.938831 
69.915451 
69.892071 
69.868691 
69.845311 
69.821931 
69.798551 
69.775171 
69.751791 
69.728411 
69.705031 
69.681651 
69.658272 
69.634892 
69.611512 
69.588132 
69.564752 
69.541372 
69.517992 
69.494612 
69.471232 
69.447852 
69.424472 
69.401092 
69.377712 
69.354332 
69.330952 
69.307572 
69.284192 
69.260812 
69.237432 
69.214052 
69.190672 
69.167292 
69.143912 
69.120532 
69.097152 
69.073772 
69.050392 
69.027012 
69.003632 
68.980252 
68.956872 
68.933492 
68.910112 
68.886732 
68.863352 
68.839972 
68.816593 
68.793213 
68.769833 
68.746453 
68.723073 
68.699693 
68.676313 
68.652933 
68.629553 
68.606173 
68.582793 
68.559413 
68.536033 
68.512653 
68.489273 
68.465893 
68.442513 
68.419133 
68.395753 
68.372373 
68.348993 
68.325613 
68.302233 
68.278853 
68.255473 
68.232093 
68.208713 
68.185333 
68.161953 
68.138573 
68.115193 
68.091813 
68.068433 
68.045053 
68.021673 
67.998294 
67.974914 
67.951534 
67.928154 
67.904774 
67.881394 
67.858014 
67.834634 
67.811254 
67.787874 
67.764494 
67.741114 
67.717734 
67.694354 
67.670974 
67.647594 
67.624214 
67.600834 
67.577454 
67.554074 
67.530694 
67.507314 
67.483934 
67.460554 
67.437174 
67.413794 
67.390414 
67.367034 
67.343654 
67.320274 
67.296894 
67.273514 
67.250134 
67.226754 
67.203374 
67.179994 
67.156615 
67.133235 
67.109855 
67.086475 
67.063095 
67.039715 
67.016335 
66.992955 
66.969575 
66.946195 
66.922815 
66.899435 
66.876055 
66.852675 
66.829295 
66.805915 
66.782535 
66.759155 
66.735775 
66.712395 
66.689015 
66.665635 
66.642255 
66.618875 
66.595495 
66.572115 
66.548735 
66.525355 
66.501975 
66.478595 
66.455215 
66.431835 
66.408455 
66.385075 
66.361695 
66.338315 
66.314936 
66.291556 
66.268176 
66.244796 
66.221416 
66.198036 
66.174656 
66.151276 
66.127896 
66.104516 
66.081136 
66.057756 
66.034376 
66.010996 
65.987616 
65.964236 
65.940856 
65.917476 
65.894096 
65.870716 
65.847336 
65.823956 
65.800576 
65.777196 
65.753816 
65.730436 
65.707056 
65.683676 
65.660296 
65.636916 
65.613536 
65.590156 
65.566776 
65.543396 
65.520016 
65.496636 
65.473257 
65.449877 
65.426497 
65.403117 
65.379737 
65.356357 
65.332977 
65.309597 
65.286217 
65.262837 
65.239457 
65.216077 
65.192697 
65.169317 
65.145937 
65.122557 
65.099177 
65.075797 
65.052417 
65.029037 
65.005657 
64.982277 
64.958897 
64.935517 
64.912137 
64.888757 
64.865377 
64.841997 
64.818617 
64.795237 
64.771857 
64.748477 
64.725097 
64.701717 
64.678337 
64.654957 
64.631578 
64.608198 
64.584818 
64.561438 
64.538058 
64.514678 
64.491298 
64.467918 
64.444538 
64.421158 
64.397778 
64.374398 
64.351018 
64.327638 
64.304258 
64.280878 
64.257498 
64.234118 
64.210738 
64.187358 
64.163978 
64.140598 
64.117218 
64.093838 
64.070458 
64.047078 
64.023698 
64.000318 
63.976938 
63.953558 
63.930178 
63.906798 
63.883418 
63.860038 
63.836658 
63.813278 
63.789899 
63.766519 
63.743139 
63.719759 
63.696379 
63.672999 
63.649619 
63.626239 
63.602859 
63.579479 
63.556099 
63.532719 
63.509339 
63.485959 
63.462579 
63.439199 
63.415819 
63.392439 
63.369059 
63.345679 
63.322299 
63.298919 
63.275539 
63.252159 
63.228779 
63.205399 
63.182019 
63.158639 
63.135259 
63.111879 
63.088499 
63.065119 
63.041739 
63.018359 
62.994979 
62.971599 
62.948220 
62.924840 
62.901460 
62.878080 
62.854700 
62.831320 
62.807940 
62.784560 
62.761180 
62.737800 
62.714420 
62.691040 
62.667660 
62.644280 
62.620900 
62.597520 
62.574140 
62.550760 
62.527380 
62.504000 
62.480620 
62.457240 
62.433860 
62.410480 
62.387100 
62.363720 
62.340340 
62.316960 
62.293580 
62.270200 
62.246820 
62.223440 
62.200060 
62.176680 
62.153300 
62.129920 
62.106541 
62.083161 
62.059781 
62.036401 
62.013021 
61.989641 
61.966261 
61.942881 
61.919501 
61.896121 
61.872741 
61.849361 
61.825981 
61.802601 
61.779221 
61.755841 
61.732461 
61.709081 
61.685701 
61.662321 
61.638941 
61.615561 
61.592181 
61.568801 
61.545421 
61.522041 
61.498661 
61.475281 
61.451901 
61.428521 
61.405141 
61.381761 
61.358381 
61.335001 
61.311621 
61.288241 
61.264862 
61.241482 
61.218102 
61.194722 
61.171342 
61.147962 
61.124582 
61.101202 
61.077822 
61.054442 
61.031062 
61.007682 
60.984302 
60.960922 
60.937542 
60.914162 
60.890782 
60.867402 
60.844022 
60.820642 
60.797262 
60.773882 
60.750502 
60.727122 
60.703742 
60.680362 
60.656982 
60.633602 
60.610222 
60.586842 
60.563462 
60.540082 
60.516702 
60.493322 
60.469942 
60.446562 
60.423183 
60.399803 
60.376423 
60.353043 
60.329663 
60.306283 
60.282903 
60.259523 
60.236143 
60.212763 
60.189383 
60.166003 
60.142623 
60.119243 
60.095863 
60.072483 
60.049103 
60.025723 
60.002343 
59.978963 
59.955583 
59.932203 
59.908823 
59.885443 
59.862063 
59.838683 
59.815303 
59.791923 
59.768543 
59.745163 
59.721783 
59.698403 
59.675023 
59.651643 
59.628263 
59.604883 
59.581504 
59.558124 
59.534744 
59.511364 
59.487984 
59.464604 
59.441224 
59.417844 
59.394464 
59.371084 
59.347704 
59.324324 
59.300944 
59.277564 
59.254184 
59.230804 
59.207424 
59.184044 
59.160664 
59.137284 
59.113904 
59.090524 
59.067144 
59.043764 
59.020384 
58.997004 
58.973624 
58.950244 
58.926864 
58.903484 
58.880104 
58.856724 
58.833344 
58.809964 
58.786584 
58.763204 
58.739825 
58.716445 
58.693065 
58.669685 
58.646305 
58.622925 
58.599545 
58.576165 
58.552785 
58.529405 
58.506025 
58.482645 
58.459265 
58.435885 
58.412505 
58.389125 
58.365745 
58.342365 
58.318985 
58.295605 
58.272225 
58.248845 
58.225465 
58.202085 
58.178705 
58.155325 
58.131945 
58.108565 
58.085185 
58.061805 
58.038425 
58.015045 
57.991665 
57.968285 
57.944905 
57.921525 
57.898146 
57.874766 
57.851386 
57.828006 
57.804626 
57.781246 
57.757866 
57.734486 
57.711106 
57.687726 
57.664346 
57.640966 
57.617586 
57.594206 
57.570826 
57.547446 
57.524066 
57.500686 
57.477306 
57.453926 
57.430546 
57.407166 
57.383786 
57.360406 
57.337026 
57.313646 
57.290266 
57.266886 
57.243506 
57.220126 
57.196746 
57.173366 
57.149986 
57.126606 
57.103226 
57.079846 
57.056467 
57.033087 
57.009707 
56.986327 
56.962947 
56.939567 
56.916187 
56.892807 
56.869427 
56.846047 
56.822667 
56.799287 
56.775907 
56.752527 
56.729147 
56.705767 
56.682387 
56.659007 
56.635627 
56.612247 
56.588867 
56.565487 
56.542107 
56.518727 
56.495347 
56.471967 
56.448587 
56.425207 
56.401827 
56.378447 
56.355067 
56.331687 
56.308307 
56.284927 
56.261547 
56.238167 
56.214788 
56.191408 
56.168028 
56.144648 
56.121268 
56.097888 
56.074508 
56.051128 
56.027748 
56.004368 
55.980988 
55.957608 
55.934228 
55.910848 
55.887468 
55.864088 
55.840708 
55.817328 
55.793948 
55.770568 
55.747188 
55.723808 
55.700428 
55.677048 
55.653668 
55.630288 
55.606908 
55.583528 
55.560148 
55.536768 
55.513388 
55.490008 
55.466628 
55.443248 
55.419868 
55.396488 
55.373109 
55.349729 
55.326349 
55.302969 
55.279589 
55.256209 
55.232829 
55.209449 
55.186069 
55.162689 
55.139309 
55.115929 
55.092549 
55.069169 
55.045789 
55.022409 
54.999029 
54.975649 
54.952269 
54.928889 
54.905509 
54.882129 
54.858749 
54.835369 
54.811989 
54.788609 
54.765229 
54.741849 
54.718469 
54.695089 
54.671709 
54.648329 
54.624949 
54.601569 
54.578189 
54.554809 
54.531430 
54.508050 
54.484670 
54.461290 
54.437910 
54.414530 
54.391150 
54.367770 
54.344390 
54.321010 
54.297630 
54.274250 
54.250870 
54.227490 
54.204110 
54.180730 
54.157350 
54.133970 
54.110590 
54.087210 
54.063830 
54.040450 
54.017070 
53.993690 
53.970310 
53.946930 
53.923550 
53.900170 
53.876790 
53.853410 
53.830030 
53.806650 
53.783270 
53.759890 
53.736510 
53.713130 
53.689751 
53.666371 
53.642991 
53.619611 
53.596231 
53.572851 
53.549471 
53.526091 
53.502711 
53.479331 
53.455951 
53.432571 
53.409191 
53.385811 
53.362431 
53.339051 
53.315671 
53.292291 
53.268911 
53.245531 
53.222151 
53.198771 
53.175391 
53.152011 
53.128631 
53.105251 
53.081871 
53.058491 
53.035111 
53.011731 
52.988351 
52.964971 
52.941591 
52.918211 
52.894831 
52.871451 
52.848072 
52.824692 
52.801312 
52.777932 
52.754552 
52.731172 
52.707792 
52.684412 
52.661032 
52.637652 
52.614272 
52.590892 
52.567512 
52.544132 
52.520752 
52.497372 
52.473992 
52.450612 
52.427232 
52.403852 
52.380472 
52.357092 
52.333712 
52.310332 
52.286952 
52.263572 
52.240192 
52.216812 
52.193432 
52.170052 
52.146672 
52.123292 
52.099912 
52.076532 
52.053152 
52.029772 
52.006393 
51.983013 
51.959633 
51.936253 
51.912873 
51.889493 
51.866113 
51.842733 
51.819353 
51.795973 
51.772593 
51.749213 
51.725833 
51.702453 
51.679073 
51.655693 
51.632313 
51.608933 
51.585553 
51.562173 
51.538793 
51.515413 
51.492033 
51.468653 
51.445273 
51.421893 
51.398513 
51.375133 
51.351753 
51.328373 
51.304993 
51.281613 
51.258233 
51.234853 
51.211473 
51.188093 
51.164714 
51.141334 
51.117954 
51.094574 
51.071194 
51.047814 
51.024434 
51.001054 
50.977674 
50.954294 
50.930914 
50.907534 
50.884154 
50.860774 
50.837394 
50.814014 
50.790634 
50.767254 
50.743874 
50.720494 
50.697114 
50.673734 
50.650354 
50.626974 
50.603594 
50.580214 
50.556834 
50.533454 
50.510074 
50.486694 
50.463314 
50.439934 
50.416554 
50.393174 
50.369794 
50.346414 
50.323035 
50.299655 
50.276275 
50.252895 
50.229515 
50.206135 
50.182755 
50.159375 
50.135995 
50.112615 
50.089235 
50.065855 
50.042475 
50.019095 
49.995715 
49.972335 
49.948955 
49.925575 
49.902195 
49.878815 
49.855435 
49.832055 
49.808675 
49.785295 
49.761915 
49.738535 
49.715155 
49.691775 
49.668395 
49.645015 
49.621635 
49.598255 
49.574875 
49.551495 
49.528115 
49.504735 
49.481356 
49.457976 
49.434596 
49.411216 
49.387836 
49.364456 
49.341076 
49.317696 
49.294316 
49.270936 
49.247556 
49.224176 
49.200796 
49.177416 
49.154036 
49.130656 
49.107276 
49.083896 
49.060516 
49.037136 
49.013756 
48.990376 
48.966996 
48.943616 
48.920236 
48.896856 
48.873476 
48.850096 
48.826716 
48.803336 
48.779956 
48.756576 
48.733196 
48.709816 
48.686436 
48.663056 
48.639677 
48.616297 
48.592917 
48.569537 
48.546157 
48.522777 
48.499397 
48.476017 
48.452637 
48.429257 
48.405877 
48.382497 
48.359117 
48.335737 
48.312357 
48.288977 
48.265597 
48.242217 
48.218837 
48.195457 
48.172077 
48.148697 
48.125317 
48.101937 
48.078557 
48.055177 
48.031797 
48.008417 
47.985037 
47.961657 
47.938277 
47.914897 
47.891517 
47.868137 
47.844757 
47.821377 
47.797998 
47.774618 
47.751238 
47.727858 
47.704478 
47.681098 
47.657718 
47.634338 
47.610958 
47.587578 
47.564198 
47.540818 
47.517438 
47.494058 
47.470678 
47.447298 
47.423918 
47.400538 
47.377158 
47.353778 
47.330398 
47.307018 
47.283638 
47.260258 
47.236878 
47.213498 
47.190118 
47.166738 
47.143358 
47.119978 
47.096598 
47.073218 
47.049838 
47.026458 
47.003078 
46.979698 
46.956319 
46.932939 
46.909559 
46.886179 
46.862799 
46.839419 
46.816039 
46.792659 
46.769279 
46.745899 
46.722519 
46.699139 
46.675759 
46.652379 
46.628999 
46.605619 
46.582239 
46.558859 
46.535479 
46.512099 
46.488719 
46.465339 
46.441959 
46.418579 
46.395199 
46.371819 
46.348439 
46.325059 
46.301679 
46.278299 
46.254919 
46.231539 
46.208159 
46.184779 
46.161399 
46.138019 
46.114640 
46.091260 
46.067880 
46.044500 
46.021120 
45.997740 
45.974360 
45.950980 
45.927600 
45.904220 
45.880840 
45.857460 
45.834080 
45.810700 
45.787320 
45.763940 
45.740560 
45.717180 
45.693800 
45.670420 
45.647040 
45.623660 
45.600280 
45.576900 
45.553520 
45.530140 
45.506760 
45.483380 
45.460000 
45.436620 
45.413240 
45.389860 
45.366480 
45.343100 
45.319720 
45.296340 
45.272961 
45.249581 
45.226201 
45.202821 
45.179441 
45.156061 
45.132681 
45.109301 
45.085921 
45.062541 
45.039161 
45.015781 
44.992401 
44.969021 
44.945641 
44.922261 
44.898881 
44.875501 
44.852121 
44.828741 
44.805361 
44.781981 
44.758601 
44.735221 
44.711841 
44.688461 
44.665081 
44.641701 
44.618321 
44.594941 
44.571561 
44.548181 
44.524801 
44.501421 
44.478041 
44.454661 
44.431282 
44.407902 
44.384522 
44.361142 
44.337762 
44.314382 
44.291002 
44.267622 
44.244242 
44.220862 
44.197482 
44.174102 
44.150722 
44.127342 
44.103962 
44.080582 
44.057202 
44.033822 
44.010442 
43.987062 
43.963682 
43.940302 
43.916922 
43.893542 
43.870162 
43.846782 
43.823402 
43.800022 
43.776642 
43.753262 
43.729882 
43.706502 
43.683122 
43.659742 
43.636362 
43.612982 
43.589603 
43.566223 
43.542843 
43.519463 
43.496083 
43.472703 
43.449323 
43.425943 
43.402563 
43.379183 
43.355803 
43.332423 
43.309043 
43.285663 
43.262283 
43.238903 
43.215523 
43.192143 
43.168763 
43.145383 
43.122003 
43.098623 
43.075243 
43.051863 
43.028483 
43.005103 
42.981723 
42.958343 
42.934963 
42.911583 
42.888203 
42.864823 
42.841443 
42.818063 
42.794683 
42.771303 
42.747924 
42.724544 
42.701164 
42.677784 
42.654404 
42.631024 
42.607644 
42.584264 
42.560884 
42.537504 
42.514124 
42.490744 
42.467364 
42.443984 
42.420604 
42.397224 
42.373844 
42.350464 
42.327084 
42.303704 
42.280324 
42.256944 
42.233564 
42.210184 
42.186804 
42.163424 
42.140044 
42.116664 
42.093284 
42.069904 
42.046524 
42.023144 
41.999764 
41.976384 
41.953004 
41.929624 
41.906245 
41.882865 
41.859485 
41.836105 
41.812725 
41.789345 
41.765965 
41.742585 
41.719205 
41.695825 
41.672445 
41.649065 
41.625685 
41.602305 
41.578925 
41.555545 
41.532165 
41.508785 
41.485405 
41.462025 
41.438645 
41.415265 
41.391885 
41.368505 
41.345125 
41.321745 
41.298365 
41.274985 
41.251605 
41.228225 
41.204845 
41.181465 
41.158085 
41.134705 
41.111325 
41.087945 
41.064566 
41.041186 
41.017806 
40.994426 
40.971046 
40.947666 
40.924286 
40.900906 
40.877526 
40.854146 
40.830766 
40.807386 
40.784006 
40.760626 
40.737246 
40.713866 
40.690486 
40.667106 
40.643726 
40.620346 
40.596966 
40.573586 
40.550206 
40.526826 
40.503446 
40.480066 
40.456686 
40.433306 
40.409926 
40.386546 
40.363166 
40.339786 
40.316406 
40.293026 
40.269646 
40.246266 
40.222887 
40.199507 
40.176127 
40.152747 
40.129367 
40.105987 
40.082607 
40.059227 
40.035847 
40.012467 
39.989087 
39.965707 
39.942327 
39.918947 
39.895567 
39.872187 
39.848807 
39.825427 
39.802047 
39.778667 
39.755287 
39.731907 
39.708527 
39.685147 
39.661767 
39.638387 
39.615007 
39.591627 
39.568247 
39.544867 
39.521487 
39.498107 
39.474727 
39.451347 
39.427967 
39.404587 
39.381208 
39.357828 
39.334448 
39.311068 
39.287688 
39.264308 
39.240928 
39.217548 
39.194168 
39.170788 
39.147408 
39.124028 
39.100648 
39.077268 
39.053888 
39.030508 
39.007128 
38.983748 
38.960368 
38.936988 
38.913608 
38.890228 
38.866848 
38.843468 
38.820088 
38.796708 
38.773328 
38.749948 
38.726568 
38.703188 
38.679808 
38.656428 
38.633048 
38.609668 
38.586288 
38.562908 
38.539529 
38.516149 
38.492769 
38.469389 
38.446009 
38.422629 
38.399249 
38.375869 
38.352489 
38.329109 
38.305729 
38.282349 
38.258969 
38.235589 
38.212209 
38.188829 
38.165449 
38.142069 
38.118689 
38.095309 
38.071929 
38.048549 
38.025169 
38.001789 
37.978409 
37.955029 
37.931649 
37.908269 
37.884889 
37.861509 
37.838129 
37.814749 
37.791369 
37.767989 
37.744609 
37.721229 
37.697850 
37.674470 
37.651090 
37.627710 
37.604330 
37.580950 
37.557570 
37.534190 
37.510810 
37.487430 
37.464050 
37.440670 
37.417290 
37.393910 
37.370530 
37.347150 
37.323770 
37.300390 
37.277010 
37.253630 
37.230250 
37.206870 
37.183490 
37.160110 
37.136730 
37.113350 
37.089970 
37.066590 
37.043210 
37.019830 
36.996450 
36.973070 
36.949690 
36.926310 
36.902930 
36.879550 
36.856171 
36.832791 
36.809411 
36.786031 
36.762651 
36.739271 
36.715891 
36.692511 
36.669131 
36.645751 
36.622371 
36.598991 
36.575611 
36.552231 
36.528851 
36.505471 
36.482091 
36.458711 
36.435331 
36.411951 
36.388571 
36.365191 
36.341811 
36.318431 
36.295051 
36.271671 
36.248291 
36.224911 
36.201531 
36.178151 
36.154771 
36.131391 
36.108011 
36.084631 
36.061251 
36.037871 
36.014492 
35.991112 
35.967732 
35.944352 
35.920972 
35.897592 
35.874212 
35.850832 
35.827452 
35.804072 
35.780692 
35.757312 
35.733932 
35.710552 
35.687172 
35.663792 
35.640412 
35.617032 
35.593652 
35.570272 
35.546892 
35.523512 
35.500132 
35.476752 
35.453372 
35.429992 
35.406612 
35.383232 
35.359852 
35.336472 
35.313092 
35.289712 
35.266332 
35.242952 
35.219572 
35.196192 
35.172813 
35.149433 
35.126053 
35.102673 
35.079293 
35.055913 
35.032533 
35.009153 
34.985773 
34.962393 
34.939013 
34.915633 
34.892253 
34.868873 
34.845493 
34.822113 
34.798733 
34.775353 
34.751973 
34.728593 
34.705213 
34.681833 
34.658453 
34.635073 
34.611693 
34.588313 
34.564933 
34.541553 
34.518173 
34.494793 
34.471413 
34.448033 
34.424653 
34.401273 
34.377893 
34.354513 
34.331134 
34.307754 
34.284374 
34.260994 
34.237614 
34.214234 
34.190854 
34.167474 
34.144094 
34.120714 
34.097334 
34.073954 
34.050574 
34.027194 
34.003814 
33.980434 
33.957054 
33.933674 
33.910294 
33.886914 
33.863534 
33.840154 
33.816774 
33.793394 
33.770014 
33.746634 
33.723254 
33.699874 
33.676494 
33.653114 
33.629734 
33.606354 
33.582974 
33.559594 
33.536214 
33.512834 
33.489455 
33.466075 
33.442695 
33.419315 
33.395935 
33.372555 
33.349175 
33.325795 
33.302415 
33.279035 
33.255655 
33.232275 
33.208895 
33.185515 
33.162135 
33.138755 
33.115375 
33.091995 
33.068615 
33.045235 
33.021855 
32.998475 
32.975095 
32.951715 
32.928335 
32.904955 
32.881575 
32.858195 
32.834815 
32.811435 
32.788055 
32.764675 
32.741295 
32.717915 
32.694535 
32.671155 
32.647776 
32.624396 
32.601016 
32.577636 
32.554256 
32.530876 
32.507496 
32.484116 
32.460736 
32.437356 
32.413976 
32.390596 
32.367216 
32.343836 
32.320456 
32.297076 
32.273696 
32.250316 
32.226936 
32.203556 
32.180176 
32.156796 
32.133416 
32.110036 
32.086656 
32.063276 
32.039896 
32.016516 
31.993136 
31.969756 
31.946376 
31.922996 
31.899616 
31.876236 
31.852856 
31.829476 
31.806097 
31.782717 
31.759337 
31.735957 
31.712577 
31.689197 
31.665817 
31.642437 
31.619057 
31.595677 
31.572297 
31.548917 
31.525537 
31.502157 
31.478777 
31.455397 
31.432017 
31.408637 
31.385257 
31.361877 
31.338497 
31.315117 
31.291737 
31.268357 
31.244977 
31.221597 
31.198217 
31.174837 
31.151457 
31.128077 
31.104697 
31.081317 
31.057937 
31.034557 
31.011177 
30.987798 
30.964418 
30.941038 
30.917658 
30.894278 
30.870898 
30.847518 
30.824138 
30.800758 
30.777378 
30.753998 
30.730618 
30.707238 
30.683858 
30.660478 
30.637098 
30.613718 
30.590338 
30.566958 
30.543578 
30.520198 
30.496818 
30.473438 
30.450058 
30.426678 
30.403298 
30.379918 
30.356538 
30.333158 
30.309778 
30.286398 
30.263018 
30.239638 
30.216258 
30.192878 
30.169498 
30.146119 
30.122739 
30.099359 
30.075979 
30.052599 
30.029219 
30.005839 
29.982459 
29.959079 
29.935699 
29.912319 
29.888939 
29.865559 
29.842179 
29.818799 
29.795419 
29.772039 
29.748659 
29.725279 
29.701899 
29.678519 
29.655139 
29.631759 
29.608379 
29.584999 
29.561619 
29.538239 
29.514859 
29.491479 
29.468099 
29.444719 
29.421339 
29.397959 
29.374579 
29.351199 
29.327819 
29.304440 
29.281060 
29.257680 
29.234300 
29.210920 
29.187540 
29.164160 
29.140780 
29.117400 
29.094020 
29.070640 
29.047260 
29.023880 
29.000500 
28.977120 
28.953740 
28.930360 
28.906980 
28.883600 
28.860220 
28.836840 
28.813460 
28.790080 
28.766700 
28.743320 
28.719940 
28.696560 
28.673180 
28.649800 
28.626420 
28.603040 
28.579660 
28.556280 
28.532900 
28.509520 
28.486140 
28.462761 
28.439381 
28.416001 
28.392621 
28.369241 
28.345861 
28.322481 
28.299101 
28.275721 
28.252341 
28.228961 
28.205581 
28.182201 
28.158821 
28.135441 
28.112061 
28.088681 
28.065301 
28.041921 
28.018541 
27.995161 
27.971781 
27.948401 
27.925021 
27.901641 
27.878261 
27.854881 
27.831501 
27.808121 
27.784741 
27.761361 
27.737981 
27.714601 
27.691221 
27.667841 
27.644461 
27.621082 
27.597702 
27.574322 
27.550942 
27.527562 
27.504182 
27.480802 
27.457422 
27.434042 
27.410662 
27.387282 
27.363902 
27.340522 
27.317142 
27.293762 
27.270382 
27.247002 
27.223622 
27.200242 
27.176862 
27.153482 
27.130102 
27.106722 
27.083342 
27.059962 
27.036582 
27.013202 
26.989822 
26.966442 
26.943062 
26.919682 
26.896302 
26.872922 
26.849542 
26.826162 
26.802782 
26.779403 
26.756023 
26.732643 
26.709263 
26.685883 
26.662503 
26.639123 
26.615743 
26.592363 
26.568983 
26.545603 
26.522223 
26.498843 
26.475463 
26.452083 
26.428703 
26.405323 
26.381943 
26.358563 
26.335183 
26.311803 
26.288423 
26.265043 
26.241663 
26.218283 
26.194903 
26.171523 
26.148143 
26.124763 
26.101383 
26.078003 
26.054623 
26.031243 
26.007863 
25.984483 
25.961103 
25.937724 
25.914344 
25.890964 
25.867584 
25.844204 
25.820824 
25.797444 
25.774064 
25.750684 
25.727304 
25.703924 
25.680544 
25.657164 
25.633784 
25.610404 
25.587024 
25.563644 
25.540264 
25.516884 
25.493504 
25.470124 
25.446744 
25.423364 
25.399984 
25.376604 
25.353224 
25.329844 
25.306464 
25.283084 
25.259704 
25.236324 
25.212944 
25.189564 
25.166184 
25.142804 
25.119424 
25.096045 
25.072665 
25.049285 
25.025905 
25.002525 
24.979145 
24.955765 
24.932385 
24.909005 
24.885625 
24.862245 
24.838865 
24.815485 
24.792105 
24.768725 
24.745345 
24.721965 
24.698585 
24.675205 
24.651825 
24.628445 
24.605065 
24.581685 
24.558305 
24.534925 
24.511545 
24.488165 
24.464785 
24.441405 
24.418025 
24.394645 
24.371265 
24.347885 
24.324505 
24.301125 
24.277745 
24.254366 
24.230986 
24.207606 
24.184226 
24.160846 
24.137466 
24.114086 
24.090706 
24.067326 
24.043946 
24.020566 
23.997186 
23.973806 
23.950426 
23.927046 
23.903666 
23.880286 
23.856906 
23.833526 
23.810146 
23.786766 
23.763386 
23.740006 
23.716626 
23.693246 
23.669866 
23.646486 
23.623106 
23.599726 
23.576346 
23.552966 
23.529586 
23.506206 
23.482826 
23.459446 
23.436066 
23.412687 
23.389307 
23.365927 
23.342547 
23.319167 
23.295787 
23.272407 
23.249027 
23.225647 
23.202267 
23.178887 
23.155507 
23.132127 
23.108747 
23.085367 
23.061987 
23.038607 
23.015227 
22.991847 
22.968467 
22.945087 
22.921707 
22.898327 
22.874947 
22.851567 
22.828187 
22.804807 
22.781427 
22.758047 
22.734667 
22.711287 
22.687907 
22.664527 
22.641147 
22.617767 
22.594387 
22.571008 
22.547628 
22.524248 
22.500868 
22.477488 
22.454108 
22.430728 
22.407348 
22.383968 
22.360588 
22.337208 
22.313828 
22.290448 
22.267068 
22.243688 
22.220308 
22.196928 
22.173548 
22.150168 
22.126788 
22.103408 
22.080028 
22.056648 
22.033268 
22.009888 
21.986508 
21.963128 
21.939748 
21.916368 
21.892988 
21.869608 
21.846228 
21.822848 
21.799468 
21.776088 
21.752708 
21.729329 
21.705949 
21.682569 
21.659189 
21.635809 
21.612429 
21.589049 
21.565669 
21.542289 
21.518909 
21.495529 
21.472149 
21.448769 
21.425389 
21.402009 
21.378629 
21.355249 
21.331869 
21.308489 
21.285109 
21.261729 
21.238349 
21.214969 
21.191589 
21.168209 
21.144829 
21.121449 
21.098069 
21.074689 
21.051309 
21.027929 
21.004549 
20.981169 
20.957789 
20.934409 
20.911029 
20.887650 
20.864270 
20.840890 
20.817510 
20.794130 
20.770750 
20.747370 
20.723990 
20.700610 
20.677230 
20.653850 
20.630470 
20.607090 
20.583710 
20.560330 
20.536950 
20.513570 
20.490190 
20.466810 
20.443430 
20.420050 
20.396670 
20.373290 
20.349910 
20.326530 
20.303150 
20.279770 
20.256390 
20.233010 
20.209630 
20.186250 
20.162870 
20.139490 
20.116110 
20.092730 
20.069350 
20.045971 
20.022591 
19.999211 
19.975831 
19.952451 
19.929071 
19.905691 
19.882311 
19.858931 
19.835551 
19.812171 
19.788791 
19.765411 
19.742031 
19.718651 
19.695271 
19.671891 
19.648511 
19.625131 
19.601751 
19.578371 
19.554991 
19.531611 
19.508231 
19.484851 
19.461471 
19.438091 
19.414711 
19.391331 
19.367951 
19.344571 
19.321191 
19.297811 
19.274431 
19.251051 
19.227671 
19.204292 
19.180912 
19.157532 
19.134152 
19.110772 
19.087392 
19.064012 
19.040632 
19.017252 
18.993872 
18.970492 
18.947112 
18.923732 
18.900352 
18.876972 
18.853592 
18.830212 
18.806832 
18.783452 
18.760072 
18.736692 
18.713312 
18.689932 
18.666552 
18.643172 
18.619792 
18.596412 
18.573032 
18.549652 
18.526272 
18.502892 
18.479512 
18.456132 
18.432752 
18.409372 
18.385992 
18.362613 
18.339233 
18.315853 
18.292473 
18.269093 
18.245713 
18.222333 
18.198953 
18.175573 
18.152193 
18.128813 
18.105433 
18.082053 
18.058673 
18.035293 
18.011913 
17.988533 
17.965153 
17.941773 
17.918393 
17.895013 
17.871633 
17.848253 
17.824873 
17.801493 
17.778113 
17.754733 
17.731353 
17.707973 
17.684593 
17.661213 
17.637833 
17.614453 
17.591073 
17.567693 
17.544313 
17.520934 
17.497554 
17.474174 
17.450794 
17.427414 
17.404034 
17.380654 
17.357274 
17.333894 
17.310514 
17.287134 
17.263754 
17.240374 
17.216994 
17.193614 
17.170234 
17.146854 
17.123474 
17.100094 
17.076714 
17.053334 
17.029954 
17.006574 
16.983194 
16.959814 
16.936434 
16.913054 
16.889674 
16.866294 
16.842914 
16.819534 
16.796154 
16.772774 
16.749394 
16.726014 
16.702634 
16.679255 
16.655875 
16.632495 
16.609115 
16.585735 
16.562355 
16.538975 
16.515595 
16.492215 
16.468835 
16.445455 
16.422075 
16.398695 
16.375315 
16.351935 
16.328555 
16.305175 
16.281795 
16.258415 
16.235035 
16.211655 
16.188275 
16.164895 
16.141515 
16.118135 
16.094755 
16.071375 
16.047995 
16.024615 
16.001235 
15.977855 
15.954475 
15.931095 
15.907715 
15.884335 
15.860955 
15.837576 
15.814196 
15.790816 
15.767436 
15.744056 
15.720676 
15.697296 
15.673916 
15.650536 
15.627156 
15.603776 
15.580396 
15.557016 
15.533636 
15.510256 
15.486876 
15.463496 
15.440116 
15.416736 
15.393356 
15.369976 
15.346596 
15.323216 
15.299836 
15.276456 
15.253076 
15.229696 
15.206316 
15.182936 
15.159556 
15.136176 
15.112796 
15.089416 
15.066036 
15.042656 
15.019276 
14.995897 
14.972517 
14.949137 
14.925757 
14.902377 
14.878997 
14.855617 
14.832237 
14.808857 
14.785477 
14.762097 
14.738717 
14.715337 
14.691957 
14.668577 
14.645197 
14.621817 
14.598437 
14.575057 
14.551677 
14.528297 
14.504917 
14.481537 
14.458157 
14.434777 
14.411397 
14.388017 
14.364637 
14.341257 
14.317877 
14.294497 
14.271117 
14.247737 
14.224357 
14.200977 
14.177597 
14.154218 
14.130838 
14.107458 
14.084078 
14.060698 
14.037318 
14.013938 
13.990558 
13.967178 
13.943798 
13.920418 
13.897038 
13.873658 
13.850278 
13.826898 
13.803518 
13.780138 
13.756758 
13.733378 
13.709998 
13.686618 
13.663238 
13.639858 
13.616478 
13.593098 
13.569718 
13.546338 
13.522958 
13.499578 
13.476198 
13.452818 
13.429438 
13.406058 
13.382678 
13.359298 
13.335918 
13.312539 
13.289159 
13.265779 
13.242399 
13.219019 
13.195639 
13.172259 
13.148879 
13.125499 
13.102119 
13.078739 
13.055359 
13.031979 
13.008599 
12.985219 
12.961839 
12.938459 
12.915079 
12.891699 
12.868319 
12.844939 
12.821559 
12.798179 
12.774799 
12.751419 
12.728039 
12.704659 
12.681279 
12.657899 
12.634519 
12.611139 
12.587759 
12.564379 
12.540999 
12.517619 
12.494239 
12.470860 
12.447480 
12.424100 
12.400720 
12.377340 
12.353960 
12.330580 
12.307200 
12.283820 
12.260440 
12.237060 
12.213680 
12.190300 
12.166920 
12.143540 
12.120160 
12.096780 
12.073400 
12.050020 
12.026640 
12.003260 
11.979880 
11.956500 
11.933120 
11.909740 
11.886360 
11.862980 
11.839600 
11.816220 
11.792840 
11.769460 
11.746080 
11.722700 
11.699320 
11.675940 
11.652560 
11.629181 
11.605801 
11.582421 
11.559041 
11.535661 
11.512281 
11.488901 
11.465521 
11.442141 
11.418761 
11.395381 
11.372001 
11.348621 
11.325241 
11.301861 
11.278481 
11.255101 
11.231721 
11.208341 
11.184961 
11.161581 
11.138201 
11.114821 
11.091441 
11.068061 
11.044681 
11.021301 
10.997921 
10.974541 
10.951161 
10.927781 
10.904401 
10.881021 
10.857641 
10.834261 
10.810881 
10.787502 
10.764122 
10.740742 
10.717362 
10.693982 
10.670602 
10.647222 
10.623842 
10.600462 
10.577082 
10.553702 
10.530322 
10.506942 
10.483562 
10.460182 
10.436802 
10.413422 
10.390042 
10.366662 
10.343282 
10.319902 
10.296522 
10.273142 
10.249762 
10.226382 
10.203002 
10.179622 
10.156242 
10.132862 
10.109482 
10.086102 
10.062722 
10.039342 
10.015962 
9.992582 
9.969202 
9.945823 
9.922443 
9.899063 
9.875683 
9.852303 
9.828923 
9.805543 
9.782163 
9.758783 
9.735403 
9.712023 
9.688643 
9.665263 
9.641883 
9.618503 
9.595123 
9.571743 
9.548363 
9.524983 
9.501603 
9.478223 
9.454843 
9.431463 
9.408083 
9.384703 
9.361323 
9.337943 
9.314563 
9.291183 
9.267803 
9.244423 
9.221043 
9.197663 
9.174283 
9.150903 
9.127523 
9.104144 
9.080764 
9.057384 
9.034004 
9.010624 
8.987244 
8.963864 
8.940484 
8.917104 
8.893724 
8.870344 
8.846964 
8.823584 
8.800204 
8.776824 
8.753444 
8.730064 
8.706684 
8.683304 
8.659924 
8.636544 
8.613164 
8.589784 
8.566404 
8.543024 
8.519644 
8.496264 
8.472884 
8.449504 
8.426124 
8.402744 
8.379364 
8.355984 
8.332604 
8.309224 
8.285844 
8.262465 
8.239085 
8.215705 
8.192325 
8.168945 
8.145565 
8.122185 
8.098805 
8.075425 
8.052045 
8.028665 
8.005285 
7.981905 
7.958525 
7.935145 
7.911765 
7.888385 
7.865005 
7.841625 
7.818245 
7.794865 
7.771485 
7.748105 
7.724725 
7.701345 
7.677965 
7.654585 
7.631205 
7.607825 
7.584445 
7.561065 
7.537685 
7.514305 
7.490925 
7.467545 
7.444165 
7.420786 
7.397406 
7.374026 
7.350646 
7.327266 
7.303886 
7.280506 
7.257126 
7.233746 
7.210366 
7.186986 
7.163606 
7.140226 
7.116846 
7.093466 
7.070086 
7.046706 
7.023326 
6.999946 
6.976566 
6.953186 
6.929806 
6.906426 
6.883046 
6.859666 
6.836286 
6.812906 
6.789526 
6.766146 
6.742766 
6.719386 
6.696006 
6.672626 
6.649246 
6.625866 
6.602486 
6.579107 
6.555727 
6.532347 
6.508967 
6.485587 
6.462207 
6.438827 
6.415447 
6.392067 
6.368687 
6.345307 
6.321927 
6.298547 
6.275167 
6.251787 
6.228407 
6.205027 
6.181647 
6.158267 
6.134887 
6.111507 
6.088127 
6.064747 
6.041367 
6.017987 
5.994607 
5.971227 
5.947847 
5.924467 
5.901087 
5.877707 
5.854327 
5.830947 
5.807567 
5.784187 
5.760807 
5.737428 
5.714048 
5.690668 
5.667288 
5.643908 
5.620528 
5.597148 
5.573768 
5.550388 
5.527008 
5.503628 
5.480248 
5.456868 
5.433488 
5.410108 
5.386728 
5.363348 
5.339968 
5.316588 
5.293208 
5.269828 
5.246448 
5.223068 
5.199688 
5.176308 
5.152928 
5.129548 
5.106168 
5.082788 
5.059408 
5.036028 
5.012648 
4.989268 
4.965888 
4.942508 
4.919128 
4.895749 
4.872369 
4.848989 
4.825609 
4.802229 
4.778849 
4.755469 
4.732089 
4.708709 
4.685329 
4.661949 
4.638569 
4.615189 
4.591809 
4.568429 
4.545049 
4.521669 
4.498289 
4.474909 
4.451529 
4.428149 
4.404769 
4.381389 
4.358009 
4.334629 
4.311249 
4.287869 
4.264489 
4.241109 
4.217729 
4.194349 
4.170969 
4.147589 
4.124209 
4.100829 
4.077449 
4.054070 
4.030690 
4.007310 
3.983930 
3.960550 
3.937170 
3.913790 
3.890410 
3.867030 
3.843650 
3.820270 
3.796890 
3.773510 
3.750130 
3.726750 
3.703370 
3.679990 
3.656610 
3.633230 
3.609850 
3.586470 
3.563090 
3.539710 
3.516330 
3.492950 
3.469570 
3.446190 
3.422810 
3.399430 
3.376050 
3.352670 
3.329290 
3.305910 
3.282530 
3.259150 
3.235770 
3.212391 
3.189011 
3.165631 
3.142251 
3.118871 
3.095491 
3.072111 
3.048731 
3.025351 
3.001971 
2.978591 
2.955211 
2.931831 
2.908451 
2.885071 
2.861691 
2.838311 
2.814931 
2.791551 
2.768171 
2.744791 
2.721411 
2.698031 
2.674651 
2.651271 
2.627891 
2.604511 
2.581131 
2.557751 
2.534371 
2.510991 
2.487611 
2.464231 
2.440851 
2.417471 
2.394091 
2.370712 
2.347332 
2.323952 
2.300572 
2.277192 
2.253812 
2.230432 
2.207052 
2.183672 
2.160292 
2.136912 
2.113532 
2.090152 
2.066772 
2.043392 
2.020012 
1.996632 
1.973252 
1.949872 
1.926492 
1.903112 
1.879732 
1.856352 
1.832972 
1.809592 
1.786212 
1.762832 
1.739452 
1.716072 
1.692692 
1.669312 
1.645932 
1.622552 
1.599172 
1.575792 
1.552412 
1.529033 
1.505653 
1.482273 
1.458893 
1.435513 
1.412133 
1.388753 
1.365373 
1.341993 
1.318613 
1.295233 
1.271853 
1.248473 
1.225093 
1.201713 
1.178333 
1.154953 
1.131573 
1.108193 
1.084813 
1.061433 
1.038053 
1.014673 
0.991293 
0.967913 
0.944533 
0.921153 
0.897773 
0.874393 
0.851013 
0.827633 
0.804253 
0.780873 
0.757493 
0.734113 
0.710733 
0.687354 
0.663974 
0.640594 
0.617214 
0.593834 
0.570454 
0.547074 
0.523694 
0.500314 
0.476934 
0.453554 
0.430174 
0.406794 
0.383414 
0.360034 
0.336654 
0.313274 
0.289894 
0.266514 
0.243134 
0.219754 
0.196374 
0.172994 
0.149614 
0.126234 
0.102854 
0.079474 
0.056094 
0.032714 
0.009334 
-0.014046 
-0.037426 
-0.060806 
-0.084186 
-0.107566 
-0.130946 
-0.154325 
-0.177705 
-0.201085 
-0.224465 
-0.247845 
-0.271225 
-0.294605 
-0.317985 
-0.341365 
-0.364745 
-0.388125 
-0.411505 
-0.434885 
-0.458265 
-0.481645 
-0.505025 
-0.528405 
-0.551785 
-0.575165 
-0.598545 
-0.621925 
-0.645305 
-0.668685 
-0.692065 
-0.715445 
-0.738825 
-0.762205 
-0.785585 
-0.808965 
-0.832345 
-0.855725 
