-1.387512207 
-1.352824397 
-1.318136588 
-1.283448778 
-1.248760968 
-1.214073159 
-1.179385349 
-1.144697540 
-1.110009730 
-1.075321920 
-1.040634111 
-1.005946301 
-0.971258491 
-0.936570682 
-0.901882872 
-0.867195062 
-0.832507253 
-0.797819443 
-0.763131633 
-0.728443824 
-0.693756014 
-0.659068204 
-0.624380395 
-0.589692585 
-0.555004776 
-0.520316966 
-0.485629156 
-0.450941347 
-0.416253537 
-0.381565727 
-0.346877918 
-0.312190108 
-0.277502298 
-0.242814489 
-0.208126679 
-0.173438869 
-0.138751060 
-0.104063250 
-0.069375440 
-0.034687631 
0.000000179 
0.034687988 
0.069375798 
0.104063608 
0.138751417 
0.173439227 
0.208127037 
0.242814846 
0.277502656 
0.312190466 
0.346878275 
0.381566085 
0.416253895 
0.450941704 
0.485629514 
0.520317324 
0.555005133 
0.589692943 
0.624380752 
0.659068562 
0.693756372 
0.728444181 
0.763131991 
0.797819801 
0.832507610 
0.867195420 
0.901883230 
0.936571039 
0.971258849 
1.005946659 
1.040634468 
1.075322278 
1.110010087 
1.144697897 
1.179385707 
1.214073516 
1.248761326 
1.283449136 
1.318136945 
1.352824755 
1.387512565 
1.422200374 
1.456888184 
1.491575994 
1.526263803 
1.560951613 
1.595639423 
1.630327232 
1.665015042 
1.699702851 
1.734390661 
1.769078471 
1.803766280 
1.838454090 
1.873141900 
1.907829709 
1.942517519 
1.977205329 
2.011893138 
2.046580948 
2.081268758 
2.115956567 
2.150644377 
2.185332187 
2.220019996 
2.254707806 
2.289395615 
2.324083425 
2.358771235 
2.393459044 
2.428146854 
2.462834664 
2.497522473 
2.532210283 
2.566898093 
2.601585902 
2.636273712 
2.670961522 
2.705649331 
2.740337141 
2.775024951 
2.809712760 
2.844400570 
2.879088379 
2.913776189 
2.948463999 
2.983151808 
3.017839618 
3.052527428 
3.087215237 
3.121903047 
3.156590857 
3.191278666 
3.225966476 
3.260654286 
3.295342095 
3.330029905 
3.364717714 
3.399405524 
3.434093334 
3.468781143 
3.503468953 
3.538156763 
3.572844572 
3.607532382 
3.642220192 
3.676908001 
3.711595811 
3.746283621 
3.780971430 
3.815659240 
3.850347050 
3.885034859 
3.919722669 
3.954410478 
3.989098288 
4.023786098 
4.058473907 
4.093161717 
4.127849527 
4.162537336 
4.197225146 
4.231912956 
4.266600765 
4.301288575 
4.335976385 
4.370664194 
4.405352004 
4.440039814 
4.474727623 
4.509415433 
4.544103242 
4.578791052 
4.613478862 
4.648166671 
4.682854481 
4.717542291 
4.752230100 
4.786917910 
4.821605720 
4.856293529 
4.890981339 
4.925669149 
4.960356958 
4.995044768 
5.029732578 
5.064420387 
5.099108197 
5.133796006 
5.168483816 
5.203171626 
5.237859435 
5.272547245 
5.307235055 
5.341922864 
5.376610674 
5.411298484 
5.445986293 
5.480674103 
5.515361913 
5.550049722 
5.584737532 
5.619425341 
5.654113151 
5.688800961 
5.723488770 
5.758176580 
5.792864390 
5.827552199 
5.862240009 
5.896927819 
5.931615628 
5.966303438 
6.000991248 
6.035679057 
6.070366867 
6.105054677 
6.139742486 
6.174430296 
6.209118105 
6.243805915 
6.278493725 
6.313181534 
6.347869344 
6.382557154 
6.417244963 
6.451932773 
6.486620583 
6.521308392 
6.555996202 
6.590684012 
6.625371821 
6.660059631 
6.694747441 
6.729435250 
6.764123060 
6.798810869 
6.833498679 
6.868186489 
6.902874298 
6.937562108 
6.972249918 
7.006937727 
7.041625537 
7.076313347 
7.111001156 
7.145688966 
7.180376776 
7.215064585 
7.249752395 
7.284440205 
7.319128014 
7.353815824 
7.388503633 
7.423191443 
7.457879253 
7.492567062 
7.527254872 
7.561942682 
7.596630491 
7.631318301 
7.666006111 
7.700693920 
7.735381730 
7.770069540 
7.804757349 
7.839445159 
7.874132968 
7.908820778 
7.943508588 
7.978196397 
8.012884207 
8.047572017 
8.082259826 
8.116947636 
8.151635446 
8.186323255 
8.221011065 
8.255698875 
8.290386684 
8.325074494 
8.359762304 
8.394450113 
8.429137923 
8.463825732 
8.498513542 
8.533201352 
8.567889161 
8.602576971 
8.637264781 
8.671952590 
8.706640400 
8.741328210 
8.776016019 
8.810703829 
8.845391639 
8.880079448 
8.914767258 
8.949455068 
8.984142877 
9.018830687 
9.053518496 
9.088206306 
9.122894116 
9.157581925 
9.192269735 
9.226957545 
9.261645354 
9.296333164 
9.331020974 
9.365708783 
9.400396593 
9.435084403 
9.469772212 
9.504460022 
9.539147831 
9.573835641 
9.608523451 
9.643211260 
9.677899070 
9.712586880 
9.747274689 
9.781962499 
9.816650309 
9.851338118 
9.886025928 
9.920713738 
9.955401547 
9.990089357 
10.024777167 
10.059464976 
10.094152786 
10.128840595 
10.163528405 
10.198216215 
10.232904024 
10.267591834 
10.302279644 
10.336967453 
10.371655263 
10.406343073 
10.441030882 
10.475718692 
10.510406502 
10.545094311 
10.579782121 
10.614469931 
10.649157740 
10.683845550 
10.718533359 
10.753221169 
10.787908979 
10.822596788 
10.857284598 
10.891972408 
10.926660217 
10.961348027 
10.996035837 
11.030723646 
11.065411456 
11.100099266 
11.134787075 
11.169474885 
11.204162695 
11.238850504 
11.273538314 
11.308226123 
11.342913933 
11.377601743 
11.412289552 
11.446977362 
11.481665172 
11.516352981 
11.551040791 
11.585728601 
11.620416410 
11.655104220 
11.689792030 
11.724479839 
11.759167649 
11.793855458 
11.828543268 
11.863231078 
11.897918887 
11.932606697 
11.967294507 
12.001982316 
12.036670126 
12.071357936 
12.106045745 
12.140733555 
12.175421365 
12.210109174 
12.244796984 
12.279484794 
12.314172603 
12.348860413 
12.383548222 
12.418236032 
12.452923842 
12.487611651 
12.522299461 
12.556987271 
12.591675080 
12.626362890 
12.661050700 
12.695738509 
12.730426319 
12.765114129 
12.799801938 
12.834489748 
12.869177558 
12.903865367 
12.938553177 
12.973240986 
13.007928796 
13.042616606 
13.077304415 
13.111992225 
13.146680035 
13.181367844 
13.216055654 
13.250743464 
13.285431273 
13.320119083 
13.354806893 
13.389494702 
13.424182512 
13.458870322 
13.493558131 
13.528245941 
13.562933750 
13.597621560 
13.632309370 
13.666997179 
13.701684989 
13.736372799 
13.771060608 
13.805748418 
13.840436228 
13.875124037 
13.909811847 
13.944499657 
13.979187466 
14.013875276 
14.048563085 
14.083250895 
14.117938705 
14.152626514 
14.187314324 
14.222002134 
14.256689943 
14.291377753 
14.326065563 
14.360753372 
14.395441182 
14.430128992 
14.464816801 
14.499504611 
14.534192421 
14.568880230 
14.603568040 
14.638255849 
14.672943659 
14.707631469 
14.742319278 
14.777007088 
14.811694898 
14.846382707 
14.881070517 
14.915758327 
14.950446136 
14.985133946 
15.019821756 
15.054509565 
15.089197375 
15.123885185 
15.158572994 
15.193260804 
15.227948613 
15.262636423 
15.297324233 
15.332012042 
15.366699852 
15.401387662 
15.436075471 
15.470763281 
15.505451091 
15.540138900 
15.574826710 
15.609514520 
15.644202329 
15.678890139 
15.713577949 
15.748265758 
15.782953568 
15.817641377 
15.852329187 
15.887016997 
15.921704806 
15.956392616 
15.991080426 
16.025768235 
16.060456045 
16.095143855 
16.129831664 
16.164519474 
16.199207284 
16.233895093 
16.268582903 
16.303270712 
16.337958522 
16.372646332 
16.407334141 
16.442021951 
16.476709761 
16.511397570 
16.546085380 
16.580773190 
16.615460999 
16.650148809 
16.684836619 
16.719524428 
16.754212238 
16.788900048 
16.823587857 
16.858275667 
16.892963476 
16.927651286 
16.962339096 
16.997026905 
17.031714715 
17.066402525 
17.101090334 
17.135778144 
17.170465954 
17.205153763 
17.239841573 
17.274529383 
17.309217192 
17.343905002 
17.378592812 
17.413280621 
17.447968431 
17.482656240 
17.517344050 
17.552031860 
17.586719669 
17.621407479 
17.656095289 
17.690783098 
17.725470908 
17.760158718 
17.794846527 
17.829534337 
17.864222147 
17.898909956 
17.933597766 
17.968285576 
18.002973385 
18.037661195 
18.072349004 
18.107036814 
18.141724624 
18.176412433 
18.211100243 
18.245788053 
18.280475862 
18.315163672 
18.349851482 
18.384539291 
18.419227101 
18.453914911 
18.488602720 
18.523290530 
18.557978339 
18.592666149 
18.627353959 
18.662041768 
18.696729578 
18.731417388 
18.766105197 
18.800793007 
18.835480817 
18.870168626 
18.904856436 
18.939544246 
18.974232055 
19.008919865 
19.043607675 
19.078295484 
19.112983294 
19.147671103 
19.182358913 
19.217046723 
19.251734532 
19.286422342 
19.321110152 
19.355797961 
19.390485771 
19.425173581 
19.459861390 
19.494549200 
19.529237010 
19.563924819 
19.598612629 
19.633300439 
19.667988248 
19.702676058 
19.737363867 
19.772051677 
19.806739487 
19.841427296 
19.876115106 
19.910802916 
19.945490725 
19.980178535 
20.014866345 
20.049554154 
20.084241964 
20.118929774 
20.153617583 
20.188305393 
20.222993203 
20.257681012 
20.292368822 
20.327056631 
20.361744441 
20.396432251 
20.431120060 
20.465807870 
20.500495680 
20.535183489 
20.569871299 
20.604559109 
20.639246918 
20.673934728 
20.708622538 
20.743310347 
20.777998157 
20.812685966 
20.847373776 
20.882061586 
20.916749395 
20.951437205 
20.986125015 
21.020812824 
21.055500634 
21.090188444 
21.124876253 
21.159564063 
21.194251873 
21.228939682 
21.263627492 
21.298315302 
21.333003111 
21.367690921 
21.402378730 
21.437066540 
21.471754350 
21.506442159 
21.541129969 
21.575817779 
21.610505588 
21.645193398 
21.679881208 
21.714569017 
21.749256827 
21.783944637 
21.818632446 
21.853320256 
21.888008066 
21.922695875 
21.957383685 
21.992071494 
22.026759304 
22.061447114 
22.096134923 
22.130822733 
22.165510543 
22.200198352 
22.234886162 
22.269573972 
22.304261781 
22.338949591 
22.373637401 
22.408325210 
22.443013020 
22.477700830 
22.512388639 
22.547076449 
22.581764258 
22.616452068 
22.651139878 
22.685827687 
22.720515497 
22.755203307 
22.789891116 
22.824578926 
22.859266736 
22.893954545 
22.928642355 
22.963330165 
22.998017974 
23.032705784 
23.067393593 
23.102081403 
23.136769213 
23.171457022 
23.206144832 
23.240832642 
23.275520451 
23.310208261 
23.344896071 
23.379583880 
23.414271690 
23.448959500 
23.483647309 
23.518335119 
23.553022929 
23.587710738 
23.622398548 
23.657086357 
23.691774167 
23.726461977 
23.761149786 
23.795837596 
23.830525406 
23.865213215 
23.899901025 
23.934588835 
23.969276644 
24.003964454 
24.038652264 
24.073340073 
24.108027883 
24.142715693 
24.177403502 
24.212091312 
24.246779121 
24.281466931 
24.316154741 
24.350842550 
24.385530360 
24.420218170 
24.454905979 
24.489593789 
24.524281599 
24.558969408 
24.593657218 
24.628345028 
24.663032837 
24.697720647 
24.732408457 
24.767096266 
24.801784076 
24.836471885 
24.871159695 
24.905847505 
24.940535314 
24.975223124 
25.009910934 
25.044598743 
25.079286553 
25.113974363 
25.148662172 
25.183349982 
25.218037792 
25.252725601 
25.287413411 
25.322101220 
25.356789030 
25.391476840 
25.426164649 
25.460852459 
25.495540269 
25.530228078 
25.564915888 
25.599603698 
25.634291507 
25.668979317 
25.703667127 
25.738354936 
25.773042746 
25.807730556 
25.842418365 
25.877106175 
25.911793984 
25.946481794 
25.981169604 
26.015857413 
26.050545223 
26.085233033 
26.119920842 
26.154608652 
26.189296462 
26.223984271 
26.258672081 
26.293359891 
26.328047700 
26.362735510 
26.397423320 
26.432111129 
26.466798939 
26.501486748 
26.536174558 
26.570862368 
26.605550177 
26.640237987 
26.674925797 
26.709613606 
26.744301416 
26.778989226 
26.813677035 
26.848364845 
26.883052655 
26.917740464 
26.952428274 
26.987116084 
27.021803893 
27.056491703 
27.091179512 
27.125867322 
27.160555132 
27.195242941 
27.229930751 
27.264618561 
27.299306370 
27.333994180 
27.368681990 
27.403369799 
27.438057609 
27.472745419 
27.507433228 
27.542121038 
27.576808847 
27.611496657 
27.646184467 
27.680872276 
27.715560086 
27.750247896 
27.784935705 
27.819623515 
27.854311325 
27.888999134 
27.923686944 
27.958374754 
27.993062563 
28.027750373 
28.062438183 
28.097125992 
28.131813802 
28.166501611 
28.201189421 
28.235877231 
28.270565040 
28.305252850 
28.339940660 
28.374628469 
28.409316279 
28.444004089 
28.478691898 
28.513379708 
28.548067518 
28.582755327 
28.617443137 
28.652130947 
28.686818756 
28.721506566 
28.756194375 
28.790882185 
28.825569995 
28.860257804 
28.894945614 
28.929633424 
28.964321233 
28.999009043 
29.033696853 
29.068384662 
29.103072472 
29.137760282 
29.172448091 
29.207135901 
29.241823711 
29.276511520 
29.311199330 
29.345887139 
29.380574949 
29.415262759 
29.449950568 
29.484638378 
29.519326188 
29.554013997 
29.588701807 
29.623389617 
29.658077426 
29.692765236 
29.727453046 
29.762140855 
29.796828665 
29.831516474 
29.866204284 
29.900892094 
29.935579903 
29.970267713 
30.004955523 
30.039643332 
30.074331142 
30.109018952 
30.143706761 
30.178394571 
30.213082381 
30.247770190 
30.282458000 
30.317145810 
30.351833619 
30.386521429 
30.421209238 
30.455897048 
30.490584858 
30.525272667 
30.559960477 
30.594648287 
30.629336096 
30.664023906 
30.698711716 
30.733399525 
30.768087335 
30.802775145 
30.837462954 
30.872150764 
30.906838574 
30.941526383 
30.976214193 
31.010902002 
31.045589812 
31.080277622 
31.114965431 
31.149653241 
31.184341051 
31.219028860 
31.253716670 
31.288404480 
31.323092289 
31.357780099 
31.392467909 
31.427155718 
31.461843528 
31.496531337 
31.531219147 
31.565906957 
31.600594766 
31.635282576 
31.669970386 
31.704658195 
31.739346005 
31.774033815 
31.808721624 
31.843409434 
31.878097244 
31.912785053 
31.947472863 
31.982160673 
32.016848482 
32.051536292 
32.086224101 
32.120911911 
32.155599721 
32.190287530 
32.224975340 
32.259663150 
32.294350959 
32.329038769 
32.363726579 
32.398414388 
32.433102198 
32.467790008 
32.502477817 
32.537165627 
32.571853437 
32.606541246 
32.641229056 
32.675916865 
32.710604675 
32.745292485 
32.779980294 
32.814668104 
32.849355914 
32.884043723 
32.918731533 
32.953419343 
32.988107152 
33.022794962 
33.057482772 
33.092170581 
33.126858391 
33.161546201 
33.196234010 
33.230921820 
33.265609629 
33.300297439 
33.334985249 
33.369673058 
33.404360868 
33.439048678 
33.473736487 
33.508424297 
33.543112107 
33.577799916 
33.612487726 
33.647175536 
33.681863345 
33.716551155 
33.751238964 
33.785926774 
33.820614584 
33.855302393 
33.889990203 
33.924678013 
33.959365822 
33.994053632 
34.028741442 
34.063429251 
34.098117061 
34.132804871 
34.167492680 
34.202180490 
34.236868300 
34.271556109 
34.306243919 
34.340931728 
34.375619538 
34.410307348 
34.444995157 
34.479682967 
34.514370777 
34.549058586 
34.583746396 
34.618434206 
34.653122015 
34.687809825 
34.722497635 
34.757185444 
34.791873254 
34.826561064 
34.861248873 
34.895936683 
34.930624492 
34.965312302 
35.000000112 
35.034687921 
35.069375731 
35.104063541 
35.138751350 
35.173439160 
35.208126970 
35.242814779 
35.277502589 
35.312190399 
35.346878208 
35.381566018 
35.416253828 
35.450941637 
35.485629447 
35.520317256 
35.555005066 
35.589692876 
35.624380685 
35.659068495 
35.693756305 
35.728444114 
35.763131924 
35.797819734 
35.832507543 
35.867195353 
35.901883163 
35.936570972 
35.971258782 
36.005946591 
36.040634401 
36.075322211 
36.110010020 
36.144697830 
36.179385640 
36.214073449 
36.248761259 
36.283449069 
36.318136878 
36.352824688 
36.387512498 
36.422200307 
36.456888117 
36.491575927 
36.526263736 
36.560951546 
36.595639355 
36.630327165 
36.665014975 
36.699702784 
36.734390594 
36.769078404 
36.803766213 
36.838454023 
36.873141833 
36.907829642 
36.942517452 
36.977205262 
37.011893071 
37.046580881 
37.081268691 
37.115956500 
37.150644310 
37.185332119 
37.220019929 
37.254707739 
37.289395548 
37.324083358 
37.358771168 
37.393458977 
37.428146787 
37.462834597 
37.497522406 
37.532210216 
37.566898026 
37.601585835 
37.636273645 
37.670961455 
37.705649264 
37.740337074 
37.775024883 
37.809712693 
37.844400503 
37.879088312 
37.913776122 
37.948463932 
37.983151741 
38.017839551 
38.052527361 
38.087215170 
38.121902980 
38.156590790 
38.191278599 
38.225966409 
38.260654218 
38.295342028 
38.330029838 
38.364717647 
38.399405457 
38.434093267 
38.468781076 
38.503468886 
38.538156696 
38.572844505 
38.607532315 
38.642220125 
38.676907934 
38.711595744 
38.746283554 
38.780971363 
38.815659173 
38.850346982 
38.885034792 
38.919722602 
38.954410411 
38.989098221 
39.023786031 
39.058473840 
39.093161650 
39.127849460 
39.162537269 
39.197225079 
39.231912889 
39.266600698 
39.301288508 
39.335976318 
39.370664127 
39.405351937 
39.440039746 
39.474727556 
39.509415366 
39.544103175 
39.578790985 
39.613478795 
39.648166604 
39.682854414 
39.717542224 
39.752230033 
39.786917843 
39.821605653 
39.856293462 
39.890981272 
39.925669082 
39.960356891 
39.995044701 
40.029732510 
40.064420320 
40.099108130 
40.133795939 
40.168483749 
40.203171559 
40.237859368 
40.272547178 
40.307234988 
40.341922797 
40.376610607 
40.411298417 
40.445986226 
40.480674036 
40.515361845 
40.550049655 
40.584737465 
40.619425274 
40.654113084 
40.688800894 
40.723488703 
40.758176513 
40.792864323 
40.827552132 
40.862239942 
40.896927752 
40.931615561 
40.966303371 
41.000991181 
41.035678990 
41.070366800 
41.105054609 
41.139742419 
41.174430229 
41.209118038 
41.243805848 
41.278493658 
41.313181467 
41.347869277 
41.382557087 
41.417244896 
41.451932706 
41.486620516 
41.521308325 
41.555996135 
41.590683945 
41.625371754 
41.660059564 
41.694747373 
41.729435183 
41.764122993 
41.798810802 
41.833498612 
41.868186422 
41.902874231 
41.937562041 
41.972249851 
42.006937660 
42.041625470 
42.076313280 
42.111001089 
42.145688899 
42.180376709 
42.215064518 
42.249752328 
42.284440137 
42.319127947 
42.353815757 
42.388503566 
42.423191376 
42.457879186 
42.492566995 
42.527254805 
42.561942615 
42.596630424 
42.631318234 
42.666006044 
42.700693853 
42.735381663 
42.770069472 
42.804757282 
42.839445092 
42.874132901 
42.908820711 
42.943508521 
42.978196330 
43.012884140 
43.047571950 
43.082259759 
43.116947569 
43.151635379 
43.186323188 
43.221010998 
43.255698808 
43.290386617 
43.325074427 
43.359762236 
43.394450046 
43.429137856 
43.463825665 
43.498513475 
43.533201285 
43.567889094 
43.602576904 
43.637264714 
43.671952523 
43.706640333 
43.741328143 
43.776015952 
43.810703762 
43.845391572 
43.880079381 
43.914767191 
43.949455000 
43.984142810 
44.018830620 
44.053518429 
44.088206239 
44.122894049 
44.157581858 
44.192269668 
44.226957478 
44.261645287 
44.296333097 
44.331020907 
44.365708716 
44.400396526 
44.435084336 
44.469772145 
44.504459955 
44.539147764 
44.573835574 
44.608523384 
44.643211193 
44.677899003 
44.712586813 
44.747274622 
44.781962432 
44.816650242 
44.851338051 
44.886025861 
44.920713671 
44.955401480 
44.990089290 
45.024777099 
45.059464909 
45.094152719 
45.128840528 
45.163528338 
45.198216148 
45.232903957 
45.267591767 
45.302279577 
45.336967386 
45.371655196 
45.406343006 
45.441030815 
45.475718625 
45.510406435 
45.545094244 
45.579782054 
45.614469863 
45.649157673 
45.683845483 
45.718533292 
45.753221102 
45.787908912 
45.822596721 
45.857284531 
45.891972341 
45.926660150 
45.961347960 
45.996035770 
46.030723579 
46.065411389 
46.100099199 
46.134787008 
46.169474818 
46.204162627 
46.238850437 
46.273538247 
46.308226056 
46.342913866 
46.377601676 
46.412289485 
46.446977295 
46.481665105 
46.516352914 
46.551040724 
46.585728534 
46.620416343 
46.655104153 
46.689791963 
46.724479772 
46.759167582 
46.793855391 
46.828543201 
46.863231011 
46.897918820 
46.932606630 
46.967294440 
47.001982249 
47.036670059 
47.071357869 
47.106045678 
47.140733488 
47.175421298 
47.210109107 
47.244796917 
47.279484726 
47.314172536 
47.348860346 
47.383548155 
47.418235965 
47.452923775 
47.487611584 
47.522299394 
47.556987204 
47.591675013 
47.626362823 
47.661050633 
47.695738442 
47.730426252 
47.765114062 
47.799801871 
47.834489681 
47.869177490 
47.903865300 
47.938553110 
47.973240919 
48.007928729 
48.042616539 
48.077304348 
48.111992158 
48.146679968 
48.181367777 
48.216055587 
48.250743397 
48.285431206 
48.320119016 
48.354806826 
48.389494635 
48.424182445 
48.458870254 
48.493558064 
48.528245874 
48.562933683 
48.597621493 
48.632309303 
48.666997112 
48.701684922 
48.736372732 
48.771060541 
48.805748351 
48.840436161 
48.875123970 
48.909811780 
48.944499590 
48.979187399 
49.013875209 
49.048563018 
49.083250828 
49.117938638 
49.152626447 
49.187314257 
49.222002067 
49.256689876 
49.291377686 
49.326065496 
49.360753305 
49.395441115 
49.430128925 
49.464816734 
49.499504544 
49.534192353 
49.568880163 
49.603567973 
49.638255782 
49.672943592 
49.707631402 
49.742319211 
49.777007021 
49.811694831 
49.846382640 
49.881070450 
49.915758260 
49.950446069 
49.985133879 
50.019821689 
50.054509498 
50.089197308 
50.123885117 
50.158572927 
50.193260737 
50.227948546 
50.262636356 
50.297324166 
50.332011975 
50.366699785 
50.401387595 
50.436075404 
50.470763214 
50.505451024 
50.540138833 
50.574826643 
50.609514453 
50.644202262 
50.678890072 
50.713577881 
50.748265691 
50.782953501 
50.817641310 
50.852329120 
50.887016930 
50.921704739 
50.956392549 
50.991080359 
51.025768168 
51.060455978 
51.095143788 
51.129831597 
51.164519407 
51.199207217 
51.233895026 
51.268582836 
51.303270645 
51.337958455 
51.372646265 
51.407334074 
51.442021884 
51.476709694 
51.511397503 
51.546085313 
51.580773123 
51.615460932 
51.650148742 
51.684836552 
51.719524361 
51.754212171 
51.788899980 
51.823587790 
51.858275600 
51.892963409 
51.927651219 
51.962339029 
51.997026838 
52.031714648 
52.066402458 
52.101090267 
52.135778077 
52.170465887 
52.205153696 
52.239841506 
52.274529316 
52.309217125 
52.343904935 
52.378592744 
52.413280554 
52.447968364 
52.482656173 
52.517343983 
52.552031793 
52.586719602 
52.621407412 
52.656095222 
52.690783031 
52.725470841 
52.760158651 
52.794846460 
52.829534270 
52.864222080 
52.898909889 
52.933597699 
52.968285508 
53.002973318 
53.037661128 
53.072348937 
53.107036747 
53.141724557 
53.176412366 
53.211100176 
53.245787986 
53.280475795 
53.315163605 
53.349851415 
53.384539224 
53.419227034 
53.453914844 
53.488602653 
53.523290463 
53.557978272 
53.592666082 
53.627353892 
53.662041701 
53.696729511 
53.731417321 
53.766105130 
53.800792940 
53.835480750 
53.870168559 
53.904856369 
53.939544179 
53.974231988 
54.008919798 
54.043607607 
54.078295417 
54.112983227 
54.147671036 
54.182358846 
54.217046656 
54.251734465 
54.286422275 
54.321110085 
54.355797894 
54.390485704 
54.425173514 
54.459861323 
54.494549133 
54.529236943 
54.563924752 
54.598612562 
54.633300371 
54.667988181 
54.702675991 
54.737363800 
54.772051610 
54.806739420 
54.841427229 
54.876115039 
54.910802849 
54.945490658 
54.980178468 
55.014866278 
55.049554087 
55.084241897 
55.118929707 
55.153617516 
55.188305326 
55.222993135 
55.257680945 
55.292368755 
55.327056564 
55.361744374 
55.396432184 
55.431119993 
55.465807803 
55.500495613 
55.535183422 
55.569871232 
55.604559042 
55.639246851 
55.673934661 
55.708622470 
55.743310280 
55.777998090 
55.812685899 
55.847373709 
55.882061519 
55.916749328 
55.951437138 
55.986124948 
56.020812757 
56.055500567 
56.090188377 
56.124876186 
56.159563996 
56.194251806 
56.228939615 
56.263627425 
56.298315234 
56.333003044 
56.367690854 
56.402378663 
56.437066473 
56.471754283 
56.506442092 
56.541129902 
56.575817712 
56.610505521 
56.645193331 
56.679881141 
56.714568950 
56.749256760 
56.783944570 
56.818632379 
56.853320189 
56.888007998 
56.922695808 
56.957383618 
56.992071427 
57.026759237 
57.061447047 
57.096134856 
57.130822666 
57.165510476 
57.200198285 
57.234886095 
57.269573905 
57.304261714 
57.338949524 
57.373637334 
57.408325143 
57.443012953 
57.477700762 
57.512388572 
57.547076382 
57.581764191 
57.616452001 
57.651139811 
57.685827620 
57.720515430 
57.755203240 
57.789891049 
57.824578859 
57.859266669 
57.893954478 
57.928642288 
57.963330097 
57.998017907 
58.032705717 
58.067393526 
58.102081336 
58.136769146 
58.171456955 
58.206144765 
58.240832575 
58.275520384 
58.310208194 
58.344896004 
58.379583813 
58.414271623 
58.448959433 
58.483647242 
58.518335052 
58.553022861 
58.587710671 
58.622398481 
58.657086290 
58.691774100 
58.726461910 
58.761149719 
58.795837529 
58.830525339 
58.865213148 
58.899900958 
58.934588768 
58.969276577 
59.003964387 
59.038652197 
59.073340006 
59.108027816 
59.142715625 
59.177403435 
59.212091245 
59.246779054 
59.281466864 
59.316154674 
59.350842483 
59.385530293 
59.420218103 
59.454905912 
59.489593722 
59.524281532 
59.558969341 
59.593657151 
59.628344961 
59.663032770 
59.697720580 
59.732408389 
59.767096199 
59.801784009 
59.836471818 
59.871159628 
59.905847438 
59.940535247 
59.975223057 
60.009910867 
60.044598676 
60.079286486 
60.113974296 
60.148662105 
60.183349915 
60.218037724 
60.252725534 
60.287413344 
60.322101153 
60.356788963 
60.391476773 
60.426164582 
60.460852392 
60.495540202 
60.530228011 
60.564915821 
60.599603631 
60.634291440 
60.668979250 
60.703667060 
60.738354869 
60.773042679 
60.807730488 
60.842418298 
60.877106108 
60.911793917 
60.946481727 
60.981169537 
61.015857346 
61.050545156 
61.085232966 
61.119920775 
61.154608585 
61.189296395 
61.223984204 
61.258672014 
61.293359824 
61.328047633 
61.362735443 
61.397423252 
61.432111062 
61.466798872 
61.501486681 
61.536174491 
61.570862301 
61.605550110 
61.640237920 
61.674925730 
61.709613539 
61.744301349 
61.778989159 
61.813676968 
61.848364778 
61.883052588 
61.917740397 
61.952428207 
61.987116016 
62.021803826 
62.056491636 
62.091179445 
62.125867255 
62.160555065 
62.195242874 
62.229930684 
62.264618494 
62.299306303 
62.333994113 
62.368681923 
62.403369732 
62.438057542 
62.472745351 
62.507433161 
62.542120971 
62.576808780 
62.611496590 
62.646184400 
62.680872209 
62.715560019 
62.750247829 
62.784935638 
62.819623448 
62.854311258 
62.888999067 
62.923686877 
62.958374687 
62.993062496 
63.027750306 
63.062438115 
63.097125925 
63.131813735 
63.166501544 
63.201189354 
63.235877164 
63.270564973 
63.305252783 
63.339940593 
63.374628402 
63.409316212 
63.444004022 
63.478691831 
63.513379641 
63.548067451 
63.582755260 
63.617443070 
63.652130879 
63.686818689 
63.721506499 
63.756194308 
63.790882118 
63.825569928 
63.860257737 
63.894945547 
63.929633357 
63.964321166 
63.999008976 
64.033696786 
64.068384595 
64.103072405 
64.137760215 
64.172448024 
64.207135834 
64.241823643 
64.276511453 
64.311199263 
64.345887072 
64.380574882 
64.415262692 
64.449950501 
64.484638311 
64.519326121 
64.554013930 
64.588701740 
64.623389550 
64.658077359 
64.692765169 
64.727452978 
64.762140788 
64.796828598 
64.831516407 
64.866204217 
64.900892027 
64.935579836 
64.970267646 
65.004955456 
65.039643265 
65.074331075 
65.109018885 
65.143706694 
65.178394504 
65.213082314 
65.247770123 
65.282457933 
65.317145742 
65.351833552 
65.386521362 
65.421209171 
65.455896981 
65.490584791 
65.525272600 
65.559960410 
65.594648220 
65.629336029 
65.664023839 
65.698711649 
65.733399458 
65.768087268 
65.802775078 
65.837462887 
65.872150697 
65.906838506 
65.941526316 
65.976214126 
66.010901935 
66.045589745 
66.080277555 
66.114965364 
66.149653174 
66.184340984 
66.219028793 
66.253716603 
66.288404413 
66.323092222 
66.357780032 
66.392467842 
66.427155651 
66.461843461 
66.496531270 
66.531219080 
66.565906890 
66.600594699 
66.635282509 
66.669970319 
66.704658128 
66.739345938 
66.774033748 
66.808721557 
66.843409367 
66.878097177 
66.912784986 
66.947472796 
66.982160605 
67.016848415 
67.051536225 
67.086224034 
67.120911844 
67.155599654 
67.190287463 
67.224975273 
67.259663083 
67.294350892 
67.329038702 
67.363726512 
67.398414321 
67.433102131 
67.467789941 
67.502477750 
67.537165560 
67.571853369 
67.606541179 
67.641228989 
67.675916798 
67.710604608 
67.745292418 
67.779980227 
67.814668037 
67.849355847 
67.884043656 
67.918731466 
67.953419276 
67.988107085 
68.022794895 
68.057482705 
68.092170514 
68.126858324 
68.161546133 
68.196233943 
68.230921753 
68.265609562 
68.300297372 
68.334985182 
68.369672991 
68.404360801 
68.439048611 
68.473736420 
68.508424230 
68.543112040 
68.577799849 
68.612487659 
68.647175469 
68.681863278 
68.716551088 
68.751238897 
68.785926707 
68.820614517 
68.855302326 
68.889990136 
68.924677946 
68.959365755 
68.994053565 
69.028741375 
69.063429184 
69.098116994 
69.132804804 
69.167492613 
69.202180423 
69.236868232 
69.271556042 
69.306243852 
69.340931661 
69.375619471 
69.410307281 
69.444995090 
69.479682900 
69.514370710 
69.549058519 
69.583746329 
69.618434139 
69.653121948 
69.687809758 
69.722497568 
69.757185377 
69.791873187 
69.826560996 
69.861248806 
69.895936616 
69.930624425 
69.965312235 
70.000000045 
70.034687854 
70.069375664 
70.104063474 
70.138751283 
70.173439093 
70.208126903 
70.242814712 
70.277502522 
70.312190332 
70.346878141 
70.381565951 
70.416253760 
70.450941570 
70.485629380 
70.520317189 
70.555004999 
70.589692809 
70.624380618 
70.659068428 
70.693756238 
70.728444047 
70.763131857 
70.797819667 
70.832507476 
70.867195286 
70.901883096 
70.936570905 
70.971258715 
71.005946524 
71.040634334 
71.075322144 
71.110009953 
71.144697763 
71.179385573 
71.214073382 
71.248761192 
71.283449002 
71.318136811 
71.352824621 
71.387512431 
71.422200240 
71.456888050 
71.491575859 
71.526263669 
71.560951479 
71.595639288 
71.630327098 
71.665014908 
71.699702717 
71.734390527 
71.769078337 
71.803766146 
71.838453956 
71.873141766 
71.907829575 
71.942517385 
71.977205195 
72.011893004 
72.046580814 
72.081268623 
72.115956433 
72.150644243 
72.185332052 
72.220019862 
72.254707672 
72.289395481 
72.324083291 
72.358771101 
72.393458910 
72.428146720 
72.462834530 
72.497522339 
72.532210149 
72.566897959 
72.601585768 
72.636273578 
72.670961387 
72.705649197 
72.740337007 
72.775024816 
72.809712626 
72.844400436 
72.879088245 
72.913776055 
72.948463865 
72.983151674 
73.017839484 
73.052527294 
73.087215103 
73.121902913 
73.156590723 
73.191278532 
73.225966342 
73.260654151 
73.295341961 
73.330029771 
73.364717580 
73.399405390 
73.434093200 
73.468781009 
73.503468819 
73.538156629 
73.572844438 
73.607532248 
73.642220058 
73.676907867 
73.711595677 
73.746283486 
73.780971296 
73.815659106 
73.850346915 
73.885034725 
73.919722535 
73.954410344 
73.989098154 
74.023785964 
74.058473773 
74.093161583 
74.127849393 
74.162537202 
74.197225012 
74.231912822 
74.266600631 
74.301288441 
74.335976250 
74.370664060 
74.405351870 
74.440039679 
74.474727489 
74.509415299 
74.544103108 
74.578790918 
74.613478728 
74.648166537 
74.682854347 
74.717542157 
74.752229966 
74.786917776 
74.821605586 
74.856293395 
74.890981205 
74.925669014 
74.960356824 
74.995044634 
75.029732443 
75.064420253 
75.099108063 
75.133795872 
75.168483682 
75.203171492 
75.237859301 
75.272547111 
75.307234921 
75.341922730 
75.376610540 
75.411298350 
75.445986159 
75.480673969 
75.515361778 
75.550049588 
75.584737398 
75.619425207 
75.654113017 
75.688800827 
75.723488636 
75.758176446 
75.792864256 
75.827552065 
75.862239875 
75.896927685 
75.931615494 
75.966303304 
76.000991113 
76.035678923 
76.070366733 
76.105054542 
76.139742352 
76.174430162 
76.209117971 
76.243805781 
76.278493591 
76.313181400 
76.347869210 
76.382557020 
76.417244829 
76.451932639 
76.486620449 
76.521308258 
76.555996068 
76.590683877 
76.625371687 
76.660059497 
76.694747306 
76.729435116 
76.764122926 
76.798810735 
76.833498545 
76.868186355 
76.902874164 
76.937561974 
76.972249784 
77.006937593 
77.041625403 
77.076313213 
77.111001022 
77.145688832 
77.180376641 
77.215064451 
77.249752261 
77.284440070 
77.319127880 
77.353815690 
77.388503499 
77.423191309 
77.457879119 
77.492566928 
77.527254738 
77.561942548 
77.596630357 
77.631318167 
77.666005976 
77.700693786 
77.735381596 
77.770069405 
77.804757215 
77.839445025 
77.874132834 
77.908820644 
77.943508454 
77.978196263 
78.012884073 
78.047571883 
78.082259692 
78.116947502 
78.151635312 
78.186323121 
78.221010931 
78.255698740 
78.290386550 
78.325074360 
78.359762169 
78.394449979 
78.429137789 
78.463825598 
78.498513408 
78.533201218 
78.567889027 
78.602576837 
78.637264647 
78.671952456 
78.706640266 
78.741328076 
78.776015885 
78.810703695 
78.845391504 
78.880079314 
78.914767124 
78.949454933 
78.984142743 
79.018830553 
79.053518362 
79.088206172 
79.122893982 
79.157581791 
79.192269601 
79.226957411 
79.261645220 
79.296333030 
79.331020840 
79.365708649 
79.400396459 
79.435084268 
79.469772078 
79.504459888 
79.539147697 
79.573835507 
79.608523317 
79.643211126 
79.677898936 
79.712586746 
79.747274555 
79.781962365 
79.816650175 
79.851337984 
79.886025794 
79.920713603 
79.955401413 
79.990089223 
80.024777032 
80.059464842 
80.094152652 
80.128840461 
80.163528271 
80.198216081 
80.232903890 
80.267591700 
80.302279510 
80.336967319 
80.371655129 
80.406342939 
80.441030748 
80.475718558 
80.510406367 
80.545094177 
80.579781987 
80.614469796 
80.649157606 
80.683845416 
80.718533225 
80.753221035 
80.787908845 
80.822596654 
80.857284464 
80.891972274 
80.926660083 
80.961347893 
80.996035703 
81.030723512 
81.065411322 
81.100099131 
81.134786941 
81.169474751 
81.204162560 
81.238850370 
81.273538180 
81.308225989 
81.342913799 
81.377601609 
81.412289418 
81.446977228 
81.481665038 
81.516352847 
81.551040657 
81.585728467 
81.620416276 
81.655104086 
81.689791895 
81.724479705 
81.759167515 
81.793855324 
81.828543134 
81.863230944 
81.897918753 
81.932606563 
81.967294373 
82.001982182 
82.036669992 
82.071357802 
82.106045611 
82.140733421 
82.175421230 
82.210109040 
82.244796850 
82.279484659 
82.314172469 
82.348860279 
82.383548088 
82.418235898 
82.452923708 
82.487611517 
82.522299327 
82.556987137 
82.591674946 
82.626362756 
82.661050566 
82.695738375 
82.730426185 
82.765113994 
82.799801804 
82.834489614 
82.869177423 
82.903865233 
82.938553043 
82.973240852 
83.007928662 
83.042616472 
83.077304281 
83.111992091 
83.146679901 
83.181367710 
83.216055520 
83.250743330 
83.285431139 
83.320118949 
83.354806758 
83.389494568 
83.424182378 
83.458870187 
83.493557997 
83.528245807 
83.562933616 
83.597621426 
83.632309236 
83.666997045 
83.701684855 
83.736372665 
83.771060474 
83.805748284 
83.840436094 
83.875123903 
83.909811713 
83.944499522 
83.979187332 
84.013875142 
84.048562951 
84.083250761 
84.117938571 
84.152626380 
84.187314190 
84.222002000 
84.256689809 
84.291377619 
84.326065429 
84.360753238 
84.395441048 
84.430128857 
84.464816667 
84.499504477 
84.534192286 
84.568880096 
84.603567906 
84.638255715 
84.672943525 
84.707631335 
84.742319144 
84.777006954 
84.811694764 
84.846382573 
84.881070383 
84.915758193 
84.950446002 
84.985133812 
85.019821621 
85.054509431 
85.089197241 
85.123885050 
85.158572860 
85.193260670 
85.227948479 
85.262636289 
85.297324099 
85.332011908 
85.366699718 
85.401387528 
85.436075337 
85.470763147 
85.505450957 
85.540138766 
85.574826576 
85.609514385 
85.644202195 
85.678890005 
85.713577814 
85.748265624 
85.782953434 
85.817641243 
85.852329053 
85.887016863 
85.921704672 
85.956392482 
85.991080292 
86.025768101 
86.060455911 
86.095143721 
86.129831530 
86.164519340 
86.199207149 
86.233894959 
86.268582769 
86.303270578 
86.337958388 
86.372646198 
86.407334007 
86.442021817 
86.476709627 
86.511397436 
86.546085246 
86.580773056 
86.615460865 
86.650148675 
86.684836484 
86.719524294 
86.754212104 
86.788899913 
86.823587723 
86.858275533 
86.892963342 
86.927651152 
86.962338962 
86.997026771 
87.031714581 
87.066402391 
87.101090200 
87.135778010 
87.170465820 
87.205153629 
87.239841439 
87.274529248 
87.309217058 
87.343904868 
87.378592677 
87.413280487 
87.447968297 
87.482656106 
87.517343916 
87.552031726 
87.586719535 
87.621407345 
87.656095155 
87.690782964 
87.725470774 
87.760158584 
87.794846393 
87.829534203 
87.864222012 
87.898909822 
87.933597632 
87.968285441 
88.002973251 
88.037661061 
88.072348870 
88.107036680 
88.141724490 
88.176412299 
88.211100109 
88.245787919 
88.280475728 
88.315163538 
88.349851348 
88.384539157 
88.419226967 
88.453914776 
88.488602586 
88.523290396 
88.557978205 
88.592666015 
88.627353825 
88.662041634 
88.696729444 
88.731417254 
88.766105063 
88.800792873 
88.835480683 
88.870168492 
88.904856302 
88.939544111 
88.974231921 
89.008919731 
89.043607540 
89.078295350 
89.112983160 
89.147670969 
89.182358779 
89.217046589 
89.251734398 
89.286422208 
89.321110018 
89.355797827 
89.390485637 
89.425173447 
89.459861256 
89.494549066 
89.529236875 
89.563924685 
89.598612495 
89.633300304 
89.667988114 
89.702675924 
89.737363733 
89.772051543 
89.806739353 
89.841427162 
89.876114972 
89.910802782 
89.945490591 
89.980178401 
90.014866211 
90.049554020 
90.084241830 
90.118929639 
90.153617449 
90.188305259 
90.222993068 
90.257680878 
90.292368688 
90.327056497 
90.361744307 
90.396432117 
90.431119926 
90.465807736 
90.500495546 
90.535183355 
90.569871165 
90.604558975 
90.639246784 
90.673934594 
90.708622403 
90.743310213 
90.777998023 
90.812685832 
90.847373642 
90.882061452 
90.916749261 
90.951437071 
90.986124881 
91.020812690 
91.055500500 
91.090188310 
91.124876119 
91.159563929 
91.194251738 
91.228939548 
91.263627358 
91.298315167 
91.333002977 
91.367690787 
91.402378596 
91.437066406 
91.471754216 
91.506442025 
91.541129835 
91.575817645 
91.610505454 
91.645193264 
91.679881074 
91.714568883 
91.749256693 
91.783944502 
91.818632312 
91.853320122 
91.888007931 
91.922695741 
91.957383551 
91.992071360 
92.026759170 
92.061446980 
92.096134789 
92.130822599 
92.165510409 
92.200198218 
92.234886028 
92.269573838 
92.304261647 
92.338949457 
92.373637266 
92.408325076 
92.443012886 
92.477700695 
92.512388505 
92.547076315 
92.581764124 
92.616451934 
92.651139744 
92.685827553 
92.720515363 
92.755203173 
92.789890982 
92.824578792 
92.859266602 
92.893954411 
92.928642221 
92.963330030 
92.998017840 
93.032705650 
93.067393459 
93.102081269 
93.136769079 
93.171456888 
93.206144698 
93.240832508 
93.275520317 
93.310208127 
93.344895937 
93.379583746 
93.414271556 
93.448959365 
93.483647175 
93.518334985 
93.553022794 
93.587710604 
93.622398414 
93.657086223 
93.691774033 
93.726461843 
93.761149652 
93.795837462 
93.830525272 
93.865213081 
93.899900891 
93.934588701 
93.969276510 
94.003964320 
94.038652129 
94.073339939 
94.108027749 
94.142715558 
94.177403368 
94.212091178 
94.246778987 
94.281466797 
94.316154607 
94.350842416 
94.385530226 
94.420218036 
94.454905845 
94.489593655 
94.524281465 
94.558969274 
94.593657084 
94.628344893 
94.663032703 
94.697720513 
94.732408322 
94.767096132 
94.801783942 
94.836471751 
94.871159561 
94.905847371 
94.940535180 
94.975222990 
95.009910800 
95.044598609 
95.079286419 
95.113974229 
95.148662038 
95.183349848 
95.218037657 
95.252725467 
95.287413277 
95.322101086 
95.356788896 
95.391476706 
95.426164515 
95.460852325 
95.495540135 
95.530227944 
95.564915754 
95.599603564 
95.634291373 
95.668979183 
95.703666992 
95.738354802 
95.773042612 
95.807730421 
95.842418231 
95.877106041 
95.911793850 
95.946481660 
95.981169470 
96.015857279 
96.050545089 
96.085232899 
96.119920708 
96.154608518 
96.189296328 
96.223984137 
96.258671947 
96.293359756 
96.328047566 
96.362735376 
96.397423185 
96.432110995 
96.466798805 
96.501486614 
96.536174424 
96.570862234 
96.605550043 
96.640237853 
96.674925663 
96.709613472 
96.744301282 
96.778989092 
96.813676901 
96.848364711 
96.883052520 
96.917740330 
96.952428140 
96.987115949 
97.021803759 
97.056491569 
97.091179378 
97.125867188 
97.160554998 
97.195242807 
97.229930617 
97.264618427 
97.299306236 
97.333994046 
97.368681856 
97.403369665 
97.438057475 
97.472745284 
97.507433094 
97.542120904 
97.576808713 
97.611496523 
97.646184333 
97.680872142 
97.715559952 
97.750247762 
97.784935571 
97.819623381 
97.854311191 
97.888999000 
97.923686810 
97.958374619 
97.993062429 
98.027750239 
98.062438048 
98.097125858 
98.131813668 
98.166501477 
98.201189287 
98.235877097 
98.270564906 
98.305252716 
98.339940526 
98.374628335 
98.409316145 
98.444003955 
98.478691764 
98.513379574 
98.548067383 
98.582755193 
98.617443003 
98.652130812 
98.686818622 
98.721506432 
98.756194241 
98.790882051 
98.825569861 
98.860257670 
98.894945480 
98.929633290 
98.964321099 
98.999008909 
99.033696719 
99.068384528 
99.103072338 
99.137760147 
99.172447957 
99.207135767 
99.241823576 
99.276511386 
99.311199196 
99.345887005 
99.380574815 
99.415262625 
99.449950434 
99.484638244 
99.519326054 
99.554013863 
99.588701673 
99.623389482 
99.658077292 
99.692765102 
99.727452911 
99.762140721 
99.796828531 
99.831516340 
99.866204150 
99.900891960 
99.935579769 
99.970267579 
100.004955389 
100.039643198 
100.074331008 
100.109018818 
100.143706627 
100.178394437 
100.213082246 
100.247770056 
100.282457866 
100.317145675 
100.351833485 
100.386521295 
100.421209104 
100.455896914 
100.490584724 
100.525272533 
100.559960343 
100.594648153 
100.629335962 
100.664023772 
100.698711582 
100.733399391 
100.768087201 
100.802775010 
100.837462820 
100.872150630 
100.906838439 
100.941526249 
100.976214059 
101.010901868 
101.045589678 
101.080277488 
101.114965297 
101.149653107 
101.184340917 
101.219028726 
101.253716536 
101.288404346 
101.323092155 
101.357779965 
101.392467774 
101.427155584 
101.461843394 
101.496531203 
101.531219013 
101.565906823 
101.600594632 
101.635282442 
101.669970252 
101.704658061 
101.739345871 
101.774033681 
101.808721490 
101.843409300 
101.878097109 
101.912784919 
101.947472729 
101.982160538 
102.016848348 
102.051536158 
102.086223967 
102.120911777 
102.155599587 
102.190287396 
102.224975206 
102.259663016 
102.294350825 
102.329038635 
102.363726445 
102.398414254 
102.433102064 
102.467789873 
102.502477683 
102.537165493 
102.571853302 
102.606541112 
102.641228922 
102.675916731 
102.710604541 
102.745292351 
102.779980160 
102.814667970 
102.849355780 
102.884043589 
102.918731399 
102.953419209 
102.988107018 
103.022794828 
103.057482637 
103.092170447 
103.126858257 
103.161546066 
103.196233876 
103.230921686 
103.265609495 
103.300297305 
103.334985115 
103.369672924 
103.404360734 
103.439048544 
103.473736353 
103.508424163 
103.543111973 
103.577799782 
103.612487592 
103.647175401 
103.681863211 
103.716551021 
103.751238830 
103.785926640 
103.820614450 
103.855302259 
103.889990069 
103.924677879 
103.959365688 
103.994053498 
104.028741308 
104.063429117 
104.098116927 
104.132804736 
104.167492546 
104.202180356 
104.236868165 
104.271555975 
104.306243785 
104.340931594 
104.375619404 
104.410307214 
104.444995023 
104.479682833 
104.514370643 
104.549058452 
104.583746262 
104.618434072 
104.653121881 
104.687809691 
104.722497500 
104.757185310 
104.791873120 
104.826560929 
104.861248739 
104.895936549 
104.930624358 
104.965312168 
104.999999978 
105.034687787 
105.069375597 
105.104063407 
105.138751216 
105.173439026 
105.208126836 
105.242814645 
105.277502455 
105.312190264 
105.346878074 
105.381565884 
105.416253693 
105.450941503 
105.485629313 
105.520317122 
105.555004932 
105.589692742 
105.624380551 
105.659068361 
105.693756171 
105.728443980 
105.763131790 
105.797819600 
105.832507409 
105.867195219 
105.901883028 
105.936570838 
105.971258648 
106.005946457 
106.040634267 
106.075322077 
106.110009886 
106.144697696 
106.179385506 
106.214073315 
106.248761125 
106.283448935 
106.318136744 
106.352824554 
106.387512363 
106.422200173 
106.456887983 
106.491575792 
106.526263602 
106.560951412 
106.595639221 
106.630327031 
106.665014841 
106.699702650 
106.734390460 
106.769078270 
106.803766079 
106.838453889 
106.873141699 
106.907829508 
106.942517318 
106.977205127 
107.011892937 
107.046580747 
107.081268556 
107.115956366 
107.150644176 
107.185331985 
107.220019795 
107.254707605 
107.289395414 
107.324083224 
107.358771034 
107.393458843 
107.428146653 
107.462834463 
107.497522272 
107.532210082 
107.566897891 
107.601585701 
107.636273511 
107.670961320 
107.705649130 
107.740336940 
107.775024749 
107.809712559 
107.844400369 
107.879088178 
107.913775988 
107.948463798 
107.983151607 
108.017839417 
108.052527227 
108.087215036 
108.121902846 
108.156590655 
108.191278465 
108.225966275 
108.260654084 
108.295341894 
108.330029704 
108.364717513 
108.399405323 
108.434093133 
108.468780942 
108.503468752 
108.538156562 
108.572844371 
108.607532181 
108.642219990 
108.676907800 
108.711595610 
108.746283419 
108.780971229 
108.815659039 
108.850346848 
108.885034658 
108.919722468 
108.954410277 
108.989098087 
109.023785897 
109.058473706 
109.093161516 
109.127849326 
109.162537135 
109.197224945 
109.231912754 
109.266600564 
109.301288374 
109.335976183 
109.370663993 
109.405351803 
109.440039612 
109.474727422 
109.509415232 
109.544103041 
109.578790851 
109.613478661 
109.648166470 
109.682854280 
109.717542090 
109.752229899 
109.786917709 
109.821605518 
109.856293328 
109.890981138 
109.925668947 
109.960356757 
109.995044567 
110.029732376 
110.064420186 
110.099107996 
110.133795805 
110.168483615 
110.203171425 
110.237859234 
110.272547044 
110.307234854 
110.341922663 
110.376610473 
110.411298282 
110.445986092 
110.480673902 
110.515361711 
110.550049521 
110.584737331 
110.619425140 
110.654112950 
110.688800760 
110.723488569 
110.758176379 
110.792864189 
110.827551998 
110.862239808 
110.896927617 
110.931615427 
110.966303237 
111.000991046 
111.035678856 
111.070366666 
111.105054475 
111.139742285 
111.174430095 
111.209117904 
111.243805714 
111.278493524 
111.313181333 
111.347869143 
111.382556953 
111.417244762 
111.451932572 
111.486620381 
111.521308191 
111.555996001 
111.590683810 
111.625371620 
111.660059430 
111.694747239 
111.729435049 
111.764122859 
111.798810668 
111.833498478 
111.868186288 
111.902874097 
111.937561907 
111.972249717 
112.006937526 
112.041625336 
112.076313145 
112.111000955 
112.145688765 
112.180376574 
112.215064384 
112.249752194 
112.284440003 
112.319127813 
112.353815623 
112.388503432 
112.423191242 
112.457879052 
112.492566861 
112.527254671 
112.561942481 
112.596630290 
112.631318100 
112.666005909 
112.700693719 
112.735381529 
112.770069338 
112.804757148 
112.839444958 
112.874132767 
112.908820577 
112.943508387 
112.978196196 
113.012884006 
113.047571816 
113.082259625 
113.116947435 
113.151635244 
113.186323054 
113.221010864 
113.255698673 
113.290386483 
113.325074293 
113.359762102 
113.394449912 
113.429137722 
113.463825531 
113.498513341 
113.533201151 
113.567888960 
113.602576770 
113.637264580 
113.671952389 
113.706640199 
113.741328008 
113.776015818 
113.810703628 
113.845391437 
113.880079247 
113.914767057 
113.949454866 
113.984142676 
114.018830486 
114.053518295 
114.088206105 
114.122893915 
114.157581724 
114.192269534 
114.226957344 
114.261645153 
114.296332963 
114.331020772 
114.365708582 
114.400396392 
114.435084201 
114.469772011 
114.504459821 
114.539147630 
114.573835440 
114.608523250 
114.643211059 
114.677898869 
114.712586679 
114.747274488 
114.781962298 
114.816650108 
114.851337917 
114.886025727 
114.920713536 
114.955401346 
114.990089156 
115.024776965 
115.059464775 
115.094152585 
115.128840394 
115.163528204 
115.198216014 
115.232903823 
115.267591633 
115.302279443 
115.336967252 
115.371655062 
115.406342871 
115.441030681 
115.475718491 
115.510406300 
115.545094110 
115.579781920 
115.614469729 
115.649157539 
115.683845349 
115.718533158 
115.753220968 
115.787908778 
115.822596587 
115.857284397 
115.891972207 
115.926660016 
115.961347826 
115.996035635 
116.030723445 
116.065411255 
116.100099064 
116.134786874 
116.169474684 
116.204162493 
116.238850303 
116.273538113 
116.308225922 
116.342913732 
116.377601542 
116.412289351 
116.446977161 
116.481664971 
116.516352780 
116.551040590 
116.585728399 
116.620416209 
116.655104019 
116.689791828 
116.724479638 
116.759167448 
116.793855257 
116.828543067 
116.863230877 
116.897918686 
116.932606496 
116.967294306 
117.001982115 
117.036669925 
117.071357735 
117.106045544 
117.140733354 
117.175421163 
117.210108973 
117.244796783 
117.279484592 
117.314172402 
117.348860212 
117.383548021 
117.418235831 
117.452923641 
117.487611450 
117.522299260 
117.556987070 
117.591674879 
117.626362689 
117.661050498 
117.695738308 
117.730426118 
117.765113927 
117.799801737 
117.834489547 
117.869177356 
117.903865166 
117.938552976 
117.973240785 
118.007928595 
118.042616405 
118.077304214 
118.111992024 
118.146679834 
118.181367643 
118.216055453 
118.250743262 
118.285431072 
118.320118882 
118.354806691 
118.389494501 
118.424182311 
118.458870120 
118.493557930 
118.528245740 
118.562933549 
118.597621359 
118.632309169 
118.666996978 
118.701684788 
118.736372598 
118.771060407 
118.805748217 
118.840436026 
118.875123836 
118.909811646 
118.944499455 
118.979187265 
119.013875075 
119.048562884 
119.083250694 
119.117938504 
119.152626313 
119.187314123 
119.222001933 
119.256689742 
119.291377552 
119.326065362 
119.360753171 
119.395440981 
119.430128790 
119.464816600 
119.499504410 
119.534192219 
119.568880029 
119.603567839 
119.638255648 
119.672943458 
119.707631268 
119.742319077 
119.777006887 
119.811694697 
119.846382506 
119.881070316 
119.915758125 
119.950445935 
119.985133745 
120.019821554 
120.054509364 
120.089197174 
120.123884983 
120.158572793 
120.193260603 
120.227948412 
120.262636222 
120.297324032 
120.332011841 
120.366699651 
120.401387461 
120.436075270 
120.470763080 
120.505450889 
120.540138699 
120.574826509 
120.609514318 
120.644202128 
120.678889938 
120.713577747 
120.748265557 
120.782953367 
120.817641176 
120.852328986 
120.887016796 
120.921704605 
120.956392415 
120.991080225 
121.025768034 
121.060455844 
121.095143653 
121.129831463 
121.164519273 
121.199207082 
121.233894892 
121.268582702 
121.303270511 
121.337958321 
121.372646131 
121.407333940 
121.442021750 
121.476709560 
121.511397369 
121.546085179 
121.580772988 
121.615460798 
121.650148608 
121.684836417 
121.719524227 
121.754212037 
121.788899846 
121.823587656 
121.858275466 
121.892963275 
121.927651085 
121.962338895 
121.997026704 
122.031714514 
122.066402324 
122.101090133 
122.135777943 
122.170465752 
122.205153562 
122.239841372 
122.274529181 
122.309216991 
122.343904801 
122.378592610 
122.413280420 
122.447968230 
122.482656039 
122.517343849 
122.552031659 
122.586719468 
122.621407278 
122.656095088 
122.690782897 
122.725470707 
122.760158516 
122.794846326 
122.829534136 
122.864221945 
122.898909755 
122.933597565 
122.968285374 
123.002973184 
123.037660994 
123.072348803 
123.107036613 
123.141724423 
123.176412232 
123.211100042 
123.245787852 
123.280475661 
123.315163471 
123.349851280 
123.384539090 
123.419226900 
123.453914709 
123.488602519 
123.523290329 
123.557978138 
123.592665948 
123.627353758 
123.662041567 
123.696729377 
123.731417187 
123.766104996 
123.800792806 
123.835480615 
123.870168425 
123.904856235 
123.939544044 
123.974231854 
124.008919664 
124.043607473 
124.078295283 
124.112983093 
124.147670902 
124.182358712 
124.217046522 
124.251734331 
124.286422141 
124.321109951 
124.355797760 
124.390485570 
124.425173379 
124.459861189 
124.494548999 
124.529236808 
124.563924618 
124.598612428 
124.633300237 
124.667988047 
124.702675857 
124.737363666 
124.772051476 
124.806739286 
124.841427095 
124.876114905 
124.910802715 
124.945490524 
124.980178334 
125.014866143 
125.049553953 
125.084241763 
125.118929572 
125.153617382 
125.188305192 
125.222993001 
125.257680811 
125.292368621 
125.327056430 
125.361744240 
125.396432050 
125.431119859 
125.465807669 
125.500495479 
125.535183288 
125.569871098 
125.604558907 
125.639246717 
125.673934527 
125.708622336 
125.743310146 
125.777997956 
125.812685765 
125.847373575 
125.882061385 
125.916749194 
125.951437004 
125.986124814 
126.020812623 
126.055500433 
126.090188242 
126.124876052 
126.159563862 
126.194251671 
126.228939481 
126.263627291 
126.298315100 
126.333002910 
126.367690720 
126.402378529 
126.437066339 
126.471754149 
126.506441958 
126.541129768 
126.575817578 
126.610505387 
126.645193197 
126.679881006 
126.714568816 
126.749256626 
126.783944435 
126.818632245 
126.853320055 
126.888007864 
126.922695674 
126.957383484 
126.992071293 
127.026759103 
127.061446913 
127.096134722 
127.130822532 
127.165510342 
127.200198151 
127.234885961 
127.269573770 
127.304261580 
127.338949390 
127.373637199 
127.408325009 
127.443012819 
127.477700628 
127.512388438 
127.547076248 
127.581764057 
127.616451867 
127.651139677 
127.685827486 
127.720515296 
127.755203106 
127.789890915 
127.824578725 
127.859266534 
127.893954344 
127.928642154 
127.963329963 
127.998017773 
128.032705583 
128.067393392 
128.102081202 
128.136769012 
128.171456821 
128.206144631 
128.240832441 
128.275520250 
128.310208060 
128.344895869 
128.379583679 
128.414271489 
128.448959298 
128.483647108 
128.518334918 
128.553022727 
128.587710537 
128.622398347 
128.657086156 
128.691773966 
128.726461776 
128.761149585 
128.795837395 
128.830525205 
128.865213014 
128.899900824 
128.934588633 
128.969276443 
129.003964253 
129.038652062 
129.073339872 
129.108027682 
129.142715491 
129.177403301 
129.212091111 
129.246778920 
129.281466730 
129.316154540 
129.350842349 
129.385530159 
129.420217969 
129.454905778 
129.489593588 
129.524281397 
129.558969207 
129.593657017 
129.628344826 
129.663032636 
129.697720446 
129.732408255 
129.767096065 
129.801783875 
129.836471684 
129.871159494 
129.905847304 
129.940535113 
129.975222923 
130.009910733 
130.044598542 
130.079286352 
130.113974161 
130.148661971 
130.183349781 
130.218037590 
130.252725400 
130.287413210 
130.322101019 
130.356788829 
130.391476639 
130.426164448 
130.460852258 
130.495540068 
130.530227877 
130.564915687 
130.599603496 
130.634291306 
130.668979116 
130.703666925 
130.738354735 
130.773042545 
130.807730354 
130.842418164 
130.877105974 
130.911793783 
130.946481593 
130.981169403 
131.015857212 
131.050545022 
131.085232832 
131.119920641 
131.154608451 
131.189296260 
131.223984070 
131.258671880 
131.293359689 
131.328047499 
131.362735309 
131.397423118 
131.432110928 
131.466798738 
131.501486547 
131.536174357 
131.570862167 
131.605549976 
131.640237786 
131.674925596 
131.709613405 
131.744301215 
131.778989024 
131.813676834 
131.848364644 
131.883052453 
131.917740263 
131.952428073 
131.987115882 
132.021803692 
132.056491502 
132.091179311 
132.125867121 
132.160554931 
132.195242740 
132.229930550 
132.264618360 
132.299306169 
132.333993979 
132.368681788 
132.403369598 
132.438057408 
132.472745217 
132.507433027 
132.542120837 
132.576808646 
132.611496456 
132.646184266 
132.680872075 
132.715559885 
132.750247695 
132.784935504 
132.819623314 
132.854311123 
132.888998933 
132.923686743 
132.958374552 
132.993062362 
133.027750172 
133.062437981 
133.097125791 
133.131813601 
133.166501410 
133.201189220 
133.235877030 
133.270564839 
133.305252649 
133.339940459 
133.374628268 
133.409316078 
133.444003887 
133.478691697 
133.513379507 
133.548067316 
133.582755126 
133.617442936 
133.652130745 
133.686818555 
133.721506365 
133.756194174 
133.790881984 
133.825569794 
133.860257603 
133.894945413 
133.929633223 
133.964321032 
133.999008842 
134.033696651 
134.068384461 
134.103072271 
134.137760080 
134.172447890 
134.207135700 
134.241823509 
134.276511319 
134.311199129 
134.345886938 
134.380574748 
134.415262558 
134.449950367 
134.484638177 
134.519325987 
134.554013796 
134.588701606 
134.623389415 
134.658077225 
134.692765035 
134.727452844 
134.762140654 
134.796828464 
134.831516273 
134.866204083 
134.900891893 
134.935579702 
134.970267512 
135.004955322 
135.039643131 
135.074330941 
135.109018750 
135.143706560 
135.178394370 
135.213082179 
135.247769989 
135.282457799 
135.317145608 
135.351833418 
135.386521228 
135.421209037 
135.455896847 
135.490584657 
135.525272466 
135.559960276 
135.594648086 
135.629335895 
135.664023705 
135.698711514 
135.733399324 
135.768087134 
135.802774943 
135.837462753 
135.872150563 
135.906838372 
135.941526182 
135.976213992 
136.010901801 
136.045589611 
136.080277421 
136.114965230 
136.149653040 
136.184340850 
136.219028659 
136.253716469 
136.288404278 
136.323092088 
136.357779898 
136.392467707 
136.427155517 
136.461843327 
136.496531136 
136.531218946 
136.565906756 
136.600594565 
136.635282375 
136.669970185 
136.704657994 
136.739345804 
136.774033614 
136.808721423 
136.843409233 
136.878097042 
136.912784852 
136.947472662 
136.982160471 
137.016848281 
137.051536091 
137.086223900 
137.120911710 
137.155599520 
137.190287329 
137.224975139 
137.259662949 
137.294350758 
137.329038568 
137.363726377 
137.398414187 
137.433101997 
137.467789806 
137.502477616 
137.537165426 
137.571853235 
137.606541045 
137.641228855 
137.675916664 
137.710604474 
137.745292284 
137.779980093 
137.814667903 
137.849355713 
137.884043522 
137.918731332 
137.953419141 
137.988106951 
138.022794761 
138.057482570 
138.092170380 
138.126858190 
138.161545999 
138.196233809 
138.230921619 
138.265609428 
138.300297238 
138.334985048 
138.369672857 
138.404360667 
138.439048477 
138.473736286 
138.508424096 
138.543111905 
138.577799715 
138.612487525 
138.647175334 
138.681863144 
138.716550954 
138.751238763 
138.785926573 
138.820614383 
138.855302192 
138.889990002 
138.924677812 
138.959365621 
138.994053431 
139.028741241 
139.063429050 
139.098116860 
139.132804669 
139.167492479 
139.202180289 
139.236868098 
139.271555908 
139.306243718 
139.340931527 
139.375619337 
139.410307147 
139.444994956 
139.479682766 
139.514370576 
139.549058385 
139.583746195 
139.618434004 
139.653121814 
139.687809624 
139.722497433 
139.757185243 
139.791873053 
139.826560862 
139.861248672 
139.895936482 
139.930624291 
139.965312101 
139.999999911 
140.034687720 
140.069375530 
140.104063340 
140.138751149 
140.173438959 
140.208126768 
140.242814578 
140.277502388 
140.312190197 
140.346878007 
140.381565817 
140.416253626 
140.450941436 
140.485629246 
140.520317055 
140.555004865 
140.589692675 
140.624380484 
140.659068294 
