-6.194244385 
-6.039388090 
-5.884531796 
-5.729675502 
-5.574819207 
-5.419962913 
-5.265106618 
-5.110250324 
-4.955394030 
-4.800537735 
-4.645681441 
-4.490825146 
-4.335968852 
-4.181112558 
-4.026256263 
-3.871399969 
-3.716543674 
-3.561687380 
-3.406831086 
-3.251974791 
-3.097118497 
-2.942262203 
-2.787405908 
-2.632549614 
-2.477693319 
-2.322837025 
-2.167980731 
-2.013124436 
-1.858268142 
-1.703411847 
-1.548555553 
-1.393699259 
-1.238842964 
-1.083986670 
-0.929130375 
-0.774274081 
-0.619417787 
-0.464561492 
-0.309705198 
-0.154848903 
0.000007391 
0.154863685 
0.309719980 
0.464576274 
0.619432569 
0.774288863 
0.929145157 
1.084001452 
1.238857746 
1.393714041 
1.548570335 
1.703426629 
1.858282924 
2.013139218 
2.167995512 
2.322851807 
2.477708101 
2.632564396 
2.787420690 
2.942276984 
3.097133279 
3.251989573 
3.406845868 
3.561702162 
3.716558456 
3.871414751 
4.026271045 
4.181127340 
4.335983634 
4.490839928 
4.645696223 
4.800552517 
4.955408812 
5.110265106 
5.265121400 
5.419977695 
5.574833989 
5.729690284 
5.884546578 
6.039402872 
6.194259167 
6.349115461 
6.503971756 
6.658828050 
6.813684344 
6.968540639 
7.123396933 
7.278253227 
7.433109522 
7.587965816 
7.742822111 
7.897678405 
8.052534699 
8.207390994 
8.362247288 
8.517103583 
8.671959877 
8.826816171 
8.981672466 
9.136528760 
9.291385055 
9.446241349 
9.601097643 
9.755953938 
9.910810232 
10.065666527 
10.220522821 
10.375379115 
10.530235410 
10.685091704 
10.839947999 
10.994804293 
11.149660587 
11.304516882 
11.459373176 
11.614229470 
11.769085765 
11.923942059 
12.078798354 
12.233654648 
12.388510942 
12.543367237 
12.698223531 
12.853079826 
13.007936120 
13.162792414 
13.317648709 
13.472505003 
13.627361298 
13.782217592 
13.937073886 
14.091930181 
14.246786475 
14.401642770 
14.556499064 
14.711355358 
14.866211653 
15.021067947 
15.175924242 
15.330780536 
15.485636830 
15.640493125 
15.795349419 
15.950205714 
16.105062008 
16.259918302 
16.414774597 
16.569630891 
16.724487185 
16.879343480 
17.034199774 
17.189056069 
17.343912363 
17.498768657 
17.653624952 
17.808481246 
17.963337541 
18.118193835 
18.273050129 
18.427906424 
18.582762718 
18.737619013 
18.892475307 
19.047331601 
19.202187896 
19.357044190 
19.511900485 
19.666756779 
19.821613073 
19.976469368 
20.131325662 
20.286181957 
20.441038251 
20.595894545 
20.750750840 
20.905607134 
21.060463428 
21.215319723 
21.370176017 
21.525032312 
21.679888606 
21.834744900 
21.989601195 
22.144457489 
22.299313784 
22.454170078 
22.609026372 
22.763882667 
22.918738961 
23.073595256 
23.228451550 
23.383307844 
23.538164139 
23.693020433 
23.847876728 
24.002733022 
24.157589316 
24.312445611 
24.467301905 
24.622158200 
24.777014494 
24.931870788 
25.086727083 
25.241583377 
25.396439672 
25.551295966 
25.706152260 
25.861008555 
26.015864849 
26.170721143 
26.325577438 
26.480433732 
26.635290027 
26.790146321 
26.945002615 
27.099858910 
27.254715204 
27.409571499 
27.564427793 
27.719284087 
27.874140382 
28.028996676 
28.183852971 
28.338709265 
28.493565559 
28.648421854 
28.803278148 
28.958134443 
29.112990737 
29.267847031 
29.422703326 
29.577559620 
29.732415915 
29.887272209 
30.042128503 
30.196984798 
30.351841092 
30.506697387 
30.661553681 
30.816409975 
30.971266270 
31.126122564 
31.280978858 
31.435835153 
31.590691447 
31.745547742 
31.900404036 
32.055260330 
32.210116625 
32.364972919 
32.519829214 
32.674685508 
32.829541802 
32.984398097 
33.139254391 
33.294110686 
33.448966980 
33.603823274 
33.758679569 
33.913535863 
34.068392158 
34.223248452 
34.378104746 
34.532961041 
34.687817335 
34.842673630 
34.997529924 
35.152386218 
35.307242513 
35.462098807 
35.616955101 
35.771811396 
35.926667690 
36.081523985 
36.236380279 
36.391236573 
36.546092868 
36.700949162 
36.855805457 
37.010661751 
37.165518045 
37.320374340 
37.475230634 
37.630086929 
37.784943223 
37.939799517 
38.094655812 
38.249512106 
38.404368401 
38.559224695 
38.714080989 
38.868937284 
39.023793578 
39.178649873 
39.333506167 
39.488362461 
39.643218756 
39.798075050 
39.952931345 
40.107787639 
40.262643933 
40.417500228 
40.572356522 
40.727212816 
40.882069111 
41.036925405 
41.191781700 
41.346637994 
41.501494288 
41.656350583 
41.811206877 
41.966063172 
42.120919466 
42.275775760 
42.430632055 
42.585488349 
42.740344644 
42.895200938 
43.050057232 
43.204913527 
43.359769821 
43.514626116 
43.669482410 
43.824338704 
43.979194999 
44.134051293 
44.288907588 
44.443763882 
44.598620176 
44.753476471 
44.908332765 
45.063189059 
45.218045354 
45.372901648 
45.527757943 
45.682614237 
45.837470531 
45.992326826 
46.147183120 
46.302039415 
46.456895709 
46.611752003 
46.766608298 
46.921464592 
47.076320887 
47.231177181 
47.386033475 
47.540889770 
47.695746064 
47.850602359 
48.005458653 
48.160314947 
48.315171242 
48.470027536 
48.624883831 
48.779740125 
48.934596419 
49.089452714 
49.244309008 
49.399165303 
49.554021597 
49.708877891 
49.863734186 
50.018590480 
50.173446774 
50.328303069 
50.483159363 
50.638015658 
50.792871952 
50.947728246 
51.102584541 
51.257440835 
51.412297130 
51.567153424 
51.722009718 
51.876866013 
52.031722307 
52.186578602 
52.341434896 
52.496291190 
52.651147485 
52.806003779 
52.960860074 
53.115716368 
53.270572662 
53.425428957 
53.580285251 
53.735141546 
53.889997840 
54.044854134 
54.199710429 
54.354566723 
54.509423018 
54.664279312 
54.819135606 
54.973991901 
55.128848195 
55.283704489 
55.438560784 
55.593417078 
55.748273373 
55.903129667 
56.057985961 
56.212842256 
56.367698550 
56.522554845 
56.677411139 
56.832267433 
56.987123728 
57.141980022 
57.296836317 
57.451692611 
57.606548905 
57.761405200 
57.916261494 
58.071117789 
58.225974083 
58.380830377 
58.535686672 
58.690542966 
58.845399261 
59.000255555 
59.155111849 
59.309968144 
59.464824438 
59.619680732 
59.774537027 
59.929393321 
60.084249616 
60.239105910 
60.393962204 
60.548818499 
60.703674793 
60.858531088 
61.013387382 
61.168243676 
61.323099971 
61.477956265 
61.632812560 
61.787668854 
61.942525148 
62.097381443 
62.252237737 
62.407094032 
62.561950326 
62.716806620 
62.871662915 
63.026519209 
63.181375504 
63.336231798 
63.491088092 
63.645944387 
63.800800681 
63.955656976 
64.110513270 
64.265369564 
64.420225859 
64.575082153 
64.729938447 
64.884794742 
65.039651036 
65.194507331 
65.349363625 
65.504219919 
65.659076214 
65.813932508 
65.968788803 
66.123645097 
66.278501391 
66.433357686 
66.588213980 
66.743070275 
66.897926569 
67.052782863 
67.207639158 
67.362495452 
67.517351747 
67.672208041 
67.827064335 
67.981920630 
68.136776924 
68.291633219 
68.446489513 
68.601345807 
68.756202102 
68.911058396 
69.065914690 
69.220770985 
69.375627279 
69.530483574 
69.685339868 
69.840196162 
69.995052457 
70.149908751 
70.304765046 
70.459621340 
70.614477634 
70.769333929 
70.924190223 
71.079046518 
71.233902812 
71.388759106 
71.543615401 
71.698471695 
71.853327990 
72.008184284 
72.163040578 
72.317896873 
72.472753167 
72.627609462 
72.782465756 
72.937322050 
73.092178345 
73.247034639 
73.401890934 
73.556747228 
73.711603522 
73.866459817 
74.021316111 
74.176172405 
74.331028700 
74.485884994 
74.640741289 
74.795597583 
74.950453877 
75.105310172 
75.260166466 
75.415022761 
75.569879055 
75.724735349 
75.879591644 
76.034447938 
76.189304233 
76.344160527 
76.499016821 
76.653873116 
76.808729410 
76.963585705 
77.118441999 
77.273298293 
77.428154588 
77.583010882 
77.737867177 
77.892723471 
78.047579765 
78.202436060 
78.357292354 
78.512148649 
78.667004943 
78.821861237 
78.976717532 
79.131573826 
79.286430120 
79.441286415 
79.596142709 
79.750999004 
79.905855298 
80.060711592 
80.215567887 
80.370424181 
80.525280476 
80.680136770 
80.834993064 
80.989849359 
81.144705653 
81.299561948 
81.454418242 
81.609274536 
81.764130831 
81.918987125 
82.073843420 
82.228699714 
82.383556008 
82.538412303 
82.693268597 
82.848124892 
83.002981186 
83.157837480 
83.312693775 
83.467550069 
83.622406363 
83.777262658 
83.932118952 
84.086975247 
84.241831541 
84.396687835 
84.551544130 
84.706400424 
84.861256719 
85.016113013 
85.170969307 
85.325825602 
85.480681896 
85.635538191 
85.790394485 
85.945250779 
86.100107074 
86.254963368 
86.409819663 
86.564675957 
86.719532251 
86.874388546 
87.029244840 
87.184101135 
87.338957429 
87.493813723 
87.648670018 
87.803526312 
87.958382607 
88.113238901 
88.268095195 
88.422951490 
88.577807784 
88.732664078 
88.887520373 
89.042376667 
89.197232962 
89.352089256 
89.506945550 
89.661801845 
89.816658139 
89.971514434 
90.126370728 
90.281227022 
90.436083317 
90.590939611 
90.745795906 
90.900652200 
91.055508494 
91.210364789 
91.365221083 
91.520077378 
91.674933672 
91.829789966 
91.984646261 
92.139502555 
92.294358850 
92.449215144 
92.604071438 
92.758927733 
92.913784027 
93.068640321 
93.223496616 
93.378352910 
93.533209205 
93.688065499 
93.842921793 
93.997778088 
94.152634382 
94.307490677 
94.462346971 
94.617203265 
94.772059560 
94.926915854 
95.081772149 
95.236628443 
95.391484737 
95.546341032 
95.701197326 
95.856053621 
96.010909915 
96.165766209 
96.320622504 
96.475478798 
96.630335093 
96.785191387 
96.940047681 
97.094903976 
97.249760270 
97.404616565 
97.559472859 
97.714329153 
97.869185448 
98.024041742 
98.178898036 
98.333754331 
98.488610625 
98.643466920 
98.798323214 
98.953179508 
99.108035803 
99.262892097 
99.417748392 
99.572604686 
99.727460980 
99.882317275 
100.037173569 
100.192029864 
100.346886158 
100.501742452 
100.656598747 
100.811455041 
100.966311336 
101.121167630 
101.276023924 
101.430880219 
101.585736513 
101.740592808 
101.895449102 
102.050305396 
102.205161691 
102.360017985 
102.514874279 
102.669730574 
102.824586868 
102.979443163 
103.134299457 
103.289155751 
103.444012046 
103.598868340 
103.753724635 
103.908580929 
104.063437223 
104.218293518 
104.373149812 
104.528006107 
104.682862401 
104.837718695 
104.992574990 
105.147431284 
105.302287579 
105.457143873 
105.612000167 
105.766856462 
105.921712756 
106.076569051 
106.231425345 
106.386281639 
106.541137934 
106.695994228 
106.850850523 
107.005706817 
107.160563111 
107.315419406 
107.470275700 
107.625131994 
107.779988289 
107.934844583 
108.089700878 
108.244557172 
108.399413466 
108.554269761 
108.709126055 
108.863982350 
109.018838644 
109.173694938 
109.328551233 
109.483407527 
109.638263822 
109.793120116 
109.947976410 
110.102832705 
110.257688999 
110.412545294 
110.567401588 
110.722257882 
110.877114177 
111.031970471 
111.186826766 
111.341683060 
111.496539354 
111.651395649 
111.806251943 
111.961108238 
112.115964532 
112.270820826 
112.425677121 
112.580533415 
112.735389709 
112.890246004 
113.045102298 
113.199958593 
113.354814887 
113.509671181 
113.664527476 
113.819383770 
113.974240065 
114.129096359 
114.283952653 
114.438808948 
114.593665242 
114.748521537 
114.903377831 
115.058234125 
115.213090420 
115.367946714 
115.522803009 
115.677659303 
115.832515597 
115.987371892 
116.142228186 
116.297084481 
116.451940775 
116.606797069 
116.761653364 
116.916509658 
117.071365952 
117.226222247 
117.381078541 
117.535934836 
117.690791130 
117.845647424 
118.000503719 
118.155360013 
118.310216308 
118.465072602 
118.619928896 
118.774785191 
118.929641485 
119.084497780 
119.239354074 
119.394210368 
119.549066663 
119.703922957 
119.858779252 
120.013635546 
120.168491840 
120.323348135 
120.478204429 
120.633060724 
120.787917018 
120.942773312 
121.097629607 
121.252485901 
121.407342196 
121.562198490 
121.717054784 
121.871911079 
122.026767373 
122.181623667 
122.336479962 
122.491336256 
122.646192551 
122.801048845 
122.955905139 
123.110761434 
123.265617728 
123.420474023 
123.575330317 
123.730186611 
123.885042906 
124.039899200 
124.194755495 
124.349611789 
124.504468083 
124.659324378 
124.814180672 
124.969036967 
125.123893261 
125.278749555 
125.433605850 
125.588462144 
125.743318439 
125.898174733 
126.053031027 
126.207887322 
126.362743616 
126.517599910 
126.672456205 
126.827312499 
126.982168794 
127.137025088 
127.291881382 
127.446737677 
127.601593971 
127.756450266 
127.911306560 
128.066162854 
128.221019149 
128.375875443 
128.530731738 
128.685588032 
128.840444326 
128.995300621 
129.150156915 
129.305013210 
129.459869504 
129.614725798 
129.769582093 
129.924438387 
130.079294682 
130.234150976 
130.389007270 
130.543863565 
130.698719859 
130.853576154 
131.008432448 
131.163288742 
131.318145037 
131.473001331 
131.627857625 
131.782713920 
131.937570214 
132.092426509 
132.247282803 
132.402139097 
132.556995392 
132.711851686 
132.866707981 
133.021564275 
133.176420569 
133.331276864 
133.486133158 
133.640989453 
133.795845747 
133.950702041 
134.105558336 
134.260414630 
134.415270925 
134.570127219 
134.724983513 
134.879839808 
135.034696102 
135.189552397 
135.344408691 
135.499264985 
135.654121280 
135.808977574 
135.963833869 
136.118690163 
136.273546457 
136.428402752 
136.583259046 
136.738115340 
136.892971635 
137.047827929 
137.202684224 
137.357540518 
137.512396812 
137.667253107 
137.822109401 
137.976965696 
138.131821990 
138.286678284 
138.441534579 
138.596390873 
138.751247168 
138.906103462 
139.060959756 
139.215816051 
139.370672345 
139.525528640 
139.680384934 
139.835241228 
139.990097523 
140.144953817 
140.299810112 
140.454666406 
140.609522700 
140.764378995 
140.919235289 
141.074091583 
141.228947878 
141.383804172 
141.538660467 
141.693516761 
141.848373055 
142.003229350 
142.158085644 
142.312941939 
142.467798233 
142.622654527 
142.777510822 
142.932367116 
143.087223411 
143.242079705 
143.396935999 
143.551792294 
143.706648588 
143.861504883 
144.016361177 
144.171217471 
144.326073766 
144.480930060 
144.635786355 
144.790642649 
144.945498943 
145.100355238 
145.255211532 
145.410067827 
145.564924121 
145.719780415 
145.874636710 
146.029493004 
146.184349298 
146.339205593 
146.494061887 
146.648918182 
146.803774476 
146.958630770 
147.113487065 
147.268343359 
147.423199654 
147.578055948 
147.732912242 
147.887768537 
148.042624831 
148.197481126 
148.352337420 
148.507193714 
148.662050009 
148.816906303 
148.971762598 
149.126618892 
149.281475186 
149.436331481 
149.591187775 
149.746044070 
149.900900364 
150.055756658 
150.210612953 
150.365469247 
150.520325541 
150.675181836 
150.830038130 
150.984894425 
151.139750719 
151.294607013 
151.449463308 
151.604319602 
151.759175897 
151.914032191 
152.068888485 
152.223744780 
152.378601074 
152.533457369 
152.688313663 
152.843169957 
152.998026252 
153.152882546 
153.307738841 
153.462595135 
153.617451429 
153.772307724 
153.927164018 
154.082020313 
154.236876607 
154.391732901 
154.546589196 
154.701445490 
154.856301785 
155.011158079 
155.166014373 
155.320870668 
155.475726962 
155.630583256 
155.785439551 
155.940295845 
156.095152140 
156.250008434 
156.404864728 
156.559721023 
156.714577317 
156.869433612 
157.024289906 
157.179146200 
157.334002495 
157.488858789 
157.643715084 
157.798571378 
157.953427672 
158.108283967 
158.263140261 
158.417996556 
158.572852850 
158.727709144 
158.882565439 
159.037421733 
159.192278028 
159.347134322 
159.501990616 
159.656846911 
159.811703205 
159.966559500 
160.121415794 
160.276272088 
160.431128383 
160.585984677 
160.740840971 
160.895697266 
161.050553560 
161.205409855 
161.360266149 
161.515122443 
161.669978738 
161.824835032 
161.979691327 
162.134547621 
162.289403915 
162.444260210 
162.599116504 
162.753972799 
162.908829093 
163.063685387 
163.218541682 
163.373397976 
163.528254271 
163.683110565 
163.837966859 
163.992823154 
164.147679448 
164.302535743 
164.457392037 
164.612248331 
164.767104626 
164.921960920 
165.076817214 
165.231673509 
165.386529803 
165.541386098 
165.696242392 
165.851098686 
166.005954981 
166.160811275 
166.315667570 
166.470523864 
166.625380158 
166.780236453 
166.935092747 
167.089949042 
167.244805336 
167.399661630 
167.554517925 
167.709374219 
167.864230514 
168.019086808 
168.173943102 
168.328799397 
168.483655691 
168.638511986 
168.793368280 
168.948224574 
169.103080869 
169.257937163 
169.412793458 
169.567649752 
169.722506046 
169.877362341 
170.032218635 
170.187074929 
170.341931224 
170.496787518 
170.651643813 
170.806500107 
170.961356401 
171.116212696 
171.271068990 
171.425925285 
171.580781579 
171.735637873 
171.890494168 
172.045350462 
172.200206757 
172.355063051 
172.509919345 
172.664775640 
172.819631934 
172.974488229 
173.129344523 
173.284200817 
173.439057112 
173.593913406 
173.748769701 
173.903625995 
174.058482289 
174.213338584 
174.368194878 
174.523051172 
174.677907467 
174.832763761 
174.987620056 
175.142476350 
175.297332644 
175.452188939 
175.607045233 
175.761901528 
175.916757822 
176.071614116 
176.226470411 
176.381326705 
176.536183000 
176.691039294 
176.845895588 
177.000751883 
177.155608177 
177.310464472 
177.465320766 
177.620177060 
177.775033355 
177.929889649 
178.084745944 
178.239602238 
178.394458532 
178.549314827 
178.704171121 
178.859027416 
179.013883710 
179.168740004 
179.323596299 
179.478452593 
179.633308887 
179.788165182 
179.943021476 
180.097877771 
180.252734065 
180.407590359 
180.562446654 
180.717302948 
180.872159243 
181.027015537 
181.181871831 
181.336728126 
181.491584420 
181.646440715 
181.801297009 
181.956153303 
182.111009598 
182.265865892 
182.420722187 
182.575578481 
182.730434775 
182.885291070 
183.040147364 
183.195003659 
183.349859953 
183.504716247 
183.659572542 
183.814428836 
183.969285131 
184.124141425 
184.278997719 
184.433854014 
184.588710308 
184.743566602 
184.898422897 
185.053279191 
185.208135486 
185.362991780 
185.517848074 
185.672704369 
185.827560663 
185.982416958 
186.137273252 
186.292129546 
186.446985841 
186.601842135 
186.756698430 
186.911554724 
187.066411018 
187.221267313 
187.376123607 
187.530979902 
187.685836196 
187.840692490 
187.995548785 
188.150405079 
188.305261374 
188.460117668 
188.614973962 
188.769830257 
188.924686551 
189.079542845 
189.234399140 
189.389255434 
189.544111729 
189.698968023 
189.853824317 
190.008680612 
190.163536906 
190.318393201 
190.473249495 
190.628105789 
190.782962084 
190.937818378 
191.092674673 
191.247530967 
191.402387261 
191.557243556 
191.712099850 
191.866956145 
192.021812439 
192.176668733 
192.331525028 
192.486381322 
192.641237617 
192.796093911 
192.950950205 
193.105806500 
193.260662794 
193.415519089 
193.570375383 
193.725231677 
193.880087972 
194.034944266 
194.189800560 
194.344656855 
194.499513149 
194.654369444 
194.809225738 
194.964082032 
195.118938327 
195.273794621 
195.428650916 
195.583507210 
195.738363504 
195.893219799 
196.048076093 
196.202932388 
196.357788682 
196.512644976 
196.667501271 
196.822357565 
196.977213860 
197.132070154 
197.286926448 
197.441782743 
197.596639037 
197.751495332 
197.906351626 
198.061207920 
198.216064215 
198.370920509 
198.525776803 
198.680633098 
198.835489392 
198.990345687 
199.145201981 
199.300058275 
199.454914570 
199.609770864 
199.764627159 
199.919483453 
200.074339747 
200.229196042 
200.384052336 
200.538908631 
200.693764925 
200.848621219 
201.003477514 
201.158333808 
201.313190103 
201.468046397 
201.622902691 
201.777758986 
201.932615280 
202.087471575 
202.242327869 
202.397184163 
202.552040458 
202.706896752 
202.861753047 
203.016609341 
203.171465635 
203.326321930 
203.481178224 
203.636034518 
203.790890813 
203.945747107 
204.100603402 
204.255459696 
204.410315990 
204.565172285 
204.720028579 
204.874884874 
205.029741168 
205.184597462 
205.339453757 
205.494310051 
205.649166346 
205.804022640 
205.958878934 
206.113735229 
206.268591523 
206.423447818 
206.578304112 
206.733160406 
206.888016701 
207.042872995 
207.197729290 
207.352585584 
207.507441878 
207.662298173 
207.817154467 
207.972010761 
208.126867056 
208.281723350 
208.436579645 
208.591435939 
208.746292233 
208.901148528 
209.056004822 
209.210861117 
209.365717411 
209.520573705 
209.675430000 
209.830286294 
209.985142589 
210.139998883 
210.294855177 
210.449711472 
210.604567766 
210.759424061 
210.914280355 
211.069136649 
211.223992944 
211.378849238 
211.533705533 
211.688561827 
211.843418121 
211.998274416 
212.153130710 
212.307987005 
212.462843299 
212.617699593 
212.772555888 
212.927412182 
213.082268476 
213.237124771 
213.391981065 
213.546837360 
213.701693654 
213.856549948 
214.011406243 
214.166262537 
214.321118832 
214.475975126 
214.630831420 
214.785687715 
214.940544009 
215.095400304 
215.250256598 
215.405112892 
215.559969187 
215.714825481 
215.869681776 
216.024538070 
216.179394364 
216.334250659 
216.489106953 
216.643963248 
216.798819542 
216.953675836 
217.108532131 
217.263388425 
217.418244720 
217.573101014 
217.727957308 
217.882813603 
218.037669897 
218.192526191 
218.347382486 
218.502238780 
218.657095075 
218.811951369 
218.966807663 
219.121663958 
219.276520252 
219.431376547 
219.586232841 
219.741089135 
219.895945430 
220.050801724 
220.205658019 
220.360514313 
220.515370607 
220.670226902 
220.825083196 
220.979939491 
221.134795785 
221.289652079 
221.444508374 
221.599364668 
221.754220963 
221.909077257 
222.063933551 
222.218789846 
222.373646140 
222.528502434 
222.683358729 
222.838215023 
222.993071318 
223.147927612 
223.302783906 
223.457640201 
223.612496495 
223.767352790 
223.922209084 
224.077065378 
224.231921673 
224.386777967 
224.541634262 
224.696490556 
224.851346850 
225.006203145 
225.161059439 
225.315915734 
225.470772028 
225.625628322 
225.780484617 
225.935340911 
226.090197206 
226.245053500 
226.399909794 
226.554766089 
226.709622383 
226.864478678 
227.019334972 
227.174191266 
227.329047561 
227.483903855 
227.638760149 
227.793616444 
227.948472738 
228.103329033 
228.258185327 
228.413041621 
228.567897916 
228.722754210 
228.877610505 
229.032466799 
229.187323093 
229.342179388 
229.497035682 
229.651891977 
229.806748271 
229.961604565 
230.116460860 
230.271317154 
230.426173449 
230.581029743 
230.735886037 
230.890742332 
231.045598626 
231.200454921 
231.355311215 
231.510167509 
231.665023804 
231.819880098 
231.974736392 
232.129592687 
232.284448981 
232.439305276 
232.594161570 
232.749017864 
232.903874159 
233.058730453 
233.213586748 
233.368443042 
233.523299336 
233.678155631 
233.833011925 
233.987868220 
234.142724514 
234.297580808 
234.452437103 
234.607293397 
234.762149692 
234.917005986 
235.071862280 
235.226718575 
235.381574869 
235.536431164 
235.691287458 
235.846143752 
236.001000047 
236.155856341 
236.310712636 
236.465568930 
236.620425224 
236.775281519 
236.930137813 
237.084994107 
237.239850402 
237.394706696 
237.549562991 
237.704419285 
237.859275579 
238.014131874 
238.168988168 
238.323844463 
238.478700757 
238.633557051 
238.788413346 
238.943269640 
239.098125935 
239.252982229 
239.407838523 
239.562694818 
239.717551112 
239.872407407 
240.027263701 
240.182119995 
240.336976290 
240.491832584 
240.646688879 
240.801545173 
240.956401467 
241.111257762 
241.266114056 
241.420970351 
241.575826645 
241.730682939 
241.885539234 
242.040395528 
242.195251822 
242.350108117 
242.504964411 
242.659820706 
242.814677000 
242.969533294 
243.124389589 
243.279245883 
243.434102178 
243.588958472 
243.743814766 
243.898671061 
244.053527355 
244.208383650 
244.363239944 
244.518096238 
244.672952533 
244.827808827 
244.982665122 
245.137521416 
245.292377710 
245.447234005 
245.602090299 
245.756946594 
245.911802888 
246.066659182 
246.221515477 
246.376371771 
246.531228065 
246.686084360 
246.840940654 
246.995796949 
247.150653243 
247.305509537 
247.460365832 
247.615222126 
247.770078421 
247.924934715 
248.079791009 
248.234647304 
248.389503598 
248.544359893 
248.699216187 
248.854072481 
249.008928776 
249.163785070 
249.318641365 
249.473497659 
249.628353953 
249.783210248 
249.938066542 
250.092922837 
250.247779131 
250.402635425 
250.557491720 
250.712348014 
250.867204309 
251.022060603 
251.176916897 
251.331773192 
251.486629486 
251.641485780 
251.796342075 
251.951198369 
252.106054664 
252.260910958 
252.415767252 
252.570623547 
252.725479841 
252.880336136 
253.035192430 
253.190048724 
253.344905019 
253.499761313 
253.654617608 
253.809473902 
253.964330196 
254.119186491 
254.274042785 
254.428899080 
254.583755374 
254.738611668 
254.893467963 
255.048324257 
255.203180552 
255.358036846 
255.512893140 
255.667749435 
255.822605729 
255.977462023 
256.132318318 
256.287174612 
256.442030907 
256.596887201 
256.751743495 
256.906599790 
257.061456084 
257.216312379 
257.371168673 
257.526024967 
257.680881262 
257.835737556 
257.990593851 
258.145450145 
258.300306439 
258.455162734 
258.610019028 
258.764875323 
258.919731617 
259.074587911 
259.229444206 
259.384300500 
259.539156795 
259.694013089 
259.848869383 
260.003725678 
260.158581972 
260.313438267 
260.468294561 
260.623150855 
260.778007150 
260.932863444 
261.087719738 
261.242576033 
261.397432327 
261.552288622 
261.707144916 
261.862001210 
262.016857505 
262.171713799 
262.326570094 
262.481426388 
262.636282682 
262.791138977 
262.945995271 
263.100851566 
263.255707860 
263.410564154 
263.565420449 
263.720276743 
263.875133038 
264.029989332 
264.184845626 
264.339701921 
264.494558215 
264.649414510 
264.804270804 
264.959127098 
265.113983393 
265.268839687 
265.423695982 
265.578552276 
265.733408570 
265.888264865 
266.043121159 
266.197977453 
266.352833748 
266.507690042 
266.662546337 
266.817402631 
266.972258925 
267.127115220 
267.281971514 
267.436827809 
267.591684103 
267.746540397 
267.901396692 
268.056252986 
268.211109281 
268.365965575 
268.520821869 
268.675678164 
268.830534458 
268.985390753 
269.140247047 
269.295103341 
269.449959636 
269.604815930 
269.759672225 
269.914528519 
270.069384813 
270.224241108 
270.379097402 
270.533953696 
270.688809991 
270.843666285 
270.998522580 
271.153378874 
271.308235168 
271.463091463 
271.617947757 
271.772804052 
271.927660346 
272.082516640 
272.237372935 
272.392229229 
272.547085524 
272.701941818 
272.856798112 
273.011654407 
273.166510701 
273.321366996 
273.476223290 
273.631079584 
273.785935879 
273.940792173 
274.095648468 
274.250504762 
274.405361056 
274.560217351 
274.715073645 
274.869929940 
275.024786234 
275.179642528 
275.334498823 
275.489355117 
275.644211411 
275.799067706 
275.953924000 
276.108780295 
276.263636589 
276.418492883 
276.573349178 
276.728205472 
276.883061767 
277.037918061 
277.192774355 
277.347630650 
277.502486944 
277.657343239 
277.812199533 
277.967055827 
278.121912122 
278.276768416 
278.431624711 
278.586481005 
278.741337299 
278.896193594 
279.051049888 
279.205906183 
279.360762477 
279.515618771 
279.670475066 
279.825331360 
279.980187654 
280.135043949 
280.289900243 
280.444756538 
280.599612832 
280.754469126 
280.909325421 
281.064181715 
281.219038010 
281.373894304 
281.528750598 
281.683606893 
281.838463187 
281.993319482 
282.148175776 
282.303032070 
282.457888365 
282.612744659 
282.767600954 
282.922457248 
283.077313542 
283.232169837 
283.387026131 
283.541882426 
283.696738720 
283.851595014 
284.006451309 
284.161307603 
284.316163898 
284.471020192 
284.625876486 
284.780732781 
284.935589075 
285.090445369 
285.245301664 
285.400157958 
285.555014253 
285.709870547 
285.864726841 
286.019583136 
286.174439430 
286.329295725 
286.484152019 
286.639008313 
286.793864608 
286.948720902 
287.103577197 
287.258433491 
287.413289785 
287.568146080 
287.723002374 
287.877858669 
288.032714963 
288.187571257 
288.342427552 
288.497283846 
288.652140141 
288.806996435 
288.961852729 
289.116709024 
289.271565318 
289.426421613 
289.581277907 
289.736134201 
289.890990496 
290.045846790 
290.200703084 
290.355559379 
290.510415673 
290.665271968 
290.820128262 
290.974984556 
291.129840851 
291.284697145 
291.439553440 
291.594409734 
291.749266028 
291.904122323 
292.058978617 
292.213834912 
292.368691206 
292.523547500 
292.678403795 
292.833260089 
292.988116384 
293.142972678 
293.297828972 
293.452685267 
293.607541561 
293.762397856 
293.917254150 
294.072110444 
294.226966739 
294.381823033 
294.536679327 
294.691535622 
294.846391916 
295.001248211 
295.156104505 
295.310960799 
295.465817094 
295.620673388 
295.775529683 
295.930385977 
296.085242271 
296.240098566 
296.394954860 
296.549811155 
296.704667449 
296.859523743 
297.014380038 
297.169236332 
297.324092627 
297.478948921 
297.633805215 
297.788661510 
297.943517804 
298.098374099 
298.253230393 
298.408086687 
298.562942982 
298.717799276 
298.872655571 
299.027511865 
299.182368159 
299.337224454 
299.492080748 
299.646937042 
299.801793337 
299.956649631 
300.111505926 
300.266362220 
300.421218514 
300.576074809 
300.730931103 
300.885787398 
301.040643692 
301.195499986 
301.350356281 
301.505212575 
301.660068870 
301.814925164 
301.969781458 
302.124637753 
302.279494047 
302.434350342 
302.589206636 
302.744062930 
302.898919225 
303.053775519 
303.208631814 
303.363488108 
303.518344402 
303.673200697 
303.828056991 
303.982913285 
304.137769580 
304.292625874 
304.447482169 
304.602338463 
304.757194757 
304.912051052 
305.066907346 
305.221763641 
305.376619935 
305.531476229 
305.686332524 
305.841188818 
305.996045113 
306.150901407 
306.305757701 
306.460613996 
306.615470290 
306.770326585 
306.925182879 
307.080039173 
307.234895468 
307.389751762 
307.544608057 
307.699464351 
307.854320645 
308.009176940 
308.164033234 
308.318889529 
308.473745823 
308.628602117 
308.783458412 
308.938314706 
309.093171000 
309.248027295 
309.402883589 
309.557739884 
309.712596178 
309.867452472 
310.022308767 
310.177165061 
310.332021356 
310.486877650 
310.641733944 
310.796590239 
310.951446533 
311.106302828 
311.261159122 
311.416015416 
311.570871711 
311.725728005 
311.880584300 
312.035440594 
312.190296888 
312.345153183 
312.500009477 
312.654865772 
312.809722066 
312.964578360 
313.119434655 
313.274290949 
313.429147243 
313.584003538 
313.738859832 
313.893716127 
314.048572421 
314.203428715 
314.358285010 
314.513141304 
314.667997599 
314.822853893 
314.977710187 
315.132566482 
315.287422776 
315.442279071 
315.597135365 
315.751991659 
315.906847954 
316.061704248 
316.216560543 
316.371416837 
316.526273131 
316.681129426 
316.835985720 
316.990842015 
317.145698309 
317.300554603 
317.455410898 
317.610267192 
317.765123487 
317.919979781 
318.074836075 
318.229692370 
318.384548664 
318.539404958 
318.694261253 
318.849117547 
319.003973842 
319.158830136 
319.313686430 
319.468542725 
319.623399019 
319.778255314 
319.933111608 
320.087967902 
320.242824197 
320.397680491 
320.552536786 
320.707393080 
320.862249374 
321.017105669 
321.171961963 
321.326818258 
321.481674552 
321.636530846 
321.791387141 
321.946243435 
322.101099730 
322.255956024 
322.410812318 
322.565668613 
322.720524907 
322.875381202 
323.030237496 
323.185093790 
323.339950085 
323.494806379 
323.649662673 
323.804518968 
323.959375262 
324.114231557 
324.269087851 
324.423944145 
324.578800440 
324.733656734 
324.888513029 
325.043369323 
325.198225617 
325.353081912 
325.507938206 
325.662794501 
325.817650795 
325.972507089 
326.127363384 
326.282219678 
326.437075973 
326.591932267 
326.746788561 
326.901644856 
327.056501150 
327.211357445 
327.366213739 
327.521070033 
327.675926328 
327.830782622 
327.985638916 
328.140495211 
328.295351505 
328.450207800 
328.605064094 
328.759920388 
328.914776683 
329.069632977 
329.224489272 
329.379345566 
329.534201860 
329.689058155 
329.843914449 
329.998770744 
330.153627038 
330.308483332 
330.463339627 
330.618195921 
330.773052216 
330.927908510 
331.082764804 
331.237621099 
331.392477393 
331.547333688 
331.702189982 
331.857046276 
332.011902571 
332.166758865 
332.321615160 
332.476471454 
332.631327748 
332.786184043 
332.941040337 
333.095896631 
333.250752926 
333.405609220 
333.560465515 
333.715321809 
333.870178103 
334.025034398 
334.179890692 
334.334746987 
334.489603281 
334.644459575 
334.799315870 
334.954172164 
335.109028459 
335.263884753 
335.418741047 
335.573597342 
335.728453636 
335.883309931 
336.038166225 
336.193022519 
336.347878814 
336.502735108 
336.657591403 
336.812447697 
336.967303991 
337.122160286 
337.277016580 
337.431872874 
337.586729169 
337.741585463 
337.896441758 
338.051298052 
338.206154346 
338.361010641 
338.515866935 
338.670723230 
338.825579524 
338.980435818 
339.135292113 
339.290148407 
339.445004702 
339.599860996 
339.754717290 
339.909573585 
340.064429879 
340.219286174 
340.374142468 
340.528998762 
340.683855057 
340.838711351 
340.993567646 
341.148423940 
341.303280234 
341.458136529 
341.612992823 
341.767849118 
341.922705412 
342.077561706 
342.232418001 
342.387274295 
342.542130589 
342.696986884 
342.851843178 
343.006699473 
343.161555767 
343.316412061 
343.471268356 
343.626124650 
343.780980945 
343.935837239 
344.090693533 
344.245549828 
344.400406122 
344.555262417 
344.710118711 
344.864975005 
345.019831300 
345.174687594 
345.329543889 
345.484400183 
345.639256477 
345.794112772 
345.948969066 
346.103825361 
346.258681655 
346.413537949 
346.568394244 
346.723250538 
346.878106833 
347.032963127 
347.187819421 
347.342675716 
347.497532010 
347.652388304 
347.807244599 
347.962100893 
348.116957188 
348.271813482 
348.426669776 
348.581526071 
348.736382365 
348.891238660 
349.046094954 
349.200951248 
349.355807543 
349.510663837 
349.665520132 
349.820376426 
349.975232720 
350.130089015 
350.284945309 
350.439801604 
350.594657898 
350.749514192 
350.904370487 
351.059226781 
351.214083076 
351.368939370 
351.523795664 
351.678651959 
351.833508253 
351.988364547 
352.143220842 
352.298077136 
352.452933431 
352.607789725 
352.762646019 
352.917502314 
353.072358608 
353.227214903 
353.382071197 
353.536927491 
353.691783786 
353.846640080 
354.001496375 
354.156352669 
354.311208963 
354.466065258 
354.620921552 
354.775777847 
354.930634141 
355.085490435 
355.240346730 
355.395203024 
355.550059319 
355.704915613 
355.859771907 
356.014628202 
356.169484496 
356.324340791 
356.479197085 
356.634053379 
356.788909674 
356.943765968 
357.098622262 
357.253478557 
357.408334851 
357.563191146 
357.718047440 
357.872903734 
358.027760029 
358.182616323 
358.337472618 
358.492328912 
358.647185206 
358.802041501 
358.956897795 
359.111754090 
359.266610384 
359.421466678 
359.576322973 
359.731179267 
359.886035562 
360.040891856 
360.195748150 
360.350604445 
360.505460739 
360.660317034 
360.815173328 
360.970029622 
361.124885917 
361.279742211 
361.434598505 
361.589454800 
361.744311094 
361.899167389 
362.054023683 
362.208879977 
362.363736272 
362.518592566 
362.673448861 
362.828305155 
362.983161449 
363.138017744 
363.292874038 
363.447730333 
363.602586627 
363.757442921 
363.912299216 
364.067155510 
364.222011805 
364.376868099 
364.531724393 
364.686580688 
364.841436982 
364.996293277 
365.151149571 
365.306005865 
365.460862160 
365.615718454 
365.770574749 
365.925431043 
366.080287337 
366.235143632 
366.389999926 
366.544856220 
366.699712515 
366.854568809 
367.009425104 
367.164281398 
367.319137692 
367.473993987 
367.628850281 
367.783706576 
367.938562870 
368.093419164 
368.248275459 
368.403131753 
368.557988048 
368.712844342 
368.867700636 
369.022556931 
369.177413225 
369.332269520 
369.487125814 
369.641982108 
369.796838403 
369.951694697 
370.106550992 
370.261407286 
370.416263580 
370.571119875 
370.725976169 
370.880832464 
371.035688758 
371.190545052 
371.345401347 
371.500257641 
371.655113935 
371.809970230 
371.964826524 
372.119682819 
372.274539113 
372.429395407 
372.584251702 
372.739107996 
372.893964291 
373.048820585 
373.203676879 
373.358533174 
373.513389468 
373.668245763 
373.823102057 
373.977958351 
374.132814646 
374.287670940 
374.442527235 
374.597383529 
374.752239823 
374.907096118 
375.061952412 
375.216808707 
375.371665001 
375.526521295 
375.681377590 
375.836233884 
375.991090178 
376.145946473 
376.300802767 
376.455659062 
376.610515356 
376.765371650 
376.920227945 
377.075084239 
377.229940534 
377.384796828 
377.539653122 
377.694509417 
377.849365711 
378.004222006 
378.159078300 
378.313934594 
378.468790889 
378.623647183 
378.778503478 
378.933359772 
379.088216066 
379.243072361 
379.397928655 
379.552784950 
379.707641244 
379.862497538 
380.017353833 
380.172210127 
380.327066422 
380.481922716 
380.636779010 
380.791635305 
380.946491599 
381.101347893 
381.256204188 
381.411060482 
381.565916777 
381.720773071 
381.875629365 
382.030485660 
382.185341954 
382.340198249 
382.495054543 
382.649910837 
382.804767132 
382.959623426 
383.114479721 
383.269336015 
383.424192309 
383.579048604 
383.733904898 
383.888761193 
384.043617487 
384.198473781 
384.353330076 
384.508186370 
384.663042665 
384.817898959 
384.972755253 
385.127611548 
385.282467842 
385.437324136 
385.592180431 
385.747036725 
385.901893020 
386.056749314 
386.211605608 
386.366461903 
386.521318197 
386.676174492 
386.831030786 
386.985887080 
387.140743375 
387.295599669 
387.450455964 
387.605312258 
387.760168552 
387.915024847 
388.069881141 
388.224737436 
388.379593730 
388.534450024 
388.689306319 
388.844162613 
388.999018908 
389.153875202 
389.308731496 
389.463587791 
389.618444085 
389.773300380 
389.928156674 
390.083012968 
390.237869263 
390.392725557 
390.547581851 
390.702438146 
390.857294440 
391.012150735 
391.167007029 
391.321863323 
391.476719618 
391.631575912 
391.786432207 
391.941288501 
392.096144795 
392.251001090 
392.405857384 
392.560713679 
392.715569973 
392.870426267 
393.025282562 
393.180138856 
393.334995151 
393.489851445 
393.644707739 
393.799564034 
393.954420328 
394.109276623 
394.264132917 
394.418989211 
394.573845506 
394.728701800 
394.883558095 
395.038414389 
395.193270683 
395.348126978 
395.502983272 
395.657839566 
395.812695861 
395.967552155 
396.122408450 
396.277264744 
396.432121038 
396.586977333 
396.741833627 
396.896689922 
397.051546216 
397.206402510 
397.361258805 
397.516115099 
397.670971394 
397.825827688 
397.980683982 
398.135540277 
398.290396571 
398.445252866 
398.600109160 
398.754965454 
398.909821749 
399.064678043 
399.219534338 
399.374390632 
399.529246926 
399.684103221 
399.838959515 
399.993815809 
400.148672104 
400.303528398 
400.458384693 
400.613240987 
400.768097281 
400.922953576 
401.077809870 
401.232666165 
401.387522459 
401.542378753 
401.697235048 
401.852091342 
402.006947637 
402.161803931 
402.316660225 
402.471516520 
402.626372814 
402.781229109 
402.936085403 
403.090941697 
403.245797992 
403.400654286 
403.555510581 
403.710366875 
403.865223169 
404.020079464 
404.174935758 
404.329792053 
404.484648347 
404.639504641 
404.794360936 
404.949217230 
405.104073524 
405.258929819 
405.413786113 
405.568642408 
405.723498702 
405.878354996 
406.033211291 
406.188067585 
406.342923880 
406.497780174 
406.652636468 
406.807492763 
406.962349057 
407.117205352 
407.272061646 
407.426917940 
407.581774235 
407.736630529 
407.891486824 
408.046343118 
408.201199412 
408.356055707 
408.510912001 
408.665768296 
408.820624590 
408.975480884 
409.130337179 
409.285193473 
409.440049767 
409.594906062 
409.749762356 
409.904618651 
410.059474945 
410.214331239 
410.369187534 
410.524043828 
410.678900123 
410.833756417 
410.988612711 
411.143469006 
411.298325300 
411.453181595 
411.608037889 
411.762894183 
411.917750478 
412.072606772 
412.227463067 
412.382319361 
412.537175655 
412.692031950 
412.846888244 
413.001744539 
413.156600833 
413.311457127 
413.466313422 
413.621169716 
413.776026011 
413.930882305 
414.085738599 
414.240594894 
414.395451188 
414.550307482 
414.705163777 
414.860020071 
415.014876366 
415.169732660 
415.324588954 
415.479445249 
415.634301543 
415.789157838 
415.944014132 
416.098870426 
416.253726721 
416.408583015 
416.563439310 
416.718295604 
416.873151898 
417.028008193 
417.182864487 
417.337720782 
417.492577076 
417.647433370 
417.802289665 
417.957145959 
418.112002254 
418.266858548 
418.421714842 
418.576571137 
418.731427431 
418.886283725 
419.041140020 
419.195996314 
419.350852609 
419.505708903 
419.660565197 
419.815421492 
419.970277786 
420.125134081 
420.279990375 
420.434846669 
420.589702964 
420.744559258 
420.899415553 
421.054271847 
421.209128141 
421.363984436 
421.518840730 
421.673697025 
421.828553319 
421.983409613 
422.138265908 
422.293122202 
422.447978497 
422.602834791 
422.757691085 
422.912547380 
423.067403674 
423.222259969 
423.377116263 
423.531972557 
423.686828852 
423.841685146 
423.996541440 
424.151397735 
424.306254029 
424.461110324 
424.615966618 
424.770822912 
424.925679207 
425.080535501 
425.235391796 
425.390248090 
425.545104384 
425.699960679 
425.854816973 
426.009673268 
426.164529562 
426.319385856 
426.474242151 
426.629098445 
426.783954740 
426.938811034 
427.093667328 
427.248523623 
427.403379917 
427.558236212 
427.713092506 
427.867948800 
428.022805095 
428.177661389 
428.332517684 
428.487373978 
428.642230272 
428.797086567 
428.951942861 
429.106799155 
429.261655450 
429.416511744 
429.571368039 
429.726224333 
429.881080627 
430.035936922 
430.190793216 
430.345649511 
430.500505805 
430.655362099 
430.810218394 
430.965074688 
431.119930983 
431.274787277 
431.429643571 
431.584499866 
431.739356160 
431.894212455 
432.049068749 
432.203925043 
432.358781338 
432.513637632 
432.668493927 
432.823350221 
432.978206515 
433.133062810 
433.287919104 
433.442775398 
433.597631693 
433.752487987 
433.907344282 
434.062200576 
434.217056870 
434.371913165 
434.526769459 
434.681625754 
434.836482048 
434.991338342 
435.146194637 
435.301050931 
435.455907226 
435.610763520 
435.765619814 
435.920476109 
436.075332403 
436.230188698 
436.385044992 
436.539901286 
436.694757581 
436.849613875 
437.004470170 
437.159326464 
437.314182758 
437.469039053 
437.623895347 
437.778751642 
437.933607936 
438.088464230 
438.243320525 
438.398176819 
438.553033113 
438.707889408 
438.862745702 
439.017601997 
439.172458291 
439.327314585 
439.482170880 
439.637027174 
439.791883469 
439.946739763 
440.101596057 
440.256452352 
440.411308646 
440.566164941 
440.721021235 
440.875877529 
441.030733824 
441.185590118 
441.340446413 
441.495302707 
441.650159001 
441.805015296 
441.959871590 
442.114727885 
442.269584179 
442.424440473 
442.579296768 
442.734153062 
442.889009356 
443.043865651 
443.198721945 
443.353578240 
443.508434534 
443.663290828 
443.818147123 
443.973003417 
444.127859712 
444.282716006 
444.437572300 
444.592428595 
444.747284889 
444.902141184 
445.056997478 
445.211853772 
445.366710067 
445.521566361 
445.676422656 
445.831278950 
445.986135244 
446.140991539 
446.295847833 
446.450704128 
446.605560422 
446.760416716 
446.915273011 
447.070129305 
447.224985600 
447.379841894 
447.534698188 
447.689554483 
447.844410777 
447.999267071 
448.154123366 
448.308979660 
448.463835955 
448.618692249 
448.773548543 
448.928404838 
449.083261132 
449.238117427 
449.392973721 
449.547830015 
449.702686310 
449.857542604 
450.012398899 
450.167255193 
450.322111487 
450.476967782 
450.631824076 
450.786680371 
450.941536665 
451.096392959 
451.251249254 
451.406105548 
451.560961843 
451.715818137 
451.870674431 
452.025530726 
452.180387020 
452.335243315 
452.490099609 
452.644955903 
452.799812198 
452.954668492 
453.109524786 
453.264381081 
453.419237375 
453.574093670 
453.728949964 
453.883806258 
454.038662553 
454.193518847 
454.348375142 
454.503231436 
454.658087730 
454.812944025 
454.967800319 
455.122656614 
455.277512908 
455.432369202 
455.587225497 
455.742081791 
455.896938086 
456.051794380 
456.206650674 
456.361506969 
456.516363263 
456.671219558 
456.826075852 
456.980932146 
457.135788441 
457.290644735 
457.445501029 
457.600357324 
457.755213618 
457.910069913 
458.064926207 
458.219782501 
458.374638796 
458.529495090 
458.684351385 
458.839207679 
458.994063973 
459.148920268 
459.303776562 
459.458632857 
459.613489151 
459.768345445 
459.923201740 
460.078058034 
460.232914329 
460.387770623 
460.542626917 
460.697483212 
460.852339506 
461.007195801 
461.162052095 
461.316908389 
461.471764684 
461.626620978 
461.781477273 
461.936333567 
462.091189861 
462.246046156 
462.400902450 
462.555758744 
462.710615039 
462.865471333 
463.020327628 
463.175183922 
463.330040216 
463.484896511 
463.639752805 
463.794609100 
463.949465394 
464.104321688 
464.259177983 
464.414034277 
464.568890572 
464.723746866 
464.878603160 
465.033459455 
465.188315749 
465.343172044 
465.498028338 
465.652884632 
465.807740927 
465.962597221 
466.117453516 
466.272309810 
466.427166104 
466.582022399 
466.736878693 
466.891734987 
467.046591282 
467.201447576 
467.356303871 
467.511160165 
467.666016459 
467.820872754 
467.975729048 
468.130585343 
468.285441637 
468.440297931 
468.595154226 
468.750010520 
468.904866815 
469.059723109 
469.214579403 
469.369435698 
469.524291992 
469.679148287 
469.834004581 
469.988860875 
470.143717170 
470.298573464 
470.453429759 
470.608286053 
470.763142347 
470.917998642 
471.072854936 
471.227711231 
471.382567525 
471.537423819 
471.692280114 
471.847136408 
472.001992702 
472.156848997 
472.311705291 
472.466561586 
472.621417880 
472.776274174 
472.931130469 
473.085986763 
473.240843058 
473.395699352 
473.550555646 
473.705411941 
473.860268235 
474.015124530 
474.169980824 
474.324837118 
474.479693413 
474.634549707 
474.789406002 
474.944262296 
475.099118590 
475.253974885 
475.408831179 
475.563687474 
475.718543768 
475.873400062 
476.028256357 
476.183112651 
476.337968946 
476.492825240 
476.647681534 
476.802537829 
476.957394123 
477.112250417 
477.267106712 
477.421963006 
477.576819301 
477.731675595 
477.886531889 
478.041388184 
478.196244478 
478.351100773 
478.505957067 
478.660813361 
478.815669656 
478.970525950 
479.125382245 
479.280238539 
479.435094833 
479.589951128 
479.744807422 
479.899663717 
480.054520011 
480.209376305 
480.364232600 
480.519088894 
480.673945189 
480.828801483 
480.983657777 
481.138514072 
481.293370366 
481.448226660 
481.603082955 
481.757939249 
481.912795544 
482.067651838 
482.222508132 
482.377364427 
482.532220721 
482.687077016 
482.841933310 
482.996789604 
483.151645899 
483.306502193 
483.461358488 
483.616214782 
483.771071076 
483.925927371 
484.080783665 
484.235639960 
484.390496254 
484.545352548 
484.700208843 
484.855065137 
485.009921432 
485.164777726 
485.319634020 
485.474490315 
485.629346609 
485.784202904 
485.939059198 
486.093915492 
486.248771787 
486.403628081 
486.558484375 
486.713340670 
486.868196964 
487.023053259 
487.177909553 
487.332765847 
487.487622142 
487.642478436 
487.797334731 
487.952191025 
488.107047319 
488.261903614 
488.416759908 
488.571616203 
488.726472497 
488.881328791 
489.036185086 
489.191041380 
489.345897675 
489.500753969 
489.655610263 
489.810466558 
489.965322852 
490.120179147 
490.275035441 
490.429891735 
490.584748030 
490.739604324 
490.894460618 
491.049316913 
491.204173207 
491.359029502 
491.513885796 
491.668742090 
491.823598385 
491.978454679 
492.133310974 
492.288167268 
492.443023562 
492.597879857 
492.752736151 
492.907592446 
493.062448740 
493.217305034 
493.372161329 
493.527017623 
493.681873918 
493.836730212 
493.991586506 
494.146442801 
494.301299095 
494.456155390 
494.611011684 
494.765867978 
494.920724273 
495.075580567 
495.230436862 
495.385293156 
495.540149450 
495.695005745 
495.849862039 
496.004718333 
496.159574628 
496.314430922 
496.469287217 
496.624143511 
496.778999805 
496.933856100 
497.088712394 
497.243568689 
497.398424983 
497.553281277 
497.708137572 
497.862993866 
498.017850161 
498.172706455 
498.327562749 
498.482419044 
498.637275338 
498.792131633 
498.946987927 
499.101844221 
499.256700516 
499.411556810 
499.566413105 
499.721269399 
499.876125693 
500.030981988 
500.185838282 
500.340694577 
500.495550871 
500.650407165 
500.805263460 
500.960119754 
501.114976048 
501.269832343 
501.424688637 
501.579544932 
501.734401226 
501.889257520 
502.044113815 
502.198970109 
502.353826404 
502.508682698 
502.663538992 
502.818395287 
502.973251581 
503.128107876 
503.282964170 
503.437820464 
503.592676759 
503.747533053 
503.902389348 
504.057245642 
504.212101936 
504.366958231 
504.521814525 
504.676670820 
504.831527114 
504.986383408 
505.141239703 
505.296095997 
505.450952291 
505.605808586 
505.760664880 
505.915521175 
506.070377469 
506.225233763 
506.380090058 
506.534946352 
506.689802647 
506.844658941 
506.999515235 
507.154371530 
507.309227824 
507.464084119 
507.618940413 
507.773796707 
507.928653002 
508.083509296 
508.238365591 
508.393221885 
508.548078179 
508.702934474 
508.857790768 
509.012647063 
509.167503357 
509.322359651 
509.477215946 
509.632072240 
509.786928535 
509.941784829 
510.096641123 
510.251497418 
510.406353712 
510.561210006 
510.716066301 
510.870922595 
511.025778890 
511.180635184 
511.335491478 
511.490347773 
511.645204067 
511.800060362 
511.954916656 
512.109772950 
512.264629245 
512.419485539 
512.574341834 
512.729198128 
512.884054422 
513.038910717 
513.193767011 
513.348623306 
513.503479600 
513.658335894 
513.813192189 
513.968048483 
514.122904778 
514.277761072 
514.432617366 
514.587473661 
514.742329955 
514.897186249 
515.052042544 
515.206898838 
515.361755133 
515.516611427 
515.671467721 
515.826324016 
515.981180310 
516.136036605 
516.290892899 
516.445749193 
516.600605488 
516.755461782 
516.910318077 
517.065174371 
517.220030665 
517.374886960 
517.529743254 
517.684599549 
517.839455843 
517.994312137 
518.149168432 
518.304024726 
518.458881021 
518.613737315 
518.768593609 
518.923449904 
519.078306198 
519.233162493 
519.388018787 
519.542875081 
519.697731376 
519.852587670 
520.007443964 
520.162300259 
520.317156553 
520.472012848 
520.626869142 
520.781725436 
520.936581731 
521.091438025 
521.246294320 
521.401150614 
521.556006908 
521.710863203 
521.865719497 
522.020575792 
522.175432086 
522.330288380 
522.485144675 
522.640000969 
522.794857264 
522.949713558 
523.104569852 
523.259426147 
523.414282441 
523.569138736 
523.723995030 
523.878851324 
524.033707619 
524.188563913 
524.343420207 
524.498276502 
524.653132796 
524.807989091 
524.962845385 
525.117701679 
525.272557974 
525.427414268 
525.582270563 
525.737126857 
525.891983151 
526.046839446 
526.201695740 
526.356552035 
526.511408329 
526.666264623 
526.821120918 
526.975977212 
527.130833507 
527.285689801 
527.440546095 
527.595402390 
527.750258684 
527.905114979 
528.059971273 
528.214827567 
528.369683862 
528.524540156 
528.679396451 
528.834252745 
528.989109039 
529.143965334 
529.298821628 
529.453677922 
529.608534217 
529.763390511 
529.918246806 
530.073103100 
530.227959394 
530.382815689 
530.537671983 
530.692528278 
530.847384572 
531.002240866 
531.157097161 
531.311953455 
531.466809750 
531.621666044 
531.776522338 
531.931378633 
532.086234927 
532.241091222 
532.395947516 
532.550803810 
532.705660105 
532.860516399 
533.015372694 
533.170228988 
533.325085282 
533.479941577 
533.634797871 
533.789654166 
533.944510460 
534.099366754 
534.254223049 
534.409079343 
534.563935637 
534.718791932 
534.873648226 
535.028504521 
535.183360815 
535.338217109 
535.493073404 
535.647929698 
535.802785993 
535.957642287 
536.112498581 
536.267354876 
536.422211170 
536.577067465 
536.731923759 
536.886780053 
537.041636348 
537.196492642 
537.351348937 
537.506205231 
537.661061525 
537.815917820 
537.970774114 
538.125630409 
538.280486703 
538.435342997 
538.590199292 
538.745055586 
538.899911880 
539.054768175 
539.209624469 
539.364480764 
539.519337058 
539.674193352 
539.829049647 
539.983905941 
540.138762236 
540.293618530 
540.448474824 
540.603331119 
540.758187413 
540.913043708 
541.067900002 
541.222756296 
541.377612591 
541.532468885 
541.687325180 
541.842181474 
541.997037768 
542.151894063 
542.306750357 
542.461606652 
542.616462946 
542.771319240 
542.926175535 
543.081031829 
543.235888124 
543.390744418 
543.545600712 
543.700457007 
543.855313301 
544.010169595 
544.165025890 
544.319882184 
544.474738479 
544.629594773 
544.784451067 
544.939307362 
545.094163656 
545.249019951 
545.403876245 
545.558732539 
545.713588834 
545.868445128 
546.023301423 
546.178157717 
546.333014011 
546.487870306 
546.642726600 
546.797582895 
546.952439189 
547.107295483 
547.262151778 
547.417008072 
547.571864367 
547.726720661 
547.881576955 
548.036433250 
548.191289544 
548.346145838 
548.501002133 
548.655858427 
548.810714722 
548.965571016 
549.120427310 
549.275283605 
549.430139899 
549.584996194 
549.739852488 
549.894708782 
550.049565077 
550.204421371 
550.359277666 
550.514133960 
550.668990254 
550.823846549 
550.978702843 
551.133559138 
551.288415432 
551.443271726 
551.598128021 
551.752984315 
551.907840610 
552.062696904 
552.217553198 
552.372409493 
552.527265787 
552.682122082 
552.836978376 
552.991834670 
553.146690965 
553.301547259 
553.456403553 
553.611259848 
553.766116142 
553.920972437 
554.075828731 
554.230685025 
554.385541320 
554.540397614 
554.695253909 
554.850110203 
555.004966497 
555.159822792 
555.314679086 
555.469535381 
555.624391675 
555.779247969 
555.934104264 
556.088960558 
556.243816853 
556.398673147 
556.553529441 
556.708385736 
556.863242030 
557.018098325 
557.172954619 
557.327810913 
557.482667208 
557.637523502 
557.792379797 
557.947236091 
558.102092385 
558.256948680 
558.411804974 
558.566661268 
558.721517563 
558.876373857 
559.031230152 
559.186086446 
559.340942740 
559.495799035 
559.650655329 
559.805511624 
559.960367918 
560.115224212 
560.270080507 
560.424936801 
560.579793096 
560.734649390 
560.889505684 
561.044361979 
561.199218273 
561.354074568 
561.508930862 
561.663787156 
561.818643451 
561.973499745 
562.128356040 
562.283212334 
562.438068628 
562.592924923 
562.747781217 
562.902637511 
563.057493806 
563.212350100 
563.367206395 
563.522062689 
563.676918983 
563.831775278 
563.986631572 
564.141487867 
564.296344161 
564.451200455 
564.606056750 
564.760913044 
564.915769339 
565.070625633 
565.225481927 
565.380338222 
565.535194516 
565.690050811 
565.844907105 
565.999763399 
566.154619694 
566.309475988 
566.464332283 
566.619188577 
566.774044871 
566.928901166 
567.083757460 
567.238613755 
567.393470049 
567.548326343 
567.703182638 
567.858038932 
568.012895226 
568.167751521 
568.322607815 
568.477464110 
568.632320404 
568.787176698 
568.942032993 
569.096889287 
569.251745582 
569.406601876 
569.561458170 
569.716314465 
569.871170759 
570.026027054 
570.180883348 
570.335739642 
570.490595937 
570.645452231 
570.800308526 
570.955164820 
571.110021114 
571.264877409 
571.419733703 
571.574589998 
571.729446292 
571.884302586 
572.039158881 
572.194015175 
572.348871469 
572.503727764 
572.658584058 
572.813440353 
572.968296647 
573.123152941 
573.278009236 
573.432865530 
573.587721825 
573.742578119 
573.897434413 
574.052290708 
574.207147002 
574.362003297 
574.516859591 
574.671715885 
574.826572180 
574.981428474 
575.136284769 
575.291141063 
575.445997357 
575.600853652 
575.755709946 
575.910566241 
576.065422535 
576.220278829 
576.375135124 
576.529991418 
576.684847713 
576.839704007 
576.994560301 
577.149416596 
577.304272890 
577.459129184 
577.613985479 
577.768841773 
577.923698068 
578.078554362 
578.233410656 
578.388266951 
578.543123245 
578.697979540 
578.852835834 
579.007692128 
579.162548423 
579.317404717 
579.472261012 
579.627117306 
579.781973600 
579.936829895 
580.091686189 
580.246542484 
580.401398778 
580.556255072 
580.711111367 
580.865967661 
581.020823956 
581.175680250 
581.330536544 
581.485392839 
581.640249133 
581.795105428 
581.949961722 
582.104818016 
582.259674311 
582.414530605 
582.569386899 
582.724243194 
582.879099488 
583.033955783 
583.188812077 
583.343668371 
583.498524666 
583.653380960 
583.808237255 
583.963093549 
584.117949843 
584.272806138 
584.427662432 
584.582518727 
584.737375021 
584.892231315 
585.047087610 
585.201943904 
585.356800199 
585.511656493 
585.666512787 
585.821369082 
585.976225376 
586.131081671 
586.285937965 
586.440794259 
586.595650554 
586.750506848 
586.905363142 
587.060219437 
587.215075731 
587.369932026 
587.524788320 
587.679644614 
587.834500909 
587.989357203 
588.144213498 
588.299069792 
588.453926086 
588.608782381 
588.763638675 
588.918494970 
589.073351264 
589.228207558 
589.383063853 
589.537920147 
589.692776442 
589.847632736 
590.002489030 
590.157345325 
590.312201619 
590.467057914 
590.621914208 
590.776770502 
590.931626797 
591.086483091 
591.241339386 
591.396195680 
591.551051974 
591.705908269 
591.860764563 
592.015620857 
592.170477152 
592.325333446 
592.480189741 
592.635046035 
592.789902329 
592.944758624 
593.099614918 
593.254471213 
593.409327507 
593.564183801 
593.719040096 
593.873896390 
594.028752685 
594.183608979 
594.338465273 
594.493321568 
594.648177862 
594.803034157 
594.957890451 
595.112746745 
595.267603040 
595.422459334 
595.577315629 
595.732171923 
595.887028217 
596.041884512 
596.196740806 
596.351597100 
596.506453395 
596.661309689 
596.816165984 
596.971022278 
597.125878572 
597.280734867 
597.435591161 
597.590447456 
597.745303750 
597.900160044 
598.055016339 
598.209872633 
598.364728928 
598.519585222 
598.674441516 
598.829297811 
598.984154105 
599.139010400 
599.293866694 
599.448722988 
599.603579283 
599.758435577 
599.913291872 
600.068148166 
600.223004460 
600.377860755 
600.532717049 
600.687573344 
600.842429638 
600.997285932 
601.152142227 
601.306998521 
601.461854815 
601.616711110 
601.771567404 
601.926423699 
602.081279993 
602.236136287 
602.390992582 
602.545848876 
602.700705171 
602.855561465 
603.010417759 
603.165274054 
603.320130348 
603.474986643 
603.629842937 
603.784699231 
603.939555526 
604.094411820 
604.249268115 
604.404124409 
604.558980703 
604.713836998 
604.868693292 
605.023549587 
605.178405881 
605.333262175 
605.488118470 
605.642974764 
605.797831059 
605.952687353 
606.107543647 
606.262399942 
606.417256236 
606.572112530 
606.726968825 
606.881825119 
607.036681414 
607.191537708 
607.346394002 
607.501250297 
607.656106591 
607.810962886 
607.965819180 
608.120675474 
608.275531769 
608.430388063 
608.585244358 
608.740100652 
608.894956946 
609.049813241 
609.204669535 
609.359525830 
609.514382124 
609.669238418 
609.824094713 
609.978951007 
610.133807302 
610.288663596 
610.443519890 
610.598376185 
610.753232479 
610.908088773 
611.062945068 
611.217801362 
611.372657657 
611.527513951 
611.682370245 
611.837226540 
611.992082834 
612.146939129 
612.301795423 
612.456651717 
612.611508012 
612.766364306 
612.921220601 
613.076076895 
613.230933189 
613.385789484 
613.540645778 
613.695502073 
613.850358367 
614.005214661 
614.160070956 
614.314927250 
614.469783545 
614.624639839 
614.779496133 
614.934352428 
615.089208722 
615.244065017 
615.398921311 
615.553777605 
615.708633900 
615.863490194 
616.018346488 
616.173202783 
616.328059077 
616.482915372 
616.637771666 
616.792627960 
616.947484255 
617.102340549 
617.257196844 
617.412053138 
617.566909432 
617.721765727 
617.876622021 
618.031478316 
618.186334610 
618.341190904 
618.496047199 
618.650903493 
618.805759788 
618.960616082 
619.115472376 
619.270328671 
619.425184965 
619.580041260 
619.734897554 
619.889753848 
620.044610143 
620.199466437 
620.354322731 
620.509179026 
620.664035320 
620.818891615 
620.973747909 
621.128604203 
621.283460498 
621.438316792 
621.593173087 
621.748029381 
621.902885675 
622.057741970 
622.212598264 
622.367454559 
622.522310853 
622.677167147 
622.832023442 
622.986879736 
623.141736031 
623.296592325 
623.451448619 
623.606304914 
623.761161208 
623.916017503 
624.070873797 
624.225730091 
624.380586386 
624.535442680 
624.690298975 
624.845155269 
625.000011563 
625.154867858 
625.309724152 
625.464580446 
625.619436741 
625.774293035 
625.929149330 
626.084005624 
626.238861918 
626.393718213 
626.548574507 
626.703430802 
626.858287096 
627.013143390 
627.167999685 
627.322855979 
627.477712274 
627.632568568 
627.787424862 
627.942281157 
