145.464874 
145.447031 
145.429187 
145.411344 
145.393500 
145.375657 
145.357813 
145.339969 
145.322126 
145.304282 
145.286439 
145.268595 
145.250752 
145.232908 
145.215065 
145.197221 
145.179378 
145.161534 
145.143690 
145.125847 
145.108003 
145.090160 
145.072316 
145.054473 
145.036629 
145.018786 
145.000942 
144.983099 
144.965255 
144.947411 
144.929568 
144.911724 
144.893881 
144.876037 
144.858194 
144.840350 
144.822507 
144.804663 
144.786820 
144.768976 
144.751132 
144.733289 
144.715445 
144.697602 
144.679758 
144.661915 
144.644071 
144.626228 
144.608384 
144.590540 
144.572697 
144.554853 
144.537010 
144.519166 
144.501323 
144.483479 
144.465636 
144.447792 
144.429949 
144.412105 
144.394261 
144.376418 
144.358574 
144.340731 
144.322887 
144.305044 
144.287200 
144.269357 
144.251513 
144.233670 
144.215826 
144.197982 
144.180139 
144.162295 
144.144452 
144.126608 
144.108765 
144.090921 
144.073078 
144.055234 
144.037391 
144.019547 
144.001703 
143.983860 
143.966016 
143.948173 
143.930329 
143.912486 
143.894642 
143.876799 
143.858955 
143.841112 
143.823268 
143.805424 
143.787581 
143.769737 
143.751894 
143.734050 
143.716207 
143.698363 
143.680520 
143.662676 
143.644833 
143.626989 
143.609145 
143.591302 
143.573458 
143.555615 
143.537771 
143.519928 
143.502084 
143.484241 
143.466397 
143.448554 
143.430710 
143.412866 
143.395023 
143.377179 
143.359336 
143.341492 
143.323649 
143.305805 
143.287962 
143.270118 
143.252275 
143.234431 
143.216587 
143.198744 
143.180900 
143.163057 
143.145213 
143.127370 
143.109526 
143.091683 
143.073839 
143.055996 
143.038152 
143.020308 
143.002465 
142.984621 
142.966778 
142.948934 
142.931091 
142.913247 
142.895404 
142.877560 
142.859717 
142.841873 
142.824029 
142.806186 
142.788342 
142.770499 
142.752655 
142.734812 
142.716968 
142.699125 
142.681281 
142.663437 
142.645594 
142.627750 
142.609907 
142.592063 
142.574220 
142.556376 
142.538533 
142.520689 
142.502846 
142.485002 
142.467158 
142.449315 
142.431471 
142.413628 
142.395784 
142.377941 
142.360097 
142.342254 
142.324410 
142.306567 
142.288723 
142.270879 
142.253036 
142.235192 
142.217349 
142.199505 
142.181662 
142.163818 
142.145975 
142.128131 
142.110288 
142.092444 
142.074600 
142.056757 
142.038913 
142.021070 
142.003226 
141.985383 
141.967539 
141.949696 
141.931852 
141.914009 
141.896165 
141.878321 
141.860478 
141.842634 
141.824791 
141.806947 
141.789104 
141.771260 
141.753417 
141.735573 
141.717730 
141.699886 
141.682042 
141.664199 
141.646355 
141.628512 
141.610668 
141.592825 
141.574981 
141.557138 
141.539294 
141.521451 
141.503607 
141.485763 
141.467920 
141.450076 
141.432233 
141.414389 
141.396546 
141.378702 
141.360859 
141.343015 
141.325172 
141.307328 
141.289484 
141.271641 
141.253797 
141.235954 
141.218110 
141.200267 
141.182423 
141.164580 
141.146736 
141.128893 
141.111049 
141.093205 
141.075362 
141.057518 
141.039675 
141.021831 
141.003988 
140.986144 
140.968301 
140.950457 
140.932613 
140.914770 
140.896926 
140.879083 
140.861239 
140.843396 
140.825552 
140.807709 
140.789865 
140.772022 
140.754178 
140.736334 
140.718491 
140.700647 
140.682804 
140.664960 
140.647117 
140.629273 
140.611430 
140.593586 
140.575743 
140.557899 
140.540055 
140.522212 
140.504368 
140.486525 
140.468681 
140.450838 
140.432994 
140.415151 
140.397307 
140.379464 
140.361620 
140.343776 
140.325933 
140.308089 
140.290246 
140.272402 
140.254559 
140.236715 
140.218872 
140.201028 
140.183185 
140.165341 
140.147497 
140.129654 
140.111810 
140.093967 
140.076123 
140.058280 
140.040436 
140.022593 
140.004749 
139.986906 
139.969062 
139.951218 
139.933375 
139.915531 
139.897688 
139.879844 
139.862001 
139.844157 
139.826314 
139.808470 
139.790627 
139.772783 
139.754939 
139.737096 
139.719252 
139.701409 
139.683565 
139.665722 
139.647878 
139.630035 
139.612191 
139.594348 
139.576504 
139.558660 
139.540817 
139.522973 
139.505130 
139.487286 
139.469443 
139.451599 
139.433756 
139.415912 
139.398069 
139.380225 
139.362381 
139.344538 
139.326694 
139.308851 
139.291007 
139.273164 
139.255320 
139.237477 
139.219633 
139.201790 
139.183946 
139.166102 
139.148259 
139.130415 
139.112572 
139.094728 
139.076885 
139.059041 
139.041198 
139.023354 
139.005510 
138.987667 
138.969823 
138.951980 
138.934136 
138.916293 
138.898449 
138.880606 
138.862762 
138.844919 
138.827075 
138.809231 
138.791388 
138.773544 
138.755701 
138.737857 
138.720014 
138.702170 
138.684327 
138.666483 
138.648640 
138.630796 
138.612952 
138.595109 
138.577265 
138.559422 
138.541578 
138.523735 
138.505891 
138.488048 
138.470204 
138.452361 
138.434517 
138.416673 
138.398830 
138.380986 
138.363143 
138.345299 
138.327456 
138.309612 
138.291769 
138.273925 
138.256082 
138.238238 
138.220394 
138.202551 
138.184707 
138.166864 
138.149020 
138.131177 
138.113333 
138.095490 
138.077646 
138.059803 
138.041959 
138.024115 
138.006272 
137.988428 
137.970585 
137.952741 
137.934898 
137.917054 
137.899211 
137.881367 
137.863524 
137.845680 
137.827836 
137.809993 
137.792149 
137.774306 
137.756462 
137.738619 
137.720775 
137.702932 
137.685088 
137.667245 
137.649401 
137.631557 
137.613714 
137.595870 
137.578027 
137.560183 
137.542340 
137.524496 
137.506653 
137.488809 
137.470966 
137.453122 
137.435278 
137.417435 
137.399591 
137.381748 
137.363904 
137.346061 
137.328217 
137.310374 
137.292530 
137.274686 
137.256843 
137.238999 
137.221156 
137.203312 
137.185469 
137.167625 
137.149782 
137.131938 
137.114095 
137.096251 
137.078407 
137.060564 
137.042720 
137.024877 
137.007033 
136.989190 
136.971346 
136.953503 
136.935659 
136.917816 
136.899972 
136.882128 
136.864285 
136.846441 
136.828598 
136.810754 
136.792911 
136.775067 
136.757224 
136.739380 
136.721537 
136.703693 
136.685849 
136.668006 
136.650162 
136.632319 
136.614475 
136.596632 
136.578788 
136.560945 
136.543101 
136.525258 
136.507414 
136.489570 
136.471727 
136.453883 
136.436040 
136.418196 
136.400353 
136.382509 
136.364666 
136.346822 
136.328979 
136.311135 
136.293291 
136.275448 
136.257604 
136.239761 
136.221917 
136.204074 
136.186230 
136.168387 
136.150543 
136.132700 
136.114856 
136.097012 
136.079169 
136.061325 
136.043482 
136.025638 
136.007795 
135.989951 
135.972108 
135.954264 
135.936421 
135.918577 
135.900733 
135.882890 
135.865046 
135.847203 
135.829359 
135.811516 
135.793672 
135.775829 
135.757985 
135.740142 
135.722298 
135.704454 
135.686611 
135.668767 
135.650924 
135.633080 
135.615237 
135.597393 
135.579550 
135.561706 
135.543862 
135.526019 
135.508175 
135.490332 
135.472488 
135.454645 
135.436801 
135.418958 
135.401114 
135.383271 
135.365427 
135.347583 
135.329740 
135.311896 
135.294053 
135.276209 
135.258366 
135.240522 
135.222679 
135.204835 
135.186992 
135.169148 
135.151304 
135.133461 
135.115617 
135.097774 
135.079930 
135.062087 
135.044243 
135.026400 
135.008556 
134.990713 
134.972869 
134.955025 
134.937182 
134.919338 
134.901495 
134.883651 
134.865808 
134.847964 
134.830121 
134.812277 
134.794434 
134.776590 
134.758746 
134.740903 
134.723059 
134.705216 
134.687372 
134.669529 
134.651685 
134.633842 
134.615998 
134.598155 
134.580311 
134.562467 
134.544624 
134.526780 
134.508937 
134.491093 
134.473250 
134.455406 
134.437563 
134.419719 
134.401876 
134.384032 
134.366188 
134.348345 
134.330501 
134.312658 
134.294814 
134.276971 
134.259127 
134.241284 
134.223440 
134.205597 
134.187753 
134.169909 
134.152066 
134.134222 
134.116379 
134.098535 
134.080692 
134.062848 
134.045005 
134.027161 
134.009318 
133.991474 
133.973630 
133.955787 
133.937943 
133.920100 
133.902256 
133.884413 
133.866569 
133.848726 
133.830882 
133.813039 
133.795195 
133.777351 
133.759508 
133.741664 
133.723821 
133.705977 
133.688134 
133.670290 
133.652447 
133.634603 
133.616759 
133.598916 
133.581072 
133.563229 
133.545385 
133.527542 
133.509698 
133.491855 
133.474011 
133.456168 
133.438324 
133.420480 
133.402637 
133.384793 
133.366950 
133.349106 
133.331263 
133.313419 
133.295576 
133.277732 
133.259889 
133.242045 
133.224201 
133.206358 
133.188514 
133.170671 
133.152827 
133.134984 
133.117140 
133.099297 
133.081453 
133.063610 
133.045766 
133.027922 
133.010079 
132.992235 
132.974392 
132.956548 
132.938705 
132.920861 
132.903018 
132.885174 
132.867331 
132.849487 
132.831643 
132.813800 
132.795956 
132.778113 
132.760269 
132.742426 
132.724582 
132.706739 
132.688895 
132.671052 
132.653208 
132.635364 
132.617521 
132.599677 
132.581834 
132.563990 
132.546147 
132.528303 
132.510460 
132.492616 
132.474773 
132.456929 
132.439085 
132.421242 
132.403398 
132.385555 
132.367711 
132.349868 
132.332024 
132.314181 
132.296337 
132.278494 
132.260650 
132.242806 
132.224963 
132.207119 
132.189276 
132.171432 
132.153589 
132.135745 
132.117902 
132.100058 
132.082215 
132.064371 
132.046527 
132.028684 
132.010840 
131.992997 
131.975153 
131.957310 
131.939466 
131.921623 
131.903779 
131.885935 
131.868092 
131.850248 
131.832405 
131.814561 
131.796718 
131.778874 
131.761031 
131.743187 
131.725344 
131.707500 
131.689656 
131.671813 
131.653969 
131.636126 
131.618282 
131.600439 
131.582595 
131.564752 
131.546908 
131.529065 
131.511221 
131.493377 
131.475534 
131.457690 
131.439847 
131.422003 
131.404160 
131.386316 
131.368473 
131.350629 
131.332786 
131.314942 
131.297098 
131.279255 
131.261411 
131.243568 
131.225724 
131.207881 
131.190037 
131.172194 
131.154350 
131.136507 
131.118663 
131.100819 
131.082976 
131.065132 
131.047289 
131.029445 
131.011602 
130.993758 
130.975915 
130.958071 
130.940228 
130.922384 
130.904540 
130.886697 
130.868853 
130.851010 
130.833166 
130.815323 
130.797479 
130.779636 
130.761792 
130.743949 
130.726105 
130.708261 
130.690418 
130.672574 
130.654731 
130.636887 
130.619044 
130.601200 
130.583357 
130.565513 
130.547670 
130.529826 
130.511982 
130.494139 
130.476295 
130.458452 
130.440608 
130.422765 
130.404921 
130.387078 
130.369234 
130.351391 
130.333547 
130.315703 
130.297860 
130.280016 
130.262173 
130.244329 
130.226486 
130.208642 
130.190799 
130.172955 
130.155112 
130.137268 
130.119424 
130.101581 
130.083737 
130.065894 
130.048050 
130.030207 
130.012363 
129.994520 
129.976676 
129.958832 
129.940989 
129.923145 
129.905302 
129.887458 
129.869615 
129.851771 
129.833928 
129.816084 
129.798241 
129.780397 
129.762553 
129.744710 
129.726866 
129.709023 
129.691179 
129.673336 
129.655492 
129.637649 
129.619805 
129.601962 
129.584118 
129.566274 
129.548431 
129.530587 
129.512744 
129.494900 
129.477057 
129.459213 
129.441370 
129.423526 
129.405683 
129.387839 
129.369995 
129.352152 
129.334308 
129.316465 
129.298621 
129.280778 
129.262934 
129.245091 
129.227247 
129.209404 
129.191560 
129.173716 
129.155873 
129.138029 
129.120186 
129.102342 
129.084499 
129.066655 
129.048812 
129.030968 
129.013125 
128.995281 
128.977437 
128.959594 
128.941750 
128.923907 
128.906063 
128.888220 
128.870376 
128.852533 
128.834689 
128.816846 
128.799002 
128.781158 
128.763315 
128.745471 
128.727628 
128.709784 
128.691941 
128.674097 
128.656254 
128.638410 
128.620567 
128.602723 
128.584879 
128.567036 
128.549192 
128.531349 
128.513505 
128.495662 
128.477818 
128.459975 
128.442131 
128.424288 
128.406444 
128.388600 
128.370757 
128.352913 
128.335070 
128.317226 
128.299383 
128.281539 
128.263696 
128.245852 
128.228008 
128.210165 
128.192321 
128.174478 
128.156634 
128.138791 
128.120947 
128.103104 
128.085260 
128.067417 
128.049573 
128.031729 
128.013886 
127.996042 
127.978199 
127.960355 
127.942512 
127.924668 
127.906825 
127.888981 
127.871138 
127.853294 
127.835450 
127.817607 
127.799763 
127.781920 
127.764076 
127.746233 
127.728389 
127.710546 
127.692702 
127.674859 
127.657015 
127.639171 
127.621328 
127.603484 
127.585641 
127.567797 
127.549954 
127.532110 
127.514267 
127.496423 
127.478580 
127.460736 
127.442892 
127.425049 
127.407205 
127.389362 
127.371518 
127.353675 
127.335831 
127.317988 
127.300144 
127.282301 
127.264457 
127.246613 
127.228770 
127.210926 
127.193083 
127.175239 
127.157396 
127.139552 
127.121709 
127.103865 
127.086022 
127.068178 
127.050334 
127.032491 
127.014647 
126.996804 
126.978960 
126.961117 
126.943273 
126.925430 
126.907586 
126.889743 
126.871899 
126.854055 
126.836212 
126.818368 
126.800525 
126.782681 
126.764838 
126.746994 
126.729151 
126.711307 
126.693464 
126.675620 
126.657776 
126.639933 
126.622089 
126.604246 
126.586402 
126.568559 
126.550715 
126.532872 
126.515028 
126.497185 
126.479341 
126.461497 
126.443654 
126.425810 
126.407967 
126.390123 
126.372280 
126.354436 
126.336593 
126.318749 
126.300905 
126.283062 
126.265218 
126.247375 
126.229531 
126.211688 
126.193844 
126.176001 
126.158157 
126.140314 
126.122470 
126.104626 
126.086783 
126.068939 
126.051096 
126.033252 
126.015409 
125.997565 
125.979722 
125.961878 
125.944035 
125.926191 
125.908347 
125.890504 
125.872660 
125.854817 
125.836973 
125.819130 
125.801286 
125.783443 
125.765599 
125.747756 
125.729912 
125.712068 
125.694225 
125.676381 
125.658538 
125.640694 
125.622851 
125.605007 
125.587164 
125.569320 
125.551477 
125.533633 
125.515789 
125.497946 
125.480102 
125.462259 
125.444415 
125.426572 
125.408728 
125.390885 
125.373041 
125.355198 
125.337354 
125.319510 
125.301667 
125.283823 
125.265980 
125.248136 
125.230293 
125.212449 
125.194606 
125.176762 
125.158919 
125.141075 
125.123231 
125.105388 
125.087544 
125.069701 
125.051857 
125.034014 
125.016170 
124.998327 
124.980483 
124.962640 
124.944796 
124.926952 
124.909109 
124.891265 
124.873422 
124.855578 
124.837735 
124.819891 
124.802048 
124.784204 
124.766361 
124.748517 
124.730673 
124.712830 
124.694986 
124.677143 
124.659299 
124.641456 
124.623612 
124.605769 
124.587925 
124.570081 
124.552238 
124.534394 
124.516551 
124.498707 
124.480864 
124.463020 
124.445177 
124.427333 
124.409490 
124.391646 
124.373802 
124.355959 
124.338115 
124.320272 
124.302428 
124.284585 
124.266741 
124.248898 
124.231054 
124.213211 
124.195367 
124.177523 
124.159680 
124.141836 
124.123993 
124.106149 
124.088306 
124.070462 
124.052619 
124.034775 
124.016932 
123.999088 
123.981244 
123.963401 
123.945557 
123.927714 
123.909870 
123.892027 
123.874183 
123.856340 
123.838496 
123.820653 
123.802809 
123.784965 
123.767122 
123.749278 
123.731435 
123.713591 
123.695748 
123.677904 
123.660061 
123.642217 
123.624374 
123.606530 
123.588686 
123.570843 
123.552999 
123.535156 
123.517312 
123.499469 
123.481625 
123.463782 
123.445938 
123.428095 
123.410251 
123.392407 
123.374564 
123.356720 
123.338877 
123.321033 
123.303190 
123.285346 
123.267503 
123.249659 
123.231816 
123.213972 
123.196128 
123.178285 
123.160441 
123.142598 
123.124754 
123.106911 
123.089067 
123.071224 
123.053380 
123.035537 
123.017693 
122.999849 
122.982006 
122.964162 
122.946319 
122.928475 
122.910632 
122.892788 
122.874945 
122.857101 
122.839258 
122.821414 
122.803570 
122.785727 
122.767883 
122.750040 
122.732196 
122.714353 
122.696509 
122.678666 
122.660822 
122.642978 
122.625135 
122.607291 
122.589448 
122.571604 
122.553761 
122.535917 
122.518074 
122.500230 
122.482387 
122.464543 
122.446699 
122.428856 
122.411012 
122.393169 
122.375325 
122.357482 
122.339638 
122.321795 
122.303951 
122.286108 
122.268264 
122.250420 
122.232577 
122.214733 
122.196890 
122.179046 
122.161203 
122.143359 
122.125516 
122.107672 
122.089829 
122.071985 
122.054141 
122.036298 
122.018454 
122.000611 
121.982767 
121.964924 
121.947080 
121.929237 
121.911393 
121.893550 
121.875706 
121.857862 
121.840019 
121.822175 
121.804332 
121.786488 
121.768645 
121.750801 
121.732958 
121.715114 
121.697271 
121.679427 
121.661583 
121.643740 
121.625896 
121.608053 
121.590209 
121.572366 
121.554522 
121.536679 
121.518835 
121.500992 
121.483148 
121.465304 
121.447461 
121.429617 
121.411774 
121.393930 
121.376087 
121.358243 
121.340400 
121.322556 
121.304713 
121.286869 
121.269025 
121.251182 
121.233338 
121.215495 
121.197651 
121.179808 
121.161964 
121.144121 
121.126277 
121.108434 
121.090590 
121.072746 
121.054903 
121.037059 
121.019216 
121.001372 
120.983529 
120.965685 
120.947842 
120.929998 
120.912154 
120.894311 
120.876467 
120.858624 
120.840780 
120.822937 
120.805093 
120.787250 
120.769406 
120.751563 
120.733719 
120.715875 
120.698032 
120.680188 
120.662345 
120.644501 
120.626658 
120.608814 
120.590971 
120.573127 
120.555284 
120.537440 
120.519596 
120.501753 
120.483909 
120.466066 
120.448222 
120.430379 
120.412535 
120.394692 
120.376848 
120.359005 
120.341161 
120.323317 
120.305474 
120.287630 
120.269787 
120.251943 
120.234100 
120.216256 
120.198413 
120.180569 
120.162726 
120.144882 
120.127038 
120.109195 
120.091351 
120.073508 
120.055664 
120.037821 
120.019977 
120.002134 
119.984290 
119.966447 
119.948603 
119.930759 
119.912916 
119.895072 
119.877229 
119.859385 
119.841542 
119.823698 
119.805855 
119.788011 
119.770168 
119.752324 
119.734480 
119.716637 
119.698793 
119.680950 
119.663106 
119.645263 
119.627419 
119.609576 
119.591732 
119.573889 
119.556045 
119.538201 
119.520358 
119.502514 
119.484671 
119.466827 
119.448984 
119.431140 
119.413297 
119.395453 
119.377610 
119.359766 
119.341922 
119.324079 
119.306235 
119.288392 
119.270548 
119.252705 
119.234861 
119.217018 
119.199174 
119.181331 
119.163487 
119.145643 
119.127800 
119.109956 
119.092113 
119.074269 
119.056426 
119.038582 
119.020739 
119.002895 
118.985051 
118.967208 
118.949364 
118.931521 
118.913677 
118.895834 
118.877990 
118.860147 
118.842303 
118.824460 
118.806616 
118.788772 
118.770929 
118.753085 
118.735242 
118.717398 
118.699555 
118.681711 
118.663868 
118.646024 
118.628181 
118.610337 
118.592493 
118.574650 
118.556806 
118.538963 
118.521119 
118.503276 
118.485432 
118.467589 
118.449745 
118.431902 
118.414058 
118.396214 
118.378371 
118.360527 
118.342684 
118.324840 
118.306997 
118.289153 
118.271310 
118.253466 
118.235623 
118.217779 
118.199935 
118.182092 
118.164248 
118.146405 
118.128561 
118.110718 
118.092874 
118.075031 
118.057187 
118.039344 
118.021500 
118.003656 
117.985813 
117.967969 
117.950126 
117.932282 
117.914439 
117.896595 
117.878752 
117.860908 
117.843065 
117.825221 
117.807377 
117.789534 
117.771690 
117.753847 
117.736003 
117.718160 
117.700316 
117.682473 
117.664629 
117.646786 
117.628942 
117.611098 
117.593255 
117.575411 
117.557568 
117.539724 
117.521881 
117.504037 
117.486194 
117.468350 
117.450507 
117.432663 
117.414819 
117.396976 
117.379132 
117.361289 
117.343445 
117.325602 
117.307758 
117.289915 
117.272071 
117.254227 
117.236384 
117.218540 
117.200697 
117.182853 
117.165010 
117.147166 
117.129323 
117.111479 
117.093636 
117.075792 
117.057948 
117.040105 
117.022261 
117.004418 
116.986574 
116.968731 
116.950887 
116.933044 
116.915200 
116.897357 
116.879513 
116.861669 
116.843826 
116.825982 
116.808139 
116.790295 
116.772452 
116.754608 
116.736765 
116.718921 
116.701078 
116.683234 
116.665390 
116.647547 
116.629703 
116.611860 
116.594016 
116.576173 
116.558329 
116.540486 
116.522642 
116.504799 
116.486955 
116.469111 
116.451268 
116.433424 
116.415581 
116.397737 
116.379894 
116.362050 
116.344207 
116.326363 
116.308520 
116.290676 
116.272832 
116.254989 
116.237145 
116.219302 
116.201458 
116.183615 
116.165771 
116.147928 
116.130084 
116.112241 
116.094397 
116.076553 
116.058710 
116.040866 
116.023023 
116.005179 
115.987336 
115.969492 
115.951649 
115.933805 
115.915962 
115.898118 
115.880274 
115.862431 
115.844587 
115.826744 
115.808900 
115.791057 
115.773213 
115.755370 
115.737526 
115.719683 
115.701839 
115.683995 
115.666152 
115.648308 
115.630465 
115.612621 
115.594778 
115.576934 
115.559091 
115.541247 
115.523403 
115.505560 
115.487716 
115.469873 
115.452029 
115.434186 
115.416342 
115.398499 
115.380655 
115.362812 
115.344968 
115.327124 
115.309281 
115.291437 
115.273594 
115.255750 
115.237907 
115.220063 
115.202220 
115.184376 
115.166533 
115.148689 
115.130845 
115.113002 
115.095158 
115.077315 
115.059471 
115.041628 
115.023784 
115.005941 
114.988097 
114.970254 
114.952410 
114.934566 
114.916723 
114.898879 
114.881036 
114.863192 
114.845349 
114.827505 
114.809662 
114.791818 
114.773975 
114.756131 
114.738287 
114.720444 
114.702600 
114.684757 
114.666913 
114.649070 
114.631226 
114.613383 
114.595539 
114.577696 
114.559852 
114.542008 
114.524165 
114.506321 
114.488478 
114.470634 
114.452791 
114.434947 
114.417104 
114.399260 
114.381417 
114.363573 
114.345729 
114.327886 
114.310042 
114.292199 
114.274355 
114.256512 
114.238668 
114.220825 
114.202981 
114.185138 
114.167294 
114.149450 
114.131607 
114.113763 
114.095920 
114.078076 
114.060233 
114.042389 
114.024546 
114.006702 
113.988859 
113.971015 
113.953171 
113.935328 
113.917484 
113.899641 
113.881797 
113.863954 
113.846110 
113.828267 
113.810423 
113.792580 
113.774736 
113.756892 
113.739049 
113.721205 
113.703362 
113.685518 
113.667675 
113.649831 
113.631988 
113.614144 
113.596300 
113.578457 
113.560613 
113.542770 
113.524926 
113.507083 
113.489239 
113.471396 
113.453552 
113.435709 
113.417865 
113.400021 
113.382178 
113.364334 
113.346491 
113.328647 
113.310804 
113.292960 
113.275117 
113.257273 
113.239430 
113.221586 
113.203742 
113.185899 
113.168055 
113.150212 
113.132368 
113.114525 
113.096681 
113.078838 
113.060994 
113.043151 
113.025307 
113.007463 
112.989620 
112.971776 
112.953933 
112.936089 
112.918246 
112.900402 
112.882559 
112.864715 
112.846872 
112.829028 
112.811184 
112.793341 
112.775497 
112.757654 
112.739810 
112.721967 
112.704123 
112.686280 
112.668436 
112.650593 
112.632749 
112.614905 
112.597062 
112.579218 
112.561375 
112.543531 
112.525688 
112.507844 
112.490001 
112.472157 
112.454314 
112.436470 
112.418626 
112.400783 
112.382939 
112.365096 
112.347252 
112.329409 
112.311565 
112.293722 
112.275878 
112.258035 
112.240191 
112.222347 
112.204504 
112.186660 
112.168817 
112.150973 
112.133130 
112.115286 
112.097443 
112.079599 
112.061756 
112.043912 
112.026068 
112.008225 
111.990381 
111.972538 
111.954694 
111.936851 
111.919007 
111.901164 
111.883320 
111.865476 
111.847633 
111.829789 
111.811946 
111.794102 
111.776259 
111.758415 
111.740572 
111.722728 
111.704885 
111.687041 
111.669197 
111.651354 
111.633510 
111.615667 
111.597823 
111.579980 
111.562136 
111.544293 
111.526449 
111.508606 
111.490762 
111.472918 
111.455075 
111.437231 
111.419388 
111.401544 
111.383701 
111.365857 
111.348014 
111.330170 
111.312327 
111.294483 
111.276639 
111.258796 
111.240952 
111.223109 
111.205265 
111.187422 
111.169578 
111.151735 
111.133891 
111.116048 
111.098204 
111.080360 
111.062517 
111.044673 
111.026830 
111.008986 
110.991143 
110.973299 
110.955456 
110.937612 
110.919769 
110.901925 
110.884081 
110.866238 
110.848394 
110.830551 
110.812707 
110.794864 
110.777020 
110.759177 
110.741333 
110.723490 
110.705646 
110.687802 
110.669959 
110.652115 
110.634272 
110.616428 
110.598585 
110.580741 
110.562898 
110.545054 
110.527211 
110.509367 
110.491523 
110.473680 
110.455836 
110.437993 
110.420149 
110.402306 
110.384462 
110.366619 
110.348775 
110.330932 
110.313088 
110.295244 
110.277401 
110.259557 
110.241714 
110.223870 
110.206027 
110.188183 
110.170340 
110.152496 
110.134653 
110.116809 
110.098965 
110.081122 
110.063278 
110.045435 
110.027591 
110.009748 
109.991904 
109.974061 
109.956217 
109.938373 
109.920530 
109.902686 
109.884843 
109.866999 
109.849156 
109.831312 
109.813469 
109.795625 
109.777782 
109.759938 
109.742094 
109.724251 
109.706407 
109.688564 
109.670720 
109.652877 
109.635033 
109.617190 
109.599346 
109.581503 
109.563659 
109.545815 
109.527972 
109.510128 
109.492285 
109.474441 
109.456598 
109.438754 
109.420911 
109.403067 
109.385224 
109.367380 
109.349536 
109.331693 
109.313849 
109.296006 
109.278162 
109.260319 
109.242475 
109.224632 
109.206788 
109.188945 
109.171101 
109.153257 
109.135414 
109.117570 
109.099727 
109.081883 
109.064040 
109.046196 
109.028353 
109.010509 
108.992666 
108.974822 
108.956978 
108.939135 
108.921291 
108.903448 
108.885604 
108.867761 
108.849917 
108.832074 
108.814230 
108.796387 
108.778543 
108.760699 
108.742856 
108.725012 
108.707169 
108.689325 
108.671482 
108.653638 
108.635795 
108.617951 
108.600108 
108.582264 
108.564420 
108.546577 
108.528733 
108.510890 
108.493046 
108.475203 
108.457359 
108.439516 
108.421672 
108.403829 
108.385985 
108.368141 
108.350298 
108.332454 
108.314611 
108.296767 
108.278924 
108.261080 
108.243237 
108.225393 
108.207549 
108.189706 
108.171862 
108.154019 
108.136175 
108.118332 
108.100488 
108.082645 
108.064801 
108.046958 
108.029114 
108.011270 
107.993427 
107.975583 
107.957740 
107.939896 
107.922053 
107.904209 
107.886366 
107.868522 
107.850679 
107.832835 
107.814991 
107.797148 
107.779304 
107.761461 
107.743617 
107.725774 
107.707930 
107.690087 
107.672243 
107.654400 
107.636556 
107.618712 
107.600869 
107.583025 
107.565182 
107.547338 
107.529495 
107.511651 
107.493808 
107.475964 
107.458121 
107.440277 
107.422433 
107.404590 
107.386746 
107.368903 
107.351059 
107.333216 
107.315372 
107.297529 
107.279685 
107.261842 
107.243998 
107.226154 
107.208311 
107.190467 
107.172624 
107.154780 
107.136937 
107.119093 
107.101250 
107.083406 
107.065563 
107.047719 
107.029875 
107.012032 
106.994188 
106.976345 
106.958501 
106.940658 
106.922814 
106.904971 
106.887127 
106.869284 
106.851440 
106.833596 
106.815753 
106.797909 
106.780066 
106.762222 
106.744379 
106.726535 
106.708692 
106.690848 
106.673005 
106.655161 
106.637317 
106.619474 
106.601630 
106.583787 
106.565943 
106.548100 
106.530256 
106.512413 
106.494569 
106.476726 
106.458882 
106.441038 
106.423195 
106.405351 
106.387508 
106.369664 
106.351821 
106.333977 
106.316134 
106.298290 
106.280446 
106.262603 
106.244759 
106.226916 
106.209072 
106.191229 
106.173385 
106.155542 
106.137698 
106.119855 
106.102011 
106.084167 
106.066324 
106.048480 
106.030637 
106.012793 
105.994950 
105.977106 
105.959263 
105.941419 
105.923576 
105.905732 
105.887888 
105.870045 
105.852201 
105.834358 
105.816514 
105.798671 
105.780827 
105.762984 
105.745140 
105.727297 
105.709453 
105.691609 
105.673766 
105.655922 
105.638079 
105.620235 
105.602392 
105.584548 
105.566705 
105.548861 
105.531018 
105.513174 
105.495330 
105.477487 
105.459643 
105.441800 
105.423956 
105.406113 
105.388269 
105.370426 
105.352582 
105.334739 
105.316895 
105.299051 
105.281208 
105.263364 
105.245521 
105.227677 
105.209834 
105.191990 
105.174147 
105.156303 
105.138460 
105.120616 
105.102772 
105.084929 
105.067085 
105.049242 
105.031398 
105.013555 
104.995711 
104.977868 
104.960024 
104.942181 
104.924337 
104.906493 
104.888650 
104.870806 
104.852963 
104.835119 
104.817276 
104.799432 
104.781589 
104.763745 
104.745902 
104.728058 
104.710214 
104.692371 
104.674527 
104.656684 
104.638840 
104.620997 
104.603153 
104.585310 
104.567466 
104.549622 
104.531779 
104.513935 
104.496092 
104.478248 
104.460405 
104.442561 
104.424718 
104.406874 
104.389031 
104.371187 
104.353343 
104.335500 
104.317656 
104.299813 
104.281969 
104.264126 
104.246282 
104.228439 
104.210595 
104.192752 
104.174908 
104.157064 
104.139221 
104.121377 
104.103534 
104.085690 
104.067847 
104.050003 
104.032160 
104.014316 
103.996473 
103.978629 
103.960785 
103.942942 
103.925098 
103.907255 
103.889411 
103.871568 
103.853724 
103.835881 
103.818037 
103.800194 
103.782350 
103.764506 
103.746663 
103.728819 
103.710976 
103.693132 
103.675289 
103.657445 
103.639602 
103.621758 
103.603915 
103.586071 
103.568227 
103.550384 
103.532540 
103.514697 
103.496853 
103.479010 
103.461166 
103.443323 
103.425479 
103.407636 
103.389792 
103.371948 
103.354105 
103.336261 
103.318418 
103.300574 
103.282731 
103.264887 
103.247044 
103.229200 
103.211357 
103.193513 
103.175669 
103.157826 
103.139982 
103.122139 
103.104295 
103.086452 
103.068608 
103.050765 
103.032921 
103.015078 
102.997234 
102.979390 
102.961547 
102.943703 
102.925860 
102.908016 
102.890173 
102.872329 
102.854486 
102.836642 
102.818799 
102.800955 
102.783111 
102.765268 
102.747424 
102.729581 
102.711737 
102.693894 
102.676050 
102.658207 
102.640363 
102.622519 
102.604676 
102.586832 
102.568989 
102.551145 
102.533302 
102.515458 
102.497615 
102.479771 
102.461928 
102.444084 
102.426240 
102.408397 
102.390553 
102.372710 
102.354866 
102.337023 
102.319179 
102.301336 
102.283492 
102.265649 
102.247805 
102.229961 
102.212118 
102.194274 
102.176431 
102.158587 
102.140744 
102.122900 
102.105057 
102.087213 
102.069370 
102.051526 
102.033682 
102.015839 
101.997995 
101.980152 
101.962308 
101.944465 
101.926621 
101.908778 
101.890934 
101.873091 
101.855247 
101.837403 
101.819560 
101.801716 
101.783873 
101.766029 
101.748186 
101.730342 
101.712499 
101.694655 
101.676812 
101.658968 
101.641124 
101.623281 
101.605437 
101.587594 
101.569750 
101.551907 
101.534063 
101.516220 
101.498376 
101.480533 
101.462689 
101.444845 
101.427002 
101.409158 
101.391315 
101.373471 
101.355628 
101.337784 
101.319941 
101.302097 
101.284254 
101.266410 
101.248566 
101.230723 
101.212879 
101.195036 
101.177192 
101.159349 
101.141505 
101.123662 
101.105818 
101.087975 
101.070131 
101.052287 
101.034444 
101.016600 
100.998757 
100.980913 
100.963070 
100.945226 
100.927383 
100.909539 
100.891695 
100.873852 
100.856008 
100.838165 
100.820321 
100.802478 
100.784634 
100.766791 
100.748947 
100.731104 
100.713260 
100.695416 
100.677573 
100.659729 
100.641886 
100.624042 
100.606199 
100.588355 
100.570512 
100.552668 
100.534825 
100.516981 
100.499137 
100.481294 
100.463450 
100.445607 
100.427763 
100.409920 
100.392076 
100.374233 
100.356389 
100.338546 
100.320702 
100.302858 
100.285015 
100.267171 
100.249328 
100.231484 
100.213641 
100.195797 
100.177954 
100.160110 
100.142267 
100.124423 
100.106579 
100.088736 
100.070892 
100.053049 
100.035205 
100.017362 
99.999518 
99.981675 
99.963831 
99.945988 
99.928144 
99.910300 
99.892457 
99.874613 
99.856770 
99.838926 
99.821083 
99.803239 
99.785396 
99.767552 
99.749709 
99.731865 
99.714021 
99.696178 
99.678334 
99.660491 
99.642647 
99.624804 
99.606960 
99.589117 
99.571273 
99.553430 
99.535586 
99.517742 
99.499899 
99.482055 
99.464212 
99.446368 
99.428525 
99.410681 
99.392838 
99.374994 
99.357151 
99.339307 
99.321463 
99.303620 
99.285776 
99.267933 
99.250089 
99.232246 
99.214402 
99.196559 
99.178715 
99.160872 
99.143028 
99.125184 
99.107341 
99.089497 
99.071654 
99.053810 
99.035967 
99.018123 
99.000280 
98.982436 
98.964592 
98.946749 
98.928905 
98.911062 
98.893218 
98.875375 
98.857531 
98.839688 
98.821844 
98.804001 
98.786157 
98.768313 
98.750470 
98.732626 
98.714783 
98.696939 
98.679096 
98.661252 
98.643409 
98.625565 
98.607722 
98.589878 
98.572034 
98.554191 
98.536347 
98.518504 
98.500660 
98.482817 
98.464973 
98.447130 
98.429286 
98.411443 
98.393599 
98.375755 
98.357912 
98.340068 
98.322225 
98.304381 
98.286538 
98.268694 
98.250851 
98.233007 
98.215164 
98.197320 
98.179476 
98.161633 
98.143789 
98.125946 
98.108102 
98.090259 
98.072415 
98.054572 
98.036728 
98.018885 
98.001041 
97.983197 
97.965354 
97.947510 
97.929667 
97.911823 
97.893980 
97.876136 
97.858293 
97.840449 
97.822606 
97.804762 
97.786918 
97.769075 
97.751231 
97.733388 
97.715544 
97.697701 
97.679857 
97.662014 
97.644170 
97.626327 
97.608483 
97.590639 
97.572796 
97.554952 
97.537109 
97.519265 
97.501422 
97.483578 
97.465735 
97.447891 
97.430048 
97.412204 
97.394360 
97.376517 
97.358673 
97.340830 
97.322986 
97.305143 
97.287299 
97.269456 
97.251612 
97.233768 
97.215925 
97.198081 
97.180238 
97.162394 
97.144551 
97.126707 
97.108864 
97.091020 
97.073177 
97.055333 
97.037489 
97.019646 
97.001802 
96.983959 
96.966115 
96.948272 
96.930428 
96.912585 
96.894741 
96.876898 
96.859054 
96.841210 
96.823367 
96.805523 
96.787680 
96.769836 
96.751993 
96.734149 
96.716306 
96.698462 
96.680619 
96.662775 
96.644931 
96.627088 
96.609244 
96.591401 
96.573557 
96.555714 
96.537870 
96.520027 
96.502183 
96.484340 
96.466496 
96.448652 
96.430809 
96.412965 
96.395122 
96.377278 
96.359435 
96.341591 
96.323748 
96.305904 
96.288061 
96.270217 
96.252373 
96.234530 
96.216686 
96.198843 
96.180999 
96.163156 
96.145312 
96.127469 
96.109625 
96.091782 
96.073938 
96.056094 
96.038251 
96.020407 
96.002564 
95.984720 
95.966877 
95.949033 
95.931190 
95.913346 
95.895503 
95.877659 
95.859815 
95.841972 
95.824128 
95.806285 
95.788441 
95.770598 
95.752754 
95.734911 
95.717067 
95.699224 
95.681380 
95.663536 
95.645693 
95.627849 
95.610006 
95.592162 
95.574319 
95.556475 
95.538632 
95.520788 
95.502944 
95.485101 
95.467257 
95.449414 
95.431570 
95.413727 
95.395883 
95.378040 
95.360196 
95.342353 
95.324509 
95.306665 
95.288822 
95.270978 
95.253135 
95.235291 
95.217448 
95.199604 
95.181761 
95.163917 
95.146074 
95.128230 
95.110386 
95.092543 
95.074699 
95.056856 
95.039012 
95.021169 
95.003325 
94.985482 
94.967638 
94.949795 
94.931951 
94.914107 
94.896264 
94.878420 
94.860577 
94.842733 
94.824890 
94.807046 
94.789203 
94.771359 
94.753516 
94.735672 
94.717828 
94.699985 
94.682141 
94.664298 
94.646454 
94.628611 
94.610767 
94.592924 
94.575080 
94.557237 
94.539393 
94.521549 
94.503706 
94.485862 
94.468019 
94.450175 
94.432332 
94.414488 
94.396645 
94.378801 
94.360958 
94.343114 
94.325270 
94.307427 
94.289583 
94.271740 
94.253896 
94.236053 
94.218209 
94.200366 
94.182522 
94.164679 
94.146835 
94.128991 
94.111148 
94.093304 
94.075461 
94.057617 
94.039774 
94.021930 
94.004087 
93.986243 
93.968400 
93.950556 
93.932712 
93.914869 
93.897025 
93.879182 
93.861338 
93.843495 
93.825651 
93.807808 
93.789964 
93.772121 
93.754277 
93.736433 
93.718590 
93.700746 
93.682903 
93.665059 
93.647216 
93.629372 
93.611529 
93.593685 
93.575841 
93.557998 
93.540154 
93.522311 
93.504467 
93.486624 
93.468780 
93.450937 
93.433093 
93.415250 
93.397406 
93.379562 
93.361719 
93.343875 
93.326032 
93.308188 
93.290345 
93.272501 
93.254658 
93.236814 
93.218971 
93.201127 
93.183283 
93.165440 
93.147596 
93.129753 
93.111909 
93.094066 
93.076222 
93.058379 
93.040535 
93.022692 
93.004848 
92.987004 
92.969161 
92.951317 
92.933474 
92.915630 
92.897787 
92.879943 
92.862100 
92.844256 
92.826413 
92.808569 
92.790725 
92.772882 
92.755038 
92.737195 
92.719351 
92.701508 
92.683664 
92.665821 
92.647977 
92.630134 
92.612290 
92.594446 
92.576603 
92.558759 
92.540916 
92.523072 
92.505229 
92.487385 
92.469542 
92.451698 
92.433855 
92.416011 
92.398167 
92.380324 
92.362480 
92.344637 
92.326793 
92.308950 
92.291106 
92.273263 
92.255419 
92.237576 
92.219732 
92.201888 
92.184045 
92.166201 
92.148358 
92.130514 
92.112671 
92.094827 
92.076984 
92.059140 
92.041297 
92.023453 
92.005609 
91.987766 
91.969922 
91.952079 
91.934235 
91.916392 
91.898548 
91.880705 
91.862861 
91.845017 
91.827174 
91.809330 
91.791487 
91.773643 
91.755800 
91.737956 
91.720113 
91.702269 
91.684426 
91.666582 
91.648738 
91.630895 
91.613051 
91.595208 
91.577364 
91.559521 
91.541677 
91.523834 
91.505990 
91.488147 
91.470303 
91.452459 
91.434616 
91.416772 
91.398929 
91.381085 
91.363242 
91.345398 
91.327555 
91.309711 
91.291868 
91.274024 
91.256180 
91.238337 
91.220493 
91.202650 
91.184806 
91.166963 
91.149119 
91.131276 
91.113432 
91.095589 
91.077745 
91.059901 
91.042058 
91.024214 
91.006371 
90.988527 
90.970684 
90.952840 
90.934997 
90.917153 
90.899310 
90.881466 
90.863622 
90.845779 
90.827935 
90.810092 
90.792248 
90.774405 
90.756561 
90.738718 
90.720874 
90.703031 
90.685187 
90.667343 
90.649500 
90.631656 
90.613813 
90.595969 
90.578126 
90.560282 
90.542439 
90.524595 
90.506752 
90.488908 
90.471064 
90.453221 
90.435377 
90.417534 
90.399690 
90.381847 
90.364003 
90.346160 
90.328316 
90.310473 
90.292629 
90.274785 
90.256942 
90.239098 
90.221255 
90.203411 
90.185568 
90.167724 
90.149881 
90.132037 
90.114194 
90.096350 
90.078506 
90.060663 
90.042819 
90.024976 
90.007132 
89.989289 
89.971445 
89.953602 
89.935758 
89.917914 
89.900071 
89.882227 
89.864384 
89.846540 
89.828697 
89.810853 
89.793010 
89.775166 
89.757323 
89.739479 
89.721635 
89.703792 
89.685948 
89.668105 
89.650261 
89.632418 
89.614574 
89.596731 
89.578887 
89.561044 
89.543200 
89.525356 
89.507513 
89.489669 
89.471826 
89.453982 
89.436139 
89.418295 
89.400452 
89.382608 
89.364765 
89.346921 
89.329077 
89.311234 
89.293390 
89.275547 
89.257703 
89.239860 
89.222016 
89.204173 
89.186329 
89.168486 
89.150642 
89.132798 
89.114955 
89.097111 
89.079268 
89.061424 
89.043581 
89.025737 
89.007894 
88.990050 
88.972207 
88.954363 
88.936519 
88.918676 
88.900832 
88.882989 
88.865145 
88.847302 
88.829458 
88.811615 
88.793771 
88.775928 
88.758084 
88.740240 
88.722397 
88.704553 
88.686710 
88.668866 
88.651023 
88.633179 
88.615336 
88.597492 
88.579649 
88.561805 
88.543961 
88.526118 
88.508274 
88.490431 
88.472587 
88.454744 
88.436900 
88.419057 
88.401213 
88.383370 
88.365526 
88.347682 
88.329839 
88.311995 
88.294152 
88.276308 
88.258465 
88.240621 
88.222778 
88.204934 
88.187090 
88.169247 
88.151403 
88.133560 
88.115716 
88.097873 
88.080029 
88.062186 
88.044342 
88.026499 
88.008655 
87.990811 
87.972968 
87.955124 
87.937281 
87.919437 
87.901594 
87.883750 
87.865907 
87.848063 
87.830220 
87.812376 
87.794532 
87.776689 
87.758845 
87.741002 
87.723158 
87.705315 
87.687471 
87.669628 
87.651784 
87.633941 
87.616097 
87.598253 
87.580410 
87.562566 
87.544723 
87.526879 
87.509036 
87.491192 
87.473349 
87.455505 
87.437662 
87.419818 
87.401974 
87.384131 
87.366287 
87.348444 
87.330600 
87.312757 
87.294913 
87.277070 
87.259226 
87.241383 
87.223539 
87.205695 
87.187852 
87.170008 
87.152165 
87.134321 
87.116478 
87.098634 
87.080791 
87.062947 
87.045104 
87.027260 
87.009416 
86.991573 
86.973729 
86.955886 
86.938042 
86.920199 
86.902355 
86.884512 
86.866668 
86.848825 
86.830981 
86.813137 
86.795294 
86.777450 
86.759607 
86.741763 
86.723920 
86.706076 
86.688233 
86.670389 
86.652546 
86.634702 
86.616858 
86.599015 
86.581171 
86.563328 
86.545484 
86.527641 
86.509797 
86.491954 
86.474110 
86.456267 
86.438423 
86.420579 
86.402736 
86.384892 
86.367049 
86.349205 
86.331362 
86.313518 
86.295675 
86.277831 
86.259987 
86.242144 
86.224300 
86.206457 
86.188613 
86.170770 
86.152926 
86.135083 
86.117239 
86.099396 
86.081552 
86.063708 
86.045865 
86.028021 
86.010178 
85.992334 
85.974491 
85.956647 
85.938804 
85.920960 
85.903117 
85.885273 
85.867429 
85.849586 
85.831742 
85.813899 
85.796055 
85.778212 
85.760368 
85.742525 
85.724681 
85.706838 
85.688994 
85.671150 
85.653307 
85.635463 
85.617620 
85.599776 
85.581933 
85.564089 
85.546246 
85.528402 
85.510559 
85.492715 
85.474871 
85.457028 
85.439184 
85.421341 
85.403497 
85.385654 
85.367810 
85.349967 
85.332123 
85.314280 
85.296436 
85.278592 
85.260749 
85.242905 
85.225062 
85.207218 
85.189375 
85.171531 
85.153688 
85.135844 
85.118001 
85.100157 
85.082313 
85.064470 
85.046626 
85.028783 
85.010939 
84.993096 
84.975252 
84.957409 
84.939565 
84.921722 
84.903878 
84.886034 
84.868191 
84.850347 
84.832504 
84.814660 
84.796817 
84.778973 
84.761130 
84.743286 
84.725443 
84.707599 
84.689755 
84.671912 
84.654068 
84.636225 
84.618381 
84.600538 
84.582694 
84.564851 
84.547007 
84.529163 
84.511320 
84.493476 
84.475633 
84.457789 
84.439946 
84.422102 
84.404259 
84.386415 
84.368572 
84.350728 
84.332884 
84.315041 
84.297197 
84.279354 
84.261510 
84.243667 
84.225823 
84.207980 
84.190136 
84.172293 
84.154449 
84.136605 
84.118762 
84.100918 
84.083075 
84.065231 
84.047388 
84.029544 
84.011701 
83.993857 
83.976014 
83.958170 
83.940326 
83.922483 
83.904639 
83.886796 
83.868952 
83.851109 
83.833265 
83.815422 
83.797578 
83.779735 
83.761891 
83.744047 
83.726204 
83.708360 
83.690517 
83.672673 
83.654830 
83.636986 
83.619143 
83.601299 
83.583456 
83.565612 
83.547768 
83.529925 
83.512081 
83.494238 
83.476394 
83.458551 
83.440707 
83.422864 
83.405020 
83.387177 
83.369333 
83.351489 
83.333646 
83.315802 
83.297959 
83.280115 
83.262272 
83.244428 
83.226585 
83.208741 
83.190898 
83.173054 
83.155210 
83.137367 
83.119523 
83.101680 
83.083836 
83.065993 
83.048149 
83.030306 
83.012462 
82.994619 
82.976775 
82.958931 
82.941088 
82.923244 
82.905401 
82.887557 
82.869714 
82.851870 
82.834027 
82.816183 
82.798340 
82.780496 
82.762652 
82.744809 
82.726965 
82.709122 
82.691278 
82.673435 
82.655591 
82.637748 
82.619904 
82.602060 
82.584217 
82.566373 
82.548530 
82.530686 
82.512843 
82.494999 
82.477156 
82.459312 
82.441469 
82.423625 
82.405781 
82.387938 
82.370094 
82.352251 
82.334407 
82.316564 
82.298720 
82.280877 
82.263033 
82.245190 
82.227346 
82.209502 
82.191659 
82.173815 
82.155972 
82.138128 
82.120285 
82.102441 
82.084598 
82.066754 
82.048911 
82.031067 
82.013223 
81.995380 
81.977536 
81.959693 
81.941849 
81.924006 
81.906162 
81.888319 
81.870475 
81.852632 
81.834788 
81.816944 
81.799101 
81.781257 
81.763414 
81.745570 
81.727727 
81.709883 
81.692040 
81.674196 
81.656353 
81.638509 
81.620665 
81.602822 
81.584978 
81.567135 
81.549291 
81.531448 
81.513604 
81.495761 
81.477917 
81.460074 
81.442230 
81.424386 
81.406543 
81.388699 
81.370856 
81.353012 
81.335169 
81.317325 
81.299482 
81.281638 
81.263795 
81.245951 
81.228107 
81.210264 
81.192420 
81.174577 
81.156733 
81.138890 
81.121046 
81.103203 
81.085359 
81.067516 
81.049672 
81.031828 
81.013985 
80.996141 
80.978298 
80.960454 
80.942611 
80.924767 
80.906924 
80.889080 
80.871236 
80.853393 
80.835549 
80.817706 
80.799862 
80.782019 
80.764175 
80.746332 
80.728488 
80.710645 
80.692801 
80.674957 
80.657114 
80.639270 
80.621427 
80.603583 
80.585740 
80.567896 
80.550053 
80.532209 
80.514366 
80.496522 
80.478678 
80.460835 
80.442991 
80.425148 
80.407304 
80.389461 
80.371617 
80.353774 
80.335930 
80.318087 
80.300243 
80.282399 
80.264556 
80.246712 
80.228869 
80.211025 
80.193182 
80.175338 
80.157495 
80.139651 
80.121808 
80.103964 
80.086120 
80.068277 
80.050433 
80.032590 
80.014746 
79.996903 
79.979059 
79.961216 
79.943372 
79.925529 
79.907685 
79.889841 
79.871998 
79.854154 
79.836311 
79.818467 
79.800624 
79.782780 
79.764937 
79.747093 
79.729250 
79.711406 
79.693562 
79.675719 
79.657875 
79.640032 
79.622188 
79.604345 
79.586501 
79.568658 
79.550814 
79.532971 
79.515127 
79.497283 
79.479440 
79.461596 
79.443753 
79.425909 
79.408066 
79.390222 
79.372379 
79.354535 
79.336692 
79.318848 
79.301004 
79.283161 
79.265317 
79.247474 
79.229630 
79.211787 
79.193943 
79.176100 
79.158256 
79.140413 
79.122569 
79.104725 
79.086882 
79.069038 
79.051195 
79.033351 
79.015508 
78.997664 
78.979821 
78.961977 
78.944133 
78.926290 
78.908446 
78.890603 
78.872759 
78.854916 
78.837072 
78.819229 
78.801385 
78.783542 
78.765698 
78.747854 
78.730011 
78.712167 
78.694324 
78.676480 
78.658637 
78.640793 
78.622950 
78.605106 
78.587263 
78.569419 
78.551575 
78.533732 
78.515888 
78.498045 
78.480201 
78.462358 
78.444514 
78.426671 
78.408827 
78.390984 
78.373140 
78.355296 
78.337453 
78.319609 
78.301766 
78.283922 
78.266079 
78.248235 
78.230392 
78.212548 
78.194705 
78.176861 
78.159017 
78.141174 
78.123330 
78.105487 
78.087643 
78.069800 
78.051956 
78.034113 
78.016269 
77.998426 
77.980582 
77.962738 
77.944895 
77.927051 
77.909208 
77.891364 
77.873521 
77.855677 
77.837834 
77.819990 
77.802147 
77.784303 
77.766459 
77.748616 
77.730772 
77.712929 
77.695085 
77.677242 
77.659398 
77.641555 
77.623711 
77.605868 
77.588024 
77.570180 
77.552337 
77.534493 
77.516650 
77.498806 
77.480963 
77.463119 
77.445276 
77.427432 
77.409589 
77.391745 
77.373901 
77.356058 
77.338214 
77.320371 
77.302527 
77.284684 
77.266840 
77.248997 
77.231153 
77.213309 
77.195466 
77.177622 
77.159779 
77.141935 
77.124092 
77.106248 
77.088405 
77.070561 
77.052718 
77.034874 
77.017030 
76.999187 
76.981343 
76.963500 
76.945656 
76.927813 
76.909969 
76.892126 
76.874282 
76.856439 
76.838595 
76.820751 
76.802908 
76.785064 
76.767221 
76.749377 
76.731534 
76.713690 
76.695847 
76.678003 
76.660160 
76.642316 
76.624472 
76.606629 
76.588785 
76.570942 
76.553098 
76.535255 
76.517411 
76.499568 
76.481724 
76.463881 
76.446037 
76.428193 
76.410350 
76.392506 
76.374663 
76.356819 
76.338976 
76.321132 
76.303289 
76.285445 
76.267602 
76.249758 
76.231914 
76.214071 
76.196227 
76.178384 
76.160540 
76.142697 
76.124853 
76.107010 
76.089166 
76.071323 
76.053479 
76.035635 
76.017792 
75.999948 
75.982105 
75.964261 
75.946418 
75.928574 
75.910731 
75.892887 
75.875044 
75.857200 
75.839356 
75.821513 
75.803669 
75.785826 
75.767982 
75.750139 
75.732295 
75.714452 
75.696608 
75.678765 
75.660921 
75.643077 
75.625234 
75.607390 
75.589547 
75.571703 
75.553860 
75.536016 
75.518173 
75.500329 
75.482485 
75.464642 
75.446798 
75.428955 
75.411111 
75.393268 
75.375424 
75.357581 
75.339737 
75.321894 
75.304050 
75.286206 
75.268363 
75.250519 
75.232676 
75.214832 
75.196989 
75.179145 
75.161302 
75.143458 
75.125615 
75.107771 
75.089927 
75.072084 
75.054240 
75.036397 
75.018553 
75.000710 
74.982866 
74.965023 
74.947179 
74.929336 
74.911492 
74.893648 
74.875805 
74.857961 
74.840118 
74.822274 
74.804431 
74.786587 
74.768744 
74.750900 
74.733057 
74.715213 
74.697369 
74.679526 
74.661682 
74.643839 
74.625995 
74.608152 
74.590308 
74.572465 
74.554621 
74.536778 
74.518934 
74.501090 
74.483247 
74.465403 
74.447560 
74.429716 
74.411873 
74.394029 
74.376186 
74.358342 
74.340499 
74.322655 
74.304811 
74.286968 
74.269124 
74.251281 
74.233437 
74.215594 
74.197750 
74.179907 
74.162063 
74.144220 
74.126376 
74.108532 
74.090689 
74.072845 
74.055002 
74.037158 
74.019315 
74.001471 
73.983628 
73.965784 
73.947941 
73.930097 
73.912253 
73.894410 
73.876566 
73.858723 
73.840879 
73.823036 
73.805192 
73.787349 
73.769505 
73.751662 
73.733818 
73.715974 
73.698131 
73.680287 
73.662444 
73.644600 
73.626757 
73.608913 
73.591070 
73.573226 
73.555382 
73.537539 
73.519695 
73.501852 
73.484008 
73.466165 
73.448321 
73.430478 
73.412634 
73.394791 
73.376947 
73.359103 
73.341260 
73.323416 
73.305573 
73.287729 
73.269886 
73.252042 
73.234199 
73.216355 
73.198512 
73.180668 
73.162824 
73.144981 
73.127137 
73.109294 
73.091450 
73.073607 
73.055763 
73.037920 
73.020076 
73.002233 
72.984389 
72.966545 
72.948702 
72.930858 
72.913015 
72.895171 
72.877328 
72.859484 
72.841641 
72.823797 
72.805954 
72.788110 
72.770266 
72.752423 
72.734579 
72.716736 
72.698892 
72.681049 
72.663205 
72.645362 
72.627518 
72.609675 
72.591831 
72.573987 
72.556144 
72.538300 
72.520457 
72.502613 
72.484770 
72.466926 
72.449083 
72.431239 
72.413396 
72.395552 
72.377708 
72.359865 
72.342021 
72.324178 
72.306334 
72.288491 
72.270647 
72.252804 
72.234960 
72.217117 
72.199273 
72.181429 
72.163586 
72.145742 
72.127899 
72.110055 
72.092212 
72.074368 
72.056525 
72.038681 
72.020838 
72.002994 
71.985150 
71.967307 
71.949463 
71.931620 
71.913776 
71.895933 
71.878089 
71.860246 
71.842402 
71.824558 
71.806715 
71.788871 
71.771028 
71.753184 
71.735341 
71.717497 
71.699654 
71.681810 
71.663967 
71.646123 
71.628279 
71.610436 
71.592592 
71.574749 
71.556905 
71.539062 
71.521218 
71.503375 
71.485531 
71.467688 
71.449844 
71.432000 
71.414157 
71.396313 
71.378470 
71.360626 
71.342783 
71.324939 
71.307096 
71.289252 
71.271409 
71.253565 
71.235721 
71.217878 
71.200034 
71.182191 
71.164347 
71.146504 
71.128660 
71.110817 
71.092973 
71.075130 
71.057286 
71.039442 
71.021599 
71.003755 
70.985912 
70.968068 
70.950225 
70.932381 
70.914538 
70.896694 
70.878851 
70.861007 
70.843163 
70.825320 
70.807476 
70.789633 
70.771789 
70.753946 
70.736102 
70.718259 
70.700415 
70.682572 
70.664728 
70.646884 
70.629041 
70.611197 
70.593354 
70.575510 
70.557667 
70.539823 
70.521980 
70.504136 
70.486293 
70.468449 
70.450605 
70.432762 
70.414918 
70.397075 
70.379231 
70.361388 
70.343544 
70.325701 
70.307857 
70.290014 
70.272170 
70.254326 
70.236483 
70.218639 
70.200796 
70.182952 
70.165109 
70.147265 
70.129422 
70.111578 
70.093735 
70.075891 
70.058047 
70.040204 
70.022360 
70.004517 
69.986673 
69.968830 
69.950986 
69.933143 
69.915299 
69.897455 
69.879612 
69.861768 
69.843925 
69.826081 
69.808238 
69.790394 
69.772551 
69.754707 
69.736864 
69.719020 
69.701176 
69.683333 
69.665489 
69.647646 
69.629802 
69.611959 
69.594115 
69.576272 
69.558428 
69.540585 
69.522741 
69.504897 
69.487054 
69.469210 
69.451367 
69.433523 
69.415680 
69.397836 
69.379993 
69.362149 
69.344306 
69.326462 
69.308618 
69.290775 
69.272931 
69.255088 
69.237244 
69.219401 
69.201557 
69.183714 
69.165870 
69.148027 
69.130183 
69.112339 
69.094496 
69.076652 
69.058809 
69.040965 
69.023122 
69.005278 
68.987435 
68.969591 
68.951748 
68.933904 
68.916060 
68.898217 
68.880373 
68.862530 
68.844686 
68.826843 
68.808999 
68.791156 
68.773312 
68.755469 
68.737625 
68.719781 
68.701938 
68.684094 
68.666251 
68.648407 
68.630564 
68.612720 
68.594877 
68.577033 
68.559190 
68.541346 
68.523502 
68.505659 
68.487815 
68.469972 
68.452128 
68.434285 
68.416441 
68.398598 
68.380754 
68.362911 
68.345067 
68.327223 
68.309380 
68.291536 
68.273693 
68.255849 
68.238006 
68.220162 
68.202319 
68.184475 
68.166631 
68.148788 
68.130944 
68.113101 
68.095257 
68.077414 
68.059570 
68.041727 
68.023883 
68.006040 
67.988196 
67.970352 
67.952509 
67.934665 
67.916822 
67.898978 
67.881135 
67.863291 
67.845448 
67.827604 
67.809761 
67.791917 
67.774073 
67.756230 
67.738386 
67.720543 
67.702699 
67.684856 
67.667012 
67.649169 
67.631325 
67.613482 
67.595638 
67.577794 
67.559951 
67.542107 
67.524264 
67.506420 
67.488577 
67.470733 
67.452890 
67.435046 
67.417203 
67.399359 
67.381515 
67.363672 
67.345828 
67.327985 
67.310141 
67.292298 
67.274454 
67.256611 
67.238767 
67.220924 
67.203080 
67.185236 
67.167393 
67.149549 
67.131706 
67.113862 
67.096019 
67.078175 
67.060332 
67.042488 
67.024645 
67.006801 
66.988957 
66.971114 
66.953270 
66.935427 
66.917583 
66.899740 
66.881896 
66.864053 
66.846209 
66.828366 
66.810522 
66.792678 
66.774835 
66.756991 
66.739148 
66.721304 
66.703461 
66.685617 
66.667774 
66.649930 
66.632087 
66.614243 
66.596399 
66.578556 
66.560712 
66.542869 
66.525025 
66.507182 
66.489338 
66.471495 
66.453651 
66.435808 
66.417964 
66.400120 
66.382277 
66.364433 
66.346590 
66.328746 
66.310903 
66.293059 
66.275216 
66.257372 
66.239528 
66.221685 
66.203841 
66.185998 
66.168154 
66.150311 
66.132467 
66.114624 
66.096780 
66.078937 
66.061093 
66.043249 
66.025406 
66.007562 
65.989719 
65.971875 
65.954032 
65.936188 
65.918345 
65.900501 
65.882658 
65.864814 
65.846970 
65.829127 
65.811283 
65.793440 
65.775596 
65.757753 
65.739909 
65.722066 
65.704222 
65.686379 
65.668535 
65.650691 
65.632848 
65.615004 
65.597161 
65.579317 
65.561474 
65.543630 
65.525787 
65.507943 
65.490100 
65.472256 
65.454412 
65.436569 
65.418725 
65.400882 
65.383038 
65.365195 
65.347351 
65.329508 
65.311664 
65.293821 
65.275977 
65.258133 
65.240290 
65.222446 
65.204603 
65.186759 
65.168916 
65.151072 
65.133229 
65.115385 
65.097542 
65.079698 
65.061854 
65.044011 
65.026167 
65.008324 
64.990480 
64.972637 
64.954793 
64.936950 
64.919106 
64.901263 
64.883419 
64.865575 
64.847732 
64.829888 
64.812045 
64.794201 
64.776358 
64.758514 
64.740671 
64.722827 
64.704984 
64.687140 
64.669296 
64.651453 
64.633609 
64.615766 
64.597922 
64.580079 
64.562235 
64.544392 
64.526548 
64.508704 
64.490861 
64.473017 
64.455174 
64.437330 
64.419487 
64.401643 
64.383800 
64.365956 
64.348113 
64.330269 
64.312425 
64.294582 
64.276738 
64.258895 
64.241051 
64.223208 
64.205364 
64.187521 
64.169677 
64.151834 
64.133990 
64.116146 
64.098303 
64.080459 
64.062616 
64.044772 
64.026929 
64.009085 
63.991242 
63.973398 
63.955555 
63.937711 
63.919867 
63.902024 
63.884180 
63.866337 
63.848493 
63.830650 
63.812806 
63.794963 
63.777119 
63.759276 
63.741432 
63.723588 
63.705745 
63.687901 
63.670058 
63.652214 
63.634371 
63.616527 
63.598684 
63.580840 
63.562997 
63.545153 
63.527309 
63.509466 
63.491622 
63.473779 
63.455935 
63.438092 
63.420248 
63.402405 
63.384561 
63.366718 
63.348874 
63.331030 
63.313187 
63.295343 
63.277500 
63.259656 
63.241813 
63.223969 
63.206126 
63.188282 
63.170439 
63.152595 
63.134751 
63.116908 
63.099064 
63.081221 
63.063377 
63.045534 
63.027690 
63.009847 
62.992003 
62.974160 
62.956316 
62.938472 
62.920629 
62.902785 
62.884942 
62.867098 
62.849255 
62.831411 
62.813568 
62.795724 
62.777881 
62.760037 
62.742193 
62.724350 
62.706506 
62.688663 
62.670819 
62.652976 
62.635132 
62.617289 
62.599445 
62.581601 
62.563758 
62.545914 
62.528071 
62.510227 
62.492384 
62.474540 
62.456697 
62.438853 
62.421010 
62.403166 
62.385322 
62.367479 
62.349635 
62.331792 
62.313948 
62.296105 
62.278261 
62.260418 
62.242574 
62.224731 
62.206887 
62.189043 
62.171200 
62.153356 
62.135513 
62.117669 
62.099826 
62.081982 
62.064139 
62.046295 
62.028452 
62.010608 
61.992764 
61.974921 
61.957077 
61.939234 
61.921390 
61.903547 
61.885703 
61.867860 
61.850016 
61.832173 
61.814329 
61.796485 
61.778642 
61.760798 
61.742955 
61.725111 
61.707268 
61.689424 
61.671581 
61.653737 
61.635894 
61.618050 
61.600206 
61.582363 
61.564519 
61.546676 
61.528832 
61.510989 
61.493145 
61.475302 
61.457458 
61.439615 
61.421771 
61.403927 
61.386084 
61.368240 
61.350397 
61.332553 
61.314710 
61.296866 
61.279023 
61.261179 
61.243336 
61.225492 
61.207648 
61.189805 
61.171961 
61.154118 
61.136274 
61.118431 
61.100587 
61.082744 
61.064900 
61.047057 
61.029213 
61.011369 
60.993526 
60.975682 
60.957839 
60.939995 
60.922152 
60.904308 
60.886465 
60.868621 
60.850777 
60.832934 
60.815090 
60.797247 
60.779403 
60.761560 
60.743716 
60.725873 
60.708029 
60.690186 
60.672342 
60.654498 
60.636655 
60.618811 
60.600968 
60.583124 
60.565281 
60.547437 
60.529594 
60.511750 
60.493907 
60.476063 
60.458219 
60.440376 
60.422532 
60.404689 
60.386845 
60.369002 
60.351158 
60.333315 
60.315471 
60.297628 
60.279784 
60.261940 
60.244097 
60.226253 
60.208410 
60.190566 
60.172723 
60.154879 
60.137036 
60.119192 
60.101349 
60.083505 
60.065661 
60.047818 
60.029974 
60.012131 
59.994287 
59.976444 
59.958600 
59.940757 
59.922913 
59.905070 
59.887226 
59.869382 
59.851539 
59.833695 
59.815852 
59.798008 
59.780165 
59.762321 
59.744478 
59.726634 
59.708791 
59.690947 
59.673103 
59.655260 
59.637416 
59.619573 
59.601729 
59.583886 
59.566042 
59.548199 
59.530355 
59.512512 
59.494668 
59.476824 
59.458981 
59.441137 
59.423294 
59.405450 
59.387607 
59.369763 
59.351920 
59.334076 
59.316233 
59.298389 
59.280545 
59.262702 
59.244858 
59.227015 
59.209171 
59.191328 
59.173484 
59.155641 
59.137797 
59.119954 
59.102110 
59.084266 
59.066423 
59.048579 
59.030736 
59.012892 
58.995049 
58.977205 
58.959362 
58.941518 
58.923674 
58.905831 
58.887987 
58.870144 
58.852300 
58.834457 
58.816613 
58.798770 
58.780926 
58.763083 
58.745239 
58.727395 
58.709552 
58.691708 
58.673865 
58.656021 
58.638178 
58.620334 
58.602491 
58.584647 
58.566804 
58.548960 
58.531116 
58.513273 
58.495429 
58.477586 
58.459742 
58.441899 
58.424055 
58.406212 
58.388368 
58.370525 
58.352681 
58.334837 
58.316994 
58.299150 
58.281307 
58.263463 
58.245620 
58.227776 
58.209933 
58.192089 
58.174246 
58.156402 
58.138558 
58.120715 
58.102871 
58.085028 
58.067184 
58.049341 
58.031497 
58.013654 
57.995810 
57.977967 
57.960123 
57.942279 
57.924436 
57.906592 
57.888749 
57.870905 
57.853062 
57.835218 
57.817375 
57.799531 
57.781688 
57.763844 
57.746000 
57.728157 
57.710313 
57.692470 
57.674626 
57.656783 
57.638939 
57.621096 
57.603252 
57.585409 
57.567565 
57.549721 
57.531878 
57.514034 
57.496191 
57.478347 
57.460504 
57.442660 
57.424817 
57.406973 
57.389130 
57.371286 
57.353442 
57.335599 
57.317755 
57.299912 
57.282068 
57.264225 
57.246381 
57.228538 
57.210694 
57.192850 
57.175007 
57.157163 
57.139320 
57.121476 
57.103633 
57.085789 
57.067946 
57.050102 
57.032259 
57.014415 
56.996571 
56.978728 
56.960884 
56.943041 
56.925197 
56.907354 
56.889510 
56.871667 
56.853823 
56.835980 
56.818136 
56.800292 
56.782449 
56.764605 
56.746762 
56.728918 
56.711075 
56.693231 
56.675388 
56.657544 
56.639701 
56.621857 
56.604013 
56.586170 
56.568326 
56.550483 
56.532639 
56.514796 
56.496952 
56.479109 
56.461265 
56.443422 
56.425578 
56.407734 
56.389891 
56.372047 
56.354204 
56.336360 
56.318517 
56.300673 
56.282830 
56.264986 
56.247143 
56.229299 
56.211455 
56.193612 
56.175768 
56.157925 
56.140081 
56.122238 
56.104394 
56.086551 
56.068707 
56.050864 
56.033020 
56.015176 
55.997333 
55.979489 
55.961646 
55.943802 
55.925959 
55.908115 
55.890272 
55.872428 
55.854585 
55.836741 
55.818897 
55.801054 
55.783210 
55.765367 
55.747523 
55.729680 
55.711836 
55.693993 
55.676149 
55.658306 
55.640462 
55.622618 
55.604775 
55.586931 
55.569088 
55.551244 
55.533401 
55.515557 
55.497714 
55.479870 
55.462026 
55.444183 
55.426339 
55.408496 
55.390652 
55.372809 
55.354965 
55.337122 
55.319278 
55.301435 
55.283591 
55.265747 
55.247904 
55.230060 
55.212217 
55.194373 
55.176530 
55.158686 
55.140843 
55.122999 
55.105156 
55.087312 
55.069468 
55.051625 
55.033781 
55.015938 
54.998094 
54.980251 
54.962407 
54.944564 
54.926720 
54.908877 
54.891033 
54.873189 
54.855346 
54.837502 
54.819659 
54.801815 
54.783972 
54.766128 
54.748285 
54.730441 
54.712598 
54.694754 
54.676910 
54.659067 
54.641223 
54.623380 
54.605536 
54.587693 
54.569849 
54.552006 
54.534162 
54.516319 
54.498475 
54.480631 
54.462788 
54.444944 
54.427101 
54.409257 
54.391414 
54.373570 
54.355727 
54.337883 
54.320040 
54.302196 
54.284352 
54.266509 
54.248665 
54.230822 
54.212978 
54.195135 
54.177291 
54.159448 
54.141604 
54.123761 
54.105917 
54.088073 
54.070230 
54.052386 
54.034543 
54.016699 
53.998856 
53.981012 
53.963169 
53.945325 
53.927482 
53.909638 
53.891794 
53.873951 
53.856107 
53.838264 
53.820420 
53.802577 
53.784733 
53.766890 
53.749046 
53.731203 
53.713359 
53.695515 
53.677672 
53.659828 
53.641985 
53.624141 
53.606298 
53.588454 
53.570611 
53.552767 
53.534923 
53.517080 
53.499236 
53.481393 
53.463549 
53.445706 
53.427862 
53.410019 
53.392175 
53.374332 
53.356488 
53.338644 
53.320801 
53.302957 
53.285114 
53.267270 
53.249427 
53.231583 
53.213740 
53.195896 
53.178053 
53.160209 
53.142365 
53.124522 
53.106678 
53.088835 
53.070991 
53.053148 
53.035304 
53.017461 
52.999617 
52.981774 
52.963930 
52.946086 
52.928243 
52.910399 
52.892556 
52.874712 
52.856869 
52.839025 
52.821182 
52.803338 
52.785495 
52.767651 
52.749807 
52.731964 
52.714120 
52.696277 
52.678433 
52.660590 
52.642746 
52.624903 
52.607059 
52.589216 
52.571372 
52.553528 
52.535685 
52.517841 
52.499998 
52.482154 
52.464311 
52.446467 
52.428624 
52.410780 
52.392937 
52.375093 
52.357249 
52.339406 
52.321562 
52.303719 
52.285875 
52.268032 
52.250188 
52.232345 
52.214501 
52.196658 
52.178814 
52.160970 
52.143127 
52.125283 
52.107440 
52.089596 
52.071753 
52.053909 
52.036066 
52.018222 
52.000379 
51.982535 
51.964691 
51.946848 
51.929004 
51.911161 
51.893317 
51.875474 
51.857630 
51.839787 
51.821943 
51.804099 
51.786256 
51.768412 
51.750569 
51.732725 
51.714882 
51.697038 
51.679195 
51.661351 
51.643508 
51.625664 
51.607820 
51.589977 
51.572133 
51.554290 
51.536446 
51.518603 
51.500759 
51.482916 
51.465072 
51.447229 
51.429385 
51.411541 
51.393698 
51.375854 
51.358011 
51.340167 
51.322324 
51.304480 
51.286637 
51.268793 
51.250950 
51.233106 
51.215262 
51.197419 
51.179575 
51.161732 
51.143888 
51.126045 
51.108201 
51.090358 
51.072514 
51.054671 
51.036827 
51.018983 
51.001140 
50.983296 
50.965453 
50.947609 
50.929766 
50.911922 
50.894079 
50.876235 
50.858392 
50.840548 
50.822704 
50.804861 
50.787017 
50.769174 
50.751330 
50.733487 
50.715643 
50.697800 
50.679956 
50.662113 
50.644269 
50.626425 
50.608582 
50.590738 
50.572895 
50.555051 
50.537208 
50.519364 
50.501521 
50.483677 
50.465834 
50.447990 
50.430146 
50.412303 
50.394459 
50.376616 
50.358772 
50.340929 
50.323085 
50.305242 
50.287398 
50.269555 
50.251711 
50.233867 
50.216024 
50.198180 
50.180337 
50.162493 
50.144650 
50.126806 
50.108963 
50.091119 
50.073276 
50.055432 
50.037588 
50.019745 
50.001901 
49.984058 
49.966214 
49.948371 
49.930527 
49.912684 
49.894840 
49.876996 
49.859153 
49.841309 
49.823466 
49.805622 
49.787779 
49.769935 
49.752092 
49.734248 
49.716405 
49.698561 
49.680717 
49.662874 
49.645030 
49.627187 
49.609343 
49.591500 
49.573656 
49.555813 
49.537969 
49.520126 
49.502282 
49.484438 
49.466595 
49.448751 
49.430908 
49.413064 
49.395221 
49.377377 
49.359534 
49.341690 
49.323847 
49.306003 
49.288159 
49.270316 
49.252472 
49.234629 
49.216785 
49.198942 
49.181098 
49.163255 
49.145411 
49.127568 
49.109724 
49.091880 
49.074037 
49.056193 
49.038350 
49.020506 
49.002663 
48.984819 
48.966976 
48.949132 
48.931289 
48.913445 
48.895601 
48.877758 
48.859914 
48.842071 
48.824227 
48.806384 
48.788540 
48.770697 
48.752853 
48.735010 
48.717166 
48.699322 
48.681479 
48.663635 
48.645792 
48.627948 
48.610105 
48.592261 
48.574418 
48.556574 
48.538731 
48.520887 
48.503043 
48.485200 
48.467356 
48.449513 
48.431669 
48.413826 
48.395982 
48.378139 
48.360295 
48.342452 
48.324608 
48.306764 
48.288921 
48.271077 
48.253234 
48.235390 
48.217547 
48.199703 
48.181860 
48.164016 
48.146172 
48.128329 
48.110485 
48.092642 
48.074798 
48.056955 
48.039111 
48.021268 
48.003424 
47.985581 
47.967737 
47.949893 
47.932050 
47.914206 
47.896363 
47.878519 
47.860676 
47.842832 
47.824989 
47.807145 
47.789302 
47.771458 
47.753614 
47.735771 
47.717927 
47.700084 
47.682240 
47.664397 
47.646553 
47.628710 
47.610866 
47.593023 
47.575179 
47.557335 
47.539492 
47.521648 
47.503805 
47.485961 
47.468118 
47.450274 
47.432431 
47.414587 
47.396744 
47.378900 
47.361056 
47.343213 
47.325369 
47.307526 
47.289682 
47.271839 
47.253995 
47.236152 
47.218308 
47.200465 
47.182621 
47.164777 
47.146934 
47.129090 
47.111247 
47.093403 
47.075560 
47.057716 
47.039873 
47.022029 
47.004186 
46.986342 
46.968498 
46.950655 
46.932811 
46.914968 
46.897124 
46.879281 
46.861437 
46.843594 
46.825750 
46.807907 
46.790063 
46.772219 
46.754376 
46.736532 
46.718689 
46.700845 
46.683002 
46.665158 
46.647315 
46.629471 
46.611628 
46.593784 
46.575940 
46.558097 
46.540253 
46.522410 
46.504566 
46.486723 
46.468879 
46.451036 
46.433192 
46.415349 
46.397505 
46.379661 
46.361818 
46.343974 
46.326131 
46.308287 
46.290444 
46.272600 
46.254757 
46.236913 
46.219069 
46.201226 
46.183382 
46.165539 
46.147695 
46.129852 
46.112008 
46.094165 
46.076321 
46.058478 
46.040634 
46.022790 
46.004947 
45.987103 
45.969260 
45.951416 
45.933573 
45.915729 
45.897886 
45.880042 
45.862199 
45.844355 
45.826511 
45.808668 
45.790824 
45.772981 
45.755137 
45.737294 
45.719450 
45.701607 
45.683763 
45.665920 
45.648076 
45.630232 
45.612389 
45.594545 
45.576702 
45.558858 
45.541015 
45.523171 
45.505328 
45.487484 
45.469641 
45.451797 
45.433953 
45.416110 
45.398266 
45.380423 
45.362579 
45.344736 
45.326892 
45.309049 
45.291205 
45.273362 
45.255518 
45.237674 
45.219831 
45.201987 
45.184144 
45.166300 
45.148457 
45.130613 
45.112770 
45.094926 
45.077083 
45.059239 
45.041395 
45.023552 
45.005708 
44.987865 
44.970021 
44.952178 
44.934334 
44.916491 
44.898647 
44.880804 
44.862960 
44.845116 
44.827273 
44.809429 
44.791586 
44.773742 
44.755899 
44.738055 
44.720212 
44.702368 
44.684525 
44.666681 
44.648837 
44.630994 
44.613150 
44.595307 
44.577463 
44.559620 
44.541776 
44.523933 
44.506089 
44.488245 
44.470402 
44.452558 
44.434715 
44.416871 
44.399028 
44.381184 
44.363341 
44.345497 
44.327654 
44.309810 
44.291966 
44.274123 
44.256279 
44.238436 
44.220592 
44.202749 
44.184905 
44.167062 
44.149218 
44.131375 
44.113531 
44.095687 
44.077844 
44.060000 
44.042157 
44.024313 
44.006470 
43.988626 
43.970783 
43.952939 
43.935096 
43.917252 
43.899408 
43.881565 
43.863721 
43.845878 
43.828034 
43.810191 
43.792347 
43.774504 
43.756660 
43.738817 
43.720973 
43.703129 
43.685286 
43.667442 
43.649599 
43.631755 
43.613912 
43.596068 
43.578225 
43.560381 
43.542538 
43.524694 
43.506850 
43.489007 
43.471163 
43.453320 
43.435476 
43.417633 
43.399789 
43.381946 
43.364102 
43.346259 
43.328415 
43.310571 
43.292728 
43.274884 
43.257041 
43.239197 
43.221354 
43.203510 
43.185667 
43.167823 
43.149980 
43.132136 
43.114292 
43.096449 
43.078605 
43.060762 
43.042918 
43.025075 
43.007231 
42.989388 
42.971544 
42.953701 
42.935857 
42.918013 
42.900170 
42.882326 
42.864483 
42.846639 
42.828796 
42.810952 
42.793109 
42.775265 
42.757422 
42.739578 
42.721734 
42.703891 
42.686047 
42.668204 
42.650360 
42.632517 
42.614673 
42.596830 
42.578986 
42.561142 
42.543299 
42.525455 
42.507612 
42.489768 
42.471925 
42.454081 
42.436238 
42.418394 
42.400551 
42.382707 
42.364863 
42.347020 
42.329176 
42.311333 
42.293489 
42.275646 
42.257802 
42.239959 
42.222115 
42.204272 
42.186428 
42.168584 
42.150741 
42.132897 
42.115054 
42.097210 
42.079367 
42.061523 
42.043680 
42.025836 
42.007993 
41.990149 
41.972305 
41.954462 
41.936618 
41.918775 
41.900931 
41.883088 
41.865244 
41.847401 
41.829557 
41.811714 
41.793870 
41.776026 
41.758183 
41.740339 
41.722496 
41.704652 
41.686809 
41.668965 
41.651122 
41.633278 
41.615435 
41.597591 
41.579747 
41.561904 
41.544060 
41.526217 
41.508373 
41.490530 
41.472686 
41.454843 
41.436999 
41.419156 
41.401312 
41.383468 
41.365625 
41.347781 
41.329938 
41.312094 
41.294251 
41.276407 
41.258564 
41.240720 
41.222877 
41.205033 
41.187189 
41.169346 
41.151502 
41.133659 
41.115815 
41.097972 
41.080128 
41.062285 
41.044441 
41.026598 
41.008754 
40.990910 
40.973067 
40.955223 
40.937380 
40.919536 
40.901693 
40.883849 
40.866006 
40.848162 
40.830318 
40.812475 
40.794631 
40.776788 
40.758944 
40.741101 
40.723257 
40.705414 
40.687570 
40.669727 
40.651883 
40.634039 
40.616196 
40.598352 
40.580509 
40.562665 
40.544822 
40.526978 
40.509135 
40.491291 
40.473448 
40.455604 
40.437760 
40.419917 
40.402073 
40.384230 
40.366386 
40.348543 
40.330699 
40.312856 
40.295012 
40.277169 
40.259325 
40.241481 
40.223638 
40.205794 
40.187951 
40.170107 
40.152264 
40.134420 
40.116577 
40.098733 
40.080890 
40.063046 
40.045202 
40.027359 
40.009515 
39.991672 
39.973828 
39.955985 
39.938141 
39.920298 
39.902454 
39.884611 
39.866767 
39.848923 
39.831080 
39.813236 
39.795393 
39.777549 
39.759706 
39.741862 
39.724019 
39.706175 
39.688332 
39.670488 
39.652644 
39.634801 
39.616957 
39.599114 
39.581270 
39.563427 
39.545583 
39.527740 
39.509896 
39.492053 
39.474209 
39.456365 
39.438522 
39.420678 
39.402835 
39.384991 
39.367148 
39.349304 
39.331461 
39.313617 
39.295774 
39.277930 
39.260086 
39.242243 
39.224399 
39.206556 
39.188712 
39.170869 
39.153025 
39.135182 
39.117338 
39.099495 
39.081651 
39.063807 
39.045964 
39.028120 
39.010277 
38.992433 
38.974590 
38.956746 
38.938903 
38.921059 
38.903215 
38.885372 
38.867528 
38.849685 
38.831841 
38.813998 
38.796154 
38.778311 
38.760467 
38.742624 
38.724780 
38.706936 
38.689093 
38.671249 
38.653406 
38.635562 
38.617719 
38.599875 
38.582032 
38.564188 
38.546345 
38.528501 
38.510657 
38.492814 
38.474970 
38.457127 
38.439283 
38.421440 
38.403596 
38.385753 
38.367909 
38.350066 
38.332222 
38.314378 
38.296535 
38.278691 
38.260848 
38.243004 
38.225161 
38.207317 
38.189474 
38.171630 
38.153787 
38.135943 
38.118099 
38.100256 
38.082412 
38.064569 
38.046725 
38.028882 
38.011038 
37.993195 
37.975351 
37.957508 
37.939664 
37.921820 
37.903977 
37.886133 
37.868290 
37.850446 
37.832603 
37.814759 
37.796916 
37.779072 
37.761229 
37.743385 
37.725541 
37.707698 
37.689854 
37.672011 
37.654167 
37.636324 
37.618480 
37.600637 
37.582793 
37.564950 
37.547106 
37.529262 
37.511419 
37.493575 
37.475732 
37.457888 
37.440045 
37.422201 
37.404358 
37.386514 
37.368671 
37.350827 
37.332983 
37.315140 
37.297296 
37.279453 
37.261609 
37.243766 
37.225922 
37.208079 
37.190235 
37.172391 
37.154548 
37.136704 
37.118861 
37.101017 
37.083174 
37.065330 
37.047487 
37.029643 
37.011800 
36.993956 
36.976112 
36.958269 
36.940425 
36.922582 
36.904738 
36.886895 
36.869051 
36.851208 
36.833364 
36.815521 
36.797677 
36.779833 
36.761990 
36.744146 
36.726303 
36.708459 
36.690616 
36.672772 
36.654929 
36.637085 
36.619242 
36.601398 
36.583554 
36.565711 
36.547867 
36.530024 
36.512180 
36.494337 
36.476493 
36.458650 
36.440806 
36.422963 
36.405119 
36.387275 
36.369432 
36.351588 
36.333745 
36.315901 
36.298058 
36.280214 
36.262371 
36.244527 
36.226684 
36.208840 
36.190996 
36.173153 
36.155309 
36.137466 
36.119622 
36.101779 
36.083935 
36.066092 
36.048248 
36.030405 
36.012561 
35.994717 
35.976874 
35.959030 
35.941187 
35.923343 
35.905500 
35.887656 
35.869813 
35.851969 
35.834126 
35.816282 
35.798438 
35.780595 
35.762751 
35.744908 
35.727064 
35.709221 
35.691377 
35.673534 
35.655690 
35.637847 
35.620003 
35.602159 
35.584316 
35.566472 
35.548629 
35.530785 
35.512942 
35.495098 
35.477255 
35.459411 
35.441567 
35.423724 
35.405880 
35.388037 
35.370193 
35.352350 
35.334506 
35.316663 
35.298819 
35.280976 
35.263132 
35.245288 
35.227445 
35.209601 
35.191758 
35.173914 
35.156071 
35.138227 
35.120384 
35.102540 
35.084697 
35.066853 
35.049009 
35.031166 
35.013322 
34.995479 
34.977635 
34.959792 
34.941948 
34.924105 
34.906261 
34.888418 
34.870574 
34.852730 
34.834887 
34.817043 
34.799200 
34.781356 
34.763513 
34.745669 
34.727826 
34.709982 
34.692139 
34.674295 
34.656451 
34.638608 
34.620764 
34.602921 
34.585077 
34.567234 
34.549390 
34.531547 
34.513703 
34.495860 
34.478016 
34.460172 
34.442329 
34.424485 
34.406642 
34.388798 
34.370955 
34.353111 
34.335268 
34.317424 
34.299581 
34.281737 
34.263893 
34.246050 
34.228206 
34.210363 
34.192519 
34.174676 
34.156832 
34.138989 
34.121145 
34.103302 
34.085458 
34.067614 
34.049771 
34.031927 
34.014084 
33.996240 
33.978397 
33.960553 
33.942710 
33.924866 
33.907023 
33.889179 
33.871335 
33.853492 
33.835648 
33.817805 
33.799961 
33.782118 
33.764274 
33.746431 
33.728587 
33.710744 
33.692900 
33.675056 
33.657213 
33.639369 
33.621526 
33.603682 
33.585839 
33.567995 
33.550152 
33.532308 
33.514464 
33.496621 
33.478777 
33.460934 
33.443090 
33.425247 
33.407403 
33.389560 
33.371716 
33.353873 
33.336029 
33.318185 
33.300342 
33.282498 
33.264655 
33.246811 
33.228968 
33.211124 
33.193281 
33.175437 
33.157594 
33.139750 
33.121906 
33.104063 
33.086219 
33.068376 
33.050532 
33.032689 
33.014845 
32.997002 
32.979158 
32.961315 
32.943471 
32.925627 
32.907784 
32.889940 
32.872097 
32.854253 
32.836410 
32.818566 
32.800723 
32.782879 
32.765036 
32.747192 
32.729348 
32.711505 
32.693661 
32.675818 
32.657974 
32.640131 
32.622287 
32.604444 
32.586600 
32.568757 
32.550913 
32.533069 
32.515226 
32.497382 
32.479539 
32.461695 
32.443852 
32.426008 
32.408165 
32.390321 
32.372478 
32.354634 
32.336790 
32.318947 
32.301103 
32.283260 
32.265416 
32.247573 
32.229729 
32.211886 
32.194042 
32.176199 
32.158355 
32.140511 
32.122668 
32.104824 
32.086981 
32.069137 
32.051294 
32.033450 
32.015607 
31.997763 
31.979920 
31.962076 
31.944232 
31.926389 
31.908545 
31.890702 
31.872858 
31.855015 
31.837171 
31.819328 
31.801484 
31.783640 
31.765797 
31.747953 
31.730110 
31.712266 
31.694423 
31.676579 
31.658736 
31.640892 
31.623049 
31.605205 
31.587361 
31.569518 
31.551674 
31.533831 
31.515987 
31.498144 
31.480300 
31.462457 
31.444613 
31.426770 
31.408926 
31.391082 
31.373239 
31.355395 
31.337552 
31.319708 
31.301865 
31.284021 
31.266178 
31.248334 
31.230491 
31.212647 
31.194803 
31.176960 
31.159116 
31.141273 
31.123429 
31.105586 
31.087742 
31.069899 
31.052055 
31.034212 
31.016368 
30.998524 
30.980681 
30.962837 
30.944994 
30.927150 
30.909307 
30.891463 
30.873620 
30.855776 
30.837933 
30.820089 
30.802245 
30.784402 
30.766558 
30.748715 
30.730871 
30.713028 
30.695184 
30.677341 
30.659497 
30.641654 
30.623810 
30.605966 
30.588123 
30.570279 
30.552436 
30.534592 
30.516749 
30.498905 
30.481062 
30.463218 
30.445375 
30.427531 
30.409687 
30.391844 
30.374000 
30.356157 
30.338313 
30.320470 
30.302626 
30.284783 
30.266939 
30.249096 
30.231252 
30.213408 
30.195565 
30.177721 
30.159878 
30.142034 
30.124191 
30.106347 
30.088504 
30.070660 
30.052817 
30.034973 
30.017129 
29.999286 
29.981442 
29.963599 
29.945755 
29.927912 
29.910068 
29.892225 
29.874381 
29.856537 
29.838694 
29.820850 
29.803007 
29.785163 
29.767320 
29.749476 
29.731633 
29.713789 
29.695946 
29.678102 
29.660258 
29.642415 
29.624571 
29.606728 
29.588884 
29.571041 
29.553197 
29.535354 
29.517510 
29.499667 
29.481823 
29.463979 
29.446136 
29.428292 
29.410449 
29.392605 
29.374762 
29.356918 
29.339075 
29.321231 
29.303388 
29.285544 
29.267700 
29.249857 
29.232013 
29.214170 
29.196326 
29.178483 
29.160639 
29.142796 
29.124952 
29.107109 
29.089265 
29.071421 
29.053578 
29.035734 
29.017891 
29.000047 
28.982204 
28.964360 
28.946517 
28.928673 
28.910830 
28.892986 
28.875142 
28.857299 
28.839455 
28.821612 
28.803768 
28.785925 
28.768081 
28.750238 
28.732394 
28.714551 
28.696707 
28.678863 
28.661020 
28.643176 
28.625333 
28.607489 
28.589646 
28.571802 
28.553959 
28.536115 
28.518272 
28.500428 
28.482584 
28.464741 
28.446897 
28.429054 
28.411210 
28.393367 
28.375523 
28.357680 
28.339836 
28.321993 
28.304149 
28.286305 
28.268462 
28.250618 
28.232775 
28.214931 
28.197088 
28.179244 
28.161401 
28.143557 
28.125713 
28.107870 
28.090026 
28.072183 
28.054339 
28.036496 
28.018652 
28.000809 
27.982965 
27.965122 
27.947278 
27.929434 
27.911591 
27.893747 
27.875904 
27.858060 
27.840217 
27.822373 
27.804530 
27.786686 
27.768843 
27.750999 
27.733155 
27.715312 
27.697468 
27.679625 
27.661781 
27.643938 
27.626094 
27.608251 
27.590407 
27.572564 
27.554720 
27.536876 
27.519033 
27.501189 
27.483346 
27.465502 
27.447659 
27.429815 
27.411972 
27.394128 
27.376285 
27.358441 
27.340597 
27.322754 
27.304910 
27.287067 
27.269223 
27.251380 
27.233536 
27.215693 
27.197849 
27.180006 
27.162162 
27.144318 
27.126475 
27.108631 
27.090788 
27.072944 
27.055101 
27.037257 
27.019414 
27.001570 
26.983727 
26.965883 
26.948039 
26.930196 
26.912352 
26.894509 
26.876665 
26.858822 
26.840978 
26.823135 
26.805291 
26.787448 
26.769604 
26.751760 
26.733917 
26.716073 
26.698230 
26.680386 
26.662543 
26.644699 
26.626856 
26.609012 
26.591169 
26.573325 
26.555481 
26.537638 
26.519794 
26.501951 
26.484107 
26.466264 
26.448420 
26.430577 
26.412733 
26.394890 
26.377046 
26.359202 
26.341359 
26.323515 
26.305672 
26.287828 
26.269985 
26.252141 
26.234298 
26.216454 
26.198610 
26.180767 
26.162923 
26.145080 
26.127236 
26.109393 
26.091549 
26.073706 
26.055862 
26.038019 
26.020175 
26.002331 
25.984488 
25.966644 
25.948801 
25.930957 
25.913114 
25.895270 
25.877427 
25.859583 
25.841740 
25.823896 
25.806052 
25.788209 
25.770365 
25.752522 
25.734678 
25.716835 
25.698991 
25.681148 
25.663304 
25.645461 
25.627617 
25.609773 
25.591930 
25.574086 
25.556243 
25.538399 
25.520556 
25.502712 
25.484869 
25.467025 
25.449182 
25.431338 
25.413494 
25.395651 
25.377807 
25.359964 
25.342120 
25.324277 
25.306433 
25.288590 
25.270746 
25.252903 
25.235059 
25.217215 
25.199372 
25.181528 
25.163685 
25.145841 
25.127998 
25.110154 
25.092311 
25.074467 
25.056624 
25.038780 
25.020936 
25.003093 
24.985249 
24.967406 
24.949562 
24.931719 
24.913875 
24.896032 
24.878188 
24.860345 
24.842501 
24.824657 
24.806814 
24.788970 
24.771127 
24.753283 
24.735440 
24.717596 
24.699753 
24.681909 
24.664066 
24.646222 
24.628378 
24.610535 
24.592691 
24.574848 
24.557004 
24.539161 
24.521317 
24.503474 
24.485630 
24.467786 
24.449943 
24.432099 
24.414256 
24.396412 
24.378569 
24.360725 
24.342882 
24.325038 
24.307195 
24.289351 
24.271507 
24.253664 
24.235820 
24.217977 
24.200133 
24.182290 
24.164446 
24.146603 
24.128759 
24.110916 
24.093072 
24.075228 
24.057385 
24.039541 
24.021698 
24.003854 
23.986011 
23.968167 
23.950324 
23.932480 
23.914637 
23.896793 
23.878949 
23.861106 
23.843262 
23.825419 
23.807575 
23.789732 
23.771888 
23.754045 
23.736201 
23.718358 
23.700514 
23.682670 
23.664827 
23.646983 
23.629140 
23.611296 
23.593453 
23.575609 
23.557766 
23.539922 
23.522079 
23.504235 
23.486391 
23.468548 
23.450704 
23.432861 
23.415017 
23.397174 
23.379330 
23.361487 
23.343643 
23.325800 
23.307956 
23.290112 
23.272269 
23.254425 
23.236582 
23.218738 
23.200895 
23.183051 
23.165208 
23.147364 
23.129521 
23.111677 
23.093833 
23.075990 
23.058146 
23.040303 
23.022459 
23.004616 
22.986772 
22.968929 
22.951085 
22.933242 
22.915398 
22.897554 
22.879711 
22.861867 
22.844024 
22.826180 
22.808337 
22.790493 
22.772650 
22.754806 
22.736963 
22.719119 
22.701275 
22.683432 
22.665588 
22.647745 
22.629901 
22.612058 
22.594214 
22.576371 
22.558527 
22.540683 
22.522840 
22.504996 
22.487153 
22.469309 
22.451466 
22.433622 
22.415779 
22.397935 
22.380092 
22.362248 
22.344404 
22.326561 
22.308717 
22.290874 
22.273030 
22.255187 
22.237343 
22.219500 
22.201656 
22.183813 
22.165969 
22.148125 
22.130282 
22.112438 
22.094595 
22.076751 
22.058908 
22.041064 
22.023221 
22.005377 
21.987534 
21.969690 
21.951846 
21.934003 
21.916159 
21.898316 
21.880472 
21.862629 
21.844785 
21.826942 
21.809098 
21.791255 
21.773411 
21.755567 
21.737724 
21.719880 
21.702037 
21.684193 
21.666350 
21.648506 
21.630663 
21.612819 
21.594976 
21.577132 
21.559288 
21.541445 
21.523601 
21.505758 
21.487914 
21.470071 
21.452227 
21.434384 
21.416540 
21.398697 
21.380853 
21.363009 
21.345166 
21.327322 
21.309479 
21.291635 
21.273792 
21.255948 
21.238105 
21.220261 
21.202418 
21.184574 
21.166730 
21.148887 
21.131043 
21.113200 
21.095356 
21.077513 
21.059669 
21.041826 
21.023982 
21.006139 
20.988295 
20.970451 
20.952608 
20.934764 
20.916921 
20.899077 
20.881234 
20.863390 
20.845547 
20.827703 
20.809859 
20.792016 
20.774172 
20.756329 
20.738485 
20.720642 
20.702798 
20.684955 
20.667111 
20.649268 
20.631424 
20.613580 
20.595737 
20.577893 
20.560050 
20.542206 
20.524363 
20.506519 
20.488676 
20.470832 
20.452989 
20.435145 
20.417301 
20.399458 
20.381614 
20.363771 
20.345927 
20.328084 
20.310240 
20.292397 
20.274553 
20.256710 
20.238866 
20.221022 
20.203179 
20.185335 
20.167492 
20.149648 
20.131805 
20.113961 
20.096118 
20.078274 
20.060431 
20.042587 
20.024743 
20.006900 
19.989056 
19.971213 
19.953369 
19.935526 
19.917682 
19.899839 
19.881995 
19.864152 
19.846308 
19.828464 
19.810621 
19.792777 
19.774934 
19.757090 
19.739247 
19.721403 
19.703560 
19.685716 
19.667873 
19.650029 
19.632185 
19.614342 
19.596498 
19.578655 
19.560811 
19.542968 
19.525124 
19.507281 
19.489437 
19.471594 
19.453750 
19.435906 
19.418063 
19.400219 
19.382376 
19.364532 
19.346689 
19.328845 
19.311002 
19.293158 
19.275315 
19.257471 
19.239627 
19.221784 
19.203940 
19.186097 
19.168253 
19.150410 
19.132566 
19.114723 
19.096879 
19.079036 
19.061192 
19.043348 
19.025505 
19.007661 
18.989818 
18.971974 
18.954131 
18.936287 
18.918444 
18.900600 
18.882756 
18.864913 
18.847069 
18.829226 
18.811382 
18.793539 
18.775695 
18.757852 
18.740008 
18.722165 
18.704321 
18.686477 
18.668634 
18.650790 
18.632947 
18.615103 
18.597260 
18.579416 
18.561573 
18.543729 
18.525886 
18.508042 
18.490198 
18.472355 
18.454511 
18.436668 
18.418824 
18.400981 
18.383137 
18.365294 
18.347450 
18.329607 
18.311763 
18.293919 
18.276076 
18.258232 
18.240389 
18.222545 
18.204702 
18.186858 
18.169015 
18.151171 
18.133328 
18.115484 
18.097640 
18.079797 
18.061953 
18.044110 
18.026266 
18.008423 
17.990579 
17.972736 
17.954892 
17.937049 
17.919205 
17.901361 
17.883518 
17.865674 
17.847831 
17.829987 
17.812144 
17.794300 
17.776457 
17.758613 
17.740770 
17.722926 
17.705082 
17.687239 
17.669395 
17.651552 
17.633708 
17.615865 
17.598021 
17.580178 
17.562334 
17.544491 
17.526647 
17.508803 
17.490960 
17.473116 
17.455273 
17.437429 
17.419586 
17.401742 
17.383899 
17.366055 
17.348212 
17.330368 
17.312524 
17.294681 
17.276837 
17.258994 
17.241150 
17.223307 
17.205463 
17.187620 
17.169776 
17.151932 
17.134089 
17.116245 
17.098402 
17.080558 
17.062715 
17.044871 
17.027028 
17.009184 
16.991341 
16.973497 
16.955653 
16.937810 
16.919966 
16.902123 
16.884279 
16.866436 
16.848592 
16.830749 
16.812905 
16.795062 
16.777218 
16.759374 
16.741531 
16.723687 
16.705844 
16.688000 
16.670157 
16.652313 
16.634470 
16.616626 
16.598783 
16.580939 
16.563095 
16.545252 
16.527408 
16.509565 
16.491721 
16.473878 
16.456034 
16.438191 
16.420347 
16.402504 
16.384660 
16.366816 
16.348973 
16.331129 
16.313286 
16.295442 
16.277599 
16.259755 
16.241912 
16.224068 
16.206225 
16.188381 
16.170537 
16.152694 
16.134850 
16.117007 
16.099163 
16.081320 
16.063476 
16.045633 
16.027789 
16.009946 
15.992102 
15.974258 
15.956415 
15.938571 
15.920728 
15.902884 
15.885041 
15.867197 
15.849354 
15.831510 
15.813667 
15.795823 
15.777979 
15.760136 
15.742292 
15.724449 
15.706605 
15.688762 
15.670918 
15.653075 
15.635231 
15.617388 
15.599544 
15.581700 
15.563857 
15.546013 
15.528170 
15.510326 
15.492483 
15.474639 
15.456796 
15.438952 
15.421108 
15.403265 
15.385421 
15.367578 
15.349734 
15.331891 
15.314047 
15.296204 
15.278360 
15.260517 
15.242673 
15.224829 
15.206986 
15.189142 
15.171299 
15.153455 
15.135612 
15.117768 
15.099925 
15.082081 
15.064238 
15.046394 
15.028550 
15.010707 
14.992863 
14.975020 
14.957176 
14.939333 
14.921489 
14.903646 
14.885802 
14.867959 
14.850115 
14.832271 
14.814428 
14.796584 
14.778741 
14.760897 
14.743054 
14.725210 
14.707367 
14.689523 
14.671680 
14.653836 
14.635992 
14.618149 
14.600305 
14.582462 
14.564618 
14.546775 
14.528931 
14.511088 
14.493244 
14.475401 
14.457557 
14.439713 
14.421870 
14.404026 
14.386183 
14.368339 
14.350496 
14.332652 
14.314809 
14.296965 
14.279122 
14.261278 
14.243434 
14.225591 
14.207747 
14.189904 
14.172060 
14.154217 
14.136373 
14.118530 
14.100686 
14.082843 
14.064999 
14.047155 
14.029312 
14.011468 
13.993625 
13.975781 
13.957938 
13.940094 
13.922251 
13.904407 
13.886564 
13.868720 
13.850876 
13.833033 
13.815189 
13.797346 
13.779502 
13.761659 
13.743815 
13.725972 
13.708128 
13.690285 
13.672441 
13.654597 
13.636754 
13.618910 
13.601067 
13.583223 
13.565380 
13.547536 
13.529693 
13.511849 
13.494005 
13.476162 
13.458318 
13.440475 
13.422631 
13.404788 
13.386944 
13.369101 
13.351257 
13.333414 
13.315570 
13.297726 
13.279883 
13.262039 
13.244196 
13.226352 
13.208509 
13.190665 
13.172822 
13.154978 
13.137135 
13.119291 
13.101447 
13.083604 
13.065760 
13.047917 
13.030073 
13.012230 
12.994386 
12.976543 
12.958699 
12.940856 
12.923012 
12.905168 
12.887325 
12.869481 
12.851638 
12.833794 
12.815951 
12.798107 
12.780264 
12.762420 
12.744577 
12.726733 
12.708889 
12.691046 
12.673202 
12.655359 
12.637515 
12.619672 
12.601828 
12.583985 
12.566141 
12.548298 
12.530454 
12.512610 
12.494767 
12.476923 
12.459080 
12.441236 
12.423393 
12.405549 
12.387706 
12.369862 
12.352019 
12.334175 
12.316331 
12.298488 
12.280644 
12.262801 
12.244957 
12.227114 
12.209270 
12.191427 
12.173583 
12.155740 
12.137896 
12.120052 
12.102209 
12.084365 
12.066522 
12.048678 
12.030835 
12.012991 
11.995148 
11.977304 
11.959461 
11.941617 
11.923773 
11.905930 
11.888086 
11.870243 
11.852399 
11.834556 
11.816712 
11.798869 
11.781025 
11.763181 
11.745338 
11.727494 
11.709651 
11.691807 
11.673964 
11.656120 
11.638277 
11.620433 
11.602590 
11.584746 
11.566902 
11.549059 
11.531215 
11.513372 
11.495528 
11.477685 
11.459841 
11.441998 
11.424154 
11.406311 
11.388467 
11.370623 
11.352780 
11.334936 
11.317093 
11.299249 
11.281406 
11.263562 
11.245719 
11.227875 
11.210032 
11.192188 
11.174344 
11.156501 
11.138657 
11.120814 
11.102970 
11.085127 
11.067283 
11.049440 
11.031596 
11.013753 
10.995909 
10.978065 
10.960222 
10.942378 
10.924535 
10.906691 
10.888848 
10.871004 
10.853161 
10.835317 
10.817474 
10.799630 
10.781786 
10.763943 
10.746099 
10.728256 
10.710412 
10.692569 
10.674725 
10.656882 
10.639038 
10.621195 
10.603351 
10.585507 
10.567664 
10.549820 
10.531977 
10.514133 
10.496290 
10.478446 
10.460603 
10.442759 
10.424916 
10.407072 
10.389228 
10.371385 
10.353541 
10.335698 
10.317854 
10.300011 
10.282167 
10.264324 
10.246480 
10.228637 
10.210793 
10.192949 
10.175106 
10.157262 
10.139419 
10.121575 
10.103732 
10.085888 
10.068045 
10.050201 
10.032358 
10.014514 
9.996670 
9.978827 
9.960983 
9.943140 
9.925296 
9.907453 
9.889609 
9.871766 
9.853922 
9.836078 
9.818235 
9.800391 
9.782548 
9.764704 
9.746861 
9.729017 
9.711174 
9.693330 
9.675487 
9.657643 
9.639799 
9.621956 
9.604112 
9.586269 
9.568425 
9.550582 
9.532738 
9.514895 
9.497051 
9.479208 
9.461364 
9.443520 
9.425677 
9.407833 
9.389990 
9.372146 
9.354303 
9.336459 
9.318616 
9.300772 
9.282929 
9.265085 
9.247241 
9.229398 
9.211554 
9.193711 
9.175867 
9.158024 
9.140180 
9.122337 
9.104493 
9.086650 
9.068806 
9.050962 
9.033119 
9.015275 
8.997432 
8.979588 
8.961745 
8.943901 
8.926058 
8.908214 
8.890371 
8.872527 
8.854683 
8.836840 
8.818996 
8.801153 
8.783309 
8.765466 
8.747622 
8.729779 
8.711935 
8.694092 
8.676248 
8.658404 
8.640561 
8.622717 
8.604874 
8.587030 
8.569187 
8.551343 
8.533500 
8.515656 
8.497813 
8.479969 
8.462125 
8.444282 
8.426438 
8.408595 
8.390751 
8.372908 
8.355064 
8.337221 
8.319377 
8.301534 
8.283690 
8.265846 
8.248003 
8.230159 
8.212316 
8.194472 
8.176629 
8.158785 
8.140942 
8.123098 
8.105254 
8.087411 
8.069567 
8.051724 
8.033880 
8.016037 
7.998193 
7.980350 
7.962506 
7.944663 
7.926819 
7.908975 
7.891132 
7.873288 
7.855445 
7.837601 
7.819758 
7.801914 
7.784071 
7.766227 
7.748384 
7.730540 
7.712696 
7.694853 
7.677009 
7.659166 
7.641322 
7.623479 
7.605635 
7.587792 
7.569948 
7.552105 
7.534261 
7.516417 
7.498574 
7.480730 
7.462887 
7.445043 
7.427200 
7.409356 
7.391513 
7.373669 
7.355826 
7.337982 
7.320138 
7.302295 
7.284451 
7.266608 
7.248764 
7.230921 
7.213077 
7.195234 
7.177390 
7.159547 
7.141703 
7.123859 
7.106016 
7.088172 
7.070329 
7.052485 
7.034642 
7.016798 
6.998955 
6.981111 
6.963268 
6.945424 
6.927580 
6.909737 
6.891893 
6.874050 
6.856206 
6.838363 
6.820519 
6.802676 
6.784832 
6.766989 
6.749145 
6.731301 
6.713458 
6.695614 
6.677771 
6.659927 
6.642084 
6.624240 
6.606397 
6.588553 
6.570710 
6.552866 
6.535022 
6.517179 
6.499335 
6.481492 
6.463648 
6.445805 
6.427961 
6.410118 
6.392274 
6.374431 
6.356587 
6.338743 
6.320900 
6.303056 
6.285213 
6.267369 
6.249526 
6.231682 
6.213839 
6.195995 
6.178151 
6.160308 
6.142464 
6.124621 
6.106777 
6.088934 
6.071090 
6.053247 
6.035403 
6.017560 
5.999716 
5.981872 
5.964029 
5.946185 
5.928342 
5.910498 
5.892655 
5.874811 
5.856968 
5.839124 
5.821281 
5.803437 
5.785593 
5.767750 
5.749906 
5.732063 
5.714219 
5.696376 
5.678532 
5.660689 
5.642845 
5.625002 
5.607158 
5.589314 
5.571471 
5.553627 
5.535784 
5.517940 
5.500097 
5.482253 
5.464410 
5.446566 
5.428723 
5.410879 
5.393035 
5.375192 
5.357348 
5.339505 
5.321661 
5.303818 
5.285974 
5.268131 
5.250287 
5.232444 
5.214600 
5.196756 
5.178913 
5.161069 
5.143226 
5.125382 
5.107539 
5.089695 
5.071852 
5.054008 
5.036165 
5.018321 
5.000477 
4.982634 
4.964790 
4.946947 
4.929103 
4.911260 
4.893416 
4.875573 
4.857729 
4.839886 
4.822042 
4.804198 
4.786355 
4.768511 
4.750668 
4.732824 
4.714981 
4.697137 
4.679294 
4.661450 
4.643607 
4.625763 
4.607919 
4.590076 
4.572232 
4.554389 
4.536545 
4.518702 
4.500858 
4.483015 
4.465171 
4.447327 
4.429484 
4.411640 
4.393797 
4.375953 
4.358110 
4.340266 
4.322423 
4.304579 
4.286736 
4.268892 
4.251048 
4.233205 
4.215361 
4.197518 
4.179674 
4.161831 
4.143987 
4.126144 
4.108300 
4.090457 
4.072613 
4.054769 
4.036926 
4.019082 
4.001239 
3.983395 
3.965552 
3.947708 
3.929865 
3.912021 
3.894178 
3.876334 
3.858490 
3.840647 
3.822803 
3.804960 
3.787116 
3.769273 
3.751429 
3.733586 
3.715742 
3.697899 
3.680055 
3.662211 
3.644368 
3.626524 
3.608681 
3.590837 
3.572994 
3.555150 
3.537307 
3.519463 
3.501620 
3.483776 
3.465932 
3.448089 
3.430245 
3.412402 
3.394558 
3.376715 
3.358871 
3.341028 
3.323184 
3.305341 
3.287497 
3.269653 
3.251810 
3.233966 
3.216123 
3.198279 
3.180436 
3.162592 
3.144749 
3.126905 
3.109062 
3.091218 
3.073374 
3.055531 
3.037687 
3.019844 
3.002000 
2.984157 
2.966313 
2.948470 
2.930626 
2.912783 
2.894939 
2.877095 
2.859252 
2.841408 
2.823565 
2.805721 
2.787878 
2.770034 
2.752191 
2.734347 
2.716504 
2.698660 
2.680816 
2.662973 
2.645129 
2.627286 
2.609442 
2.591599 
2.573755 
2.555912 
2.538068 
2.520224 
2.502381 
2.484537 
2.466694 
2.448850 
2.431007 
2.413163 
2.395320 
2.377476 
2.359633 
2.341789 
2.323945 
2.306102 
2.288258 
2.270415 
2.252571 
2.234728 
2.216884 
2.199041 
2.181197 
2.163354 
2.145510 
2.127666 
2.109823 
2.091979 
2.074136 
2.056292 
2.038449 
2.020605 
2.002762 
1.984918 
1.967075 
1.949231 
1.931387 
1.913544 
1.895700 
1.877857 
1.860013 
1.842170 
1.824326 
1.806483 
1.788639 
1.770796 
1.752952 
1.735108 
1.717265 
1.699421 
1.681578 
1.663734 
1.645891 
1.628047 
1.610204 
1.592360 
1.574517 
1.556673 
1.538829 
1.520986 
1.503142 
1.485299 
1.467455 
1.449612 
1.431768 
1.413925 
1.396081 
1.378238 
1.360394 
1.342550 
1.324707 
1.306863 
1.289020 
1.271176 
1.253333 
1.235489 
1.217646 
1.199802 
1.181959 
1.164115 
1.146271 
1.128428 
1.110584 
1.092741 
1.074897 
1.057054 
1.039210 
1.021367 
1.003523 
0.985680 
0.967836 
0.949992 
0.932149 
0.914305 
0.896462 
0.878618 
0.860775 
0.842931 
0.825088 
0.807244 
0.789400 
0.771557 
0.753713 
0.735870 
0.718026 
0.700183 
0.682339 
0.664496 
0.646652 
0.628809 
0.610965 
0.593121 
0.575278 
0.557434 
0.539591 
0.521747 
0.503904 
0.486060 
0.468217 
0.450373 
0.432530 
0.414686 
0.396842 
0.378999 
0.361155 
0.343312 
0.325468 
0.307625 
0.289781 
0.271938 
0.254094 
0.236251 
0.218407 
0.200563 
0.182720 
0.164876 
0.147033 
0.129189 
0.111346 
0.093502 
0.075659 
0.057815 
0.039972 
0.022128 
0.004284 
-0.013559 
-0.031403 
-0.049246 
-0.067090 
-0.084933 
-0.102777 
-0.120620 
-0.138464 
-0.156307 
-0.174151 
-0.191995 
-0.209838 
-0.227682 
-0.245525 
-0.263369 
-0.281212 
-0.299056 
-0.316899 
-0.334743 
-0.352586 
-0.370430 
-0.388274 
-0.406117 
-0.423961 
-0.441804 
-0.459648 
-0.477491 
-0.495335 
-0.513178 
-0.531022 
-0.548865 
-0.566709 
-0.584553 
-0.602396 
-0.620240 
-0.638083 
-0.655927 
-0.673770 
-0.691614 
