330.052156 
330.041952 
330.031747 
330.021542 
330.011336 
330.001129 
329.990921 
329.980713 
329.970505 
329.960296 
329.950086 
329.939875 
329.929664 
329.919452 
329.909239 
329.899026 
329.888812 
329.878598 
329.868383 
329.858167 
329.847951 
329.837734 
329.827516 
329.817297 
329.807078 
329.796859 
329.786638 
329.776417 
329.766196 
329.755974 
329.745751 
329.735527 
329.725303 
329.715078 
329.704852 
329.694626 
329.684399 
329.674172 
329.663944 
329.653715 
329.643486 
329.633256 
329.623025 
329.612793 
329.602561 
329.592329 
329.582095 
329.571861 
329.561627 
329.551391 
329.541155 
329.530919 
329.520681 
329.510444 
329.500205 
329.489966 
329.479726 
329.469485 
329.459244 
329.449002 
329.438760 
329.428517 
329.418273 
329.408028 
329.397783 
329.387537 
329.377291 
329.367044 
329.356796 
329.346548 
329.336299 
329.326049 
329.315799 
329.305548 
329.295296 
329.285044 
329.274791 
329.264537 
329.254283 
329.244028 
329.233772 
329.223516 
329.213259 
329.203001 
329.192743 
329.182484 
329.172224 
329.161964 
329.151703 
329.141442 
329.131179 
329.120917 
329.110653 
329.100389 
329.090124 
329.079858 
329.069592 
329.059325 
329.049058 
329.038790 
329.028521 
329.018252 
329.007981 
328.997711 
328.987439 
328.977167 
328.966894 
328.956621 
328.946347 
328.936072 
328.925797 
328.915521 
328.905244 
328.894966 
328.884688 
328.874410 
328.864130 
328.853850 
328.843569 
328.833288 
328.823006 
328.812723 
328.802440 
328.792156 
328.781871 
328.771586 
328.761300 
328.751013 
328.740726 
328.730438 
328.720149 
328.709860 
328.699570 
328.689279 
328.678988 
328.668696 
328.658403 
328.648110 
328.637816 
328.627521 
328.617226 
328.606930 
328.596633 
328.586336 
328.576038 
328.565739 
328.555440 
328.545139 
328.534839 
328.524537 
328.514235 
328.503933 
328.493629 
328.483325 
328.473021 
328.462715 
328.452409 
328.442103 
328.431795 
328.421487 
328.411179 
328.400869 
328.390559 
328.380249 
328.369937 
328.359625 
328.349312 
328.338999 
328.328685 
328.318370 
328.308055 
328.297739 
328.287422 
328.277105 
328.266787 
328.256468 
328.246149 
328.235829 
328.225508 
328.215186 
328.204864 
328.194541 
328.184218 
328.173894 
328.163569 
328.153244 
328.142918 
328.132591 
328.122263 
328.111935 
328.101606 
328.091277 
328.080947 
328.070616 
328.060284 
328.049952 
328.039619 
328.029286 
328.018952 
328.008617 
327.998281 
327.987945 
327.977608 
327.967270 
327.956932 
327.946593 
327.936254 
327.925913 
327.915572 
327.905231 
327.894888 
327.884545 
327.874202 
327.863857 
327.853512 
327.843167 
327.832820 
327.822473 
327.812126 
327.801777 
327.791428 
327.781078 
327.770728 
327.760377 
327.750025 
327.739672 
327.729319 
327.718965 
327.708611 
327.698256 
327.687900 
327.677543 
327.667186 
327.656828 
327.646470 
327.636110 
327.625751 
327.615390 
327.605029 
327.594667 
327.584304 
327.573941 
327.563577 
327.553212 
327.542847 
327.532480 
327.522114 
327.511746 
327.501378 
327.491009 
327.480640 
327.470270 
327.459899 
327.449527 
327.439155 
327.428782 
327.418409 
327.408035 
327.397660 
327.387284 
327.376908 
327.366531 
327.356153 
327.345775 
327.335396 
327.325016 
327.314636 
327.304254 
327.293873 
327.283490 
327.273107 
327.262723 
327.252339 
327.241954 
327.231568 
327.221181 
327.210794 
327.200406 
327.190017 
327.179628 
327.169238 
327.158847 
327.148456 
327.138064 
327.127671 
327.117278 
327.106884 
327.096489 
327.086093 
327.075697 
327.065300 
327.054903 
327.044504 
327.034106 
327.023706 
327.013306 
327.002905 
326.992503 
326.982101 
326.971698 
326.961294 
326.950889 
326.940484 
326.930078 
326.919672 
326.909265 
326.898857 
326.888448 
326.878039 
326.867629 
326.857218 
326.846807 
326.836395 
326.825982 
326.815569 
326.805155 
326.794740 
326.784324 
326.773908 
326.763491 
326.753074 
326.742655 
326.732237 
326.721817 
326.711397 
326.700976 
326.690554 
326.680131 
326.669708 
326.659284 
326.648860 
326.638435 
326.628009 
326.617582 
326.607155 
326.596727 
326.586298 
326.575869 
326.565439 
326.555008 
326.544577 
326.534145 
326.523712 
326.513278 
326.502844 
326.492409 
326.481974 
326.471537 
326.461100 
326.450662 
326.440224 
326.429785 
326.419345 
326.408905 
326.398463 
326.388022 
326.377579 
326.367136 
326.356692 
326.346247 
326.335802 
326.325356 
326.314909 
326.304461 
326.294013 
326.283564 
326.273115 
326.262664 
326.252213 
326.241762 
326.231309 
326.220856 
326.210403 
326.199948 
326.189493 
326.179037 
326.168580 
326.158123 
326.147665 
326.137207 
326.126747 
326.116287 
326.105826 
326.095365 
326.084903 
326.074440 
326.063976 
326.053512 
326.043047 
326.032581 
326.022115 
326.011648 
326.001180 
325.990711 
325.980242 
325.969772 
325.959302 
325.948830 
325.938358 
325.927885 
325.917412 
325.906938 
325.896463 
325.885987 
325.875511 
325.865034 
325.854557 
325.844078 
325.833599 
325.823119 
325.812639 
325.802158 
325.791676 
325.781193 
325.770710 
325.760226 
325.749741 
325.739256 
325.728769 
325.718283 
325.707795 
325.697307 
325.686818 
325.676328 
325.665838 
325.655347 
325.644855 
325.634362 
325.623869 
325.613375 
325.602881 
325.592385 
325.581889 
325.571392 
325.560895 
325.550397 
325.539898 
325.529398 
325.518898 
325.508397 
325.497895 
325.487393 
325.476889 
325.466386 
325.455881 
325.445376 
325.434870 
325.424363 
325.413855 
325.403347 
325.392838 
325.382329 
325.371819 
325.361308 
325.350796 
325.340283 
325.329770 
325.319256 
325.308742 
325.298227 
325.287711 
325.277194 
325.266676 
325.256158 
325.245639 
325.235120 
325.224600 
325.214079 
325.203557 
325.193035 
325.182511 
325.171988 
325.161463 
325.150938 
325.140412 
325.129885 
325.119358 
325.108829 
325.098300 
325.087771 
325.077241 
325.066710 
325.056178 
325.045645 
325.035112 
325.024578 
325.014044 
325.003508 
324.992972 
324.982436 
324.971898 
324.961360 
324.950821 
324.940281 
324.929741 
324.919200 
324.908658 
324.898116 
324.887572 
324.877028 
324.866484 
324.855938 
324.845392 
324.834845 
324.824298 
324.813750 
324.803201 
324.792651 
324.782100 
324.771549 
324.760997 
324.750445 
324.739891 
324.729337 
324.718783 
324.708227 
324.697671 
324.687114 
324.676556 
324.665998 
324.655439 
324.644879 
324.634318 
324.623757 
324.613195 
324.602632 
324.592069 
324.581505 
324.570940 
324.560374 
324.549808 
324.539241 
324.528673 
324.518104 
324.507535 
324.496965 
324.486394 
324.475823 
324.465251 
324.454678 
324.444104 
324.433530 
324.422955 
324.412379 
324.401802 
324.391225 
324.380647 
324.370069 
324.359489 
324.348909 
324.338328 
324.327746 
324.317164 
324.306581 
324.295997 
324.285413 
324.274827 
324.264241 
324.253655 
324.243067 
324.232479 
324.221890 
324.211300 
324.200710 
324.190119 
324.179527 
324.168935 
324.158341 
324.147747 
324.137152 
324.126557 
324.115961 
324.105364 
324.094766 
324.084168 
324.073569 
324.062969 
324.052368 
324.041767 
324.031165 
324.020562 
324.009958 
323.999354 
323.988749 
323.978143 
323.967537 
323.956929 
323.946322 
323.935713 
323.925103 
323.914493 
323.903882 
323.893271 
323.882658 
323.872045 
323.861431 
323.850817 
323.840202 
323.829585 
323.818969 
323.808351 
323.797733 
323.787114 
323.776494 
323.765874 
323.755253 
323.744631 
323.734008 
323.723384 
323.712760 
323.702135 
323.691510 
323.680883 
323.670256 
323.659628 
323.649000 
323.638371 
323.627741 
323.617110 
323.606478 
323.595846 
323.585213 
323.574579 
323.563945 
323.553309 
323.542673 
323.532037 
323.521399 
323.510761 
323.500122 
323.489482 
323.478842 
323.468201 
323.457559 
323.446916 
323.436273 
323.425629 
323.414984 
323.404338 
323.393692 
323.383045 
323.372397 
323.361748 
323.351099 
323.340449 
323.329798 
323.319146 
323.308494 
323.297841 
323.287187 
323.276532 
323.265877 
323.255221 
323.244564 
323.233907 
323.223249 
323.212589 
323.201930 
323.191269 
323.180608 
323.169946 
323.159283 
323.148620 
323.137955 
323.127290 
323.116625 
323.105958 
323.095291 
323.084623 
323.073954 
323.063285 
323.052614 
323.041943 
323.031272 
323.020599 
323.009926 
322.999252 
322.988577 
322.977902 
322.967226 
322.956549 
322.945871 
322.935192 
322.924513 
322.913833 
322.903152 
322.892471 
322.881789 
322.871106 
322.860422 
322.849737 
322.839052 
322.828366 
322.817679 
322.806992 
322.796304 
322.785615 
322.774925 
322.764234 
322.753543 
322.742851 
322.732158 
322.721465 
322.710770 
322.700075 
322.689380 
322.678683 
322.667986 
322.657288 
322.646589 
322.635889 
322.625189 
322.614488 
322.603786 
322.593084 
322.582380 
322.571676 
322.560971 
322.550266 
322.539559 
322.528852 
322.518144 
322.507436 
322.496726 
322.486016 
322.475305 
322.464593 
322.453881 
322.443168 
322.432454 
322.421739 
322.411024 
322.400308 
322.389591 
322.378873 
322.368154 
322.357435 
322.346715 
322.335994 
322.325273 
322.314550 
322.303827 
322.293104 
322.282379 
322.271654 
322.260927 
322.250201 
322.239473 
322.228745 
322.218015 
322.207286 
322.196555 
322.185823 
322.175091 
322.164358 
322.153624 
322.142890 
322.132155 
322.121419 
322.110682 
322.099944 
322.089206 
322.078467 
322.067727 
322.056987 
322.046245 
322.035503 
322.024760 
322.014017 
322.003272 
321.992527 
321.981781 
321.971034 
321.960287 
321.949538 
321.938789 
321.928040 
321.917289 
321.906538 
321.895786 
321.885033 
321.874279 
321.863525 
321.852770 
321.842014 
321.831257 
321.820499 
321.809741 
321.798982 
321.788222 
321.777462 
321.766701 
321.755939 
321.745176 
321.734412 
321.723648 
321.712882 
321.702117 
321.691350 
321.680582 
321.669814 
321.659045 
321.648275 
321.637505 
321.626733 
321.615961 
321.605188 
321.594415 
321.583640 
321.572865 
321.562089 
321.551312 
321.540535 
321.529757 
321.518978 
321.508198 
321.497417 
321.486636 
321.475854 
321.465071 
321.454287 
321.443502 
321.432717 
321.421931 
321.411144 
321.400357 
321.389568 
321.378779 
321.367989 
321.357199 
321.346407 
321.335615 
321.324822 
321.314028 
321.303234 
321.292438 
321.281642 
321.270845 
321.260048 
321.249249 
321.238450 
321.227650 
321.216849 
321.206048 
321.195245 
321.184442 
321.173638 
321.162833 
321.152028 
321.141222 
321.130415 
321.119607 
321.108798 
321.097989 
321.087179 
321.076368 
321.065556 
321.054744 
321.043930 
321.033116 
321.022301 
321.011486 
321.000669 
320.989852 
320.979034 
320.968216 
320.957396 
320.946576 
320.935755 
320.924933 
320.914110 
320.903287 
320.892462 
320.881637 
320.870812 
320.859985 
320.849158 
320.838329 
320.827501 
320.816671 
320.805840 
320.795009 
320.784177 
320.773344 
320.762510 
320.751676 
320.740841 
320.730005 
320.719168 
320.708330 
320.697492 
320.686653 
320.675813 
320.664972 
320.654131 
320.643288 
320.632445 
320.621601 
320.610756 
320.599911 
320.589065 
320.578218 
320.567370 
320.556521 
320.545672 
320.534822 
320.523971 
320.513119 
320.502266 
320.491413 
320.480559 
320.469704 
320.458848 
320.447991 
320.437134 
320.426276 
320.415417 
320.404557 
320.393697 
320.382836 
320.371973 
320.361111 
320.350247 
320.339382 
320.328517 
320.317651 
320.306784 
320.295917 
320.285048 
320.274179 
320.263309 
320.252438 
320.241567 
320.230694 
320.219821 
320.208947 
320.198072 
320.187197 
320.176320 
320.165443 
320.154565 
320.143686 
320.132807 
320.121926 
320.111045 
320.100163 
320.089280 
320.078397 
320.067512 
320.056627 
320.045741 
320.034855 
320.023967 
320.013079 
320.002189 
319.991299 
319.980409 
319.969517 
319.958625 
319.947732 
319.936838 
319.925943 
319.915047 
319.904151 
319.893254 
319.882356 
319.871457 
319.860558 
319.849657 
319.838756 
319.827854 
319.816951 
319.806048 
319.795143 
319.784238 
319.773332 
319.762425 
319.751518 
319.740609 
319.729700 
319.718790 
319.707879 
319.696968 
319.686055 
319.675142 
319.664228 
319.653313 
319.642398 
319.631481 
319.620564 
319.609646 
319.598727 
319.587807 
319.576887 
319.565966 
319.555043 
319.544121 
319.533197 
319.522272 
319.511347 
319.500421 
319.489494 
319.478566 
319.467638 
319.456708 
319.445778 
319.434847 
319.423915 
319.412983 
319.402049 
319.391115 
319.380180 
319.369244 
319.358308 
319.347370 
319.336432 
319.325493 
319.314553 
319.303612 
319.292671 
319.281728 
319.270785 
319.259841 
319.248896 
319.237951 
319.227004 
319.216057 
319.205109 
319.194160 
319.183211 
319.172260 
319.161309 
319.150357 
319.139404 
319.128450 
319.117496 
319.106540 
319.095584 
319.084627 
319.073669 
319.062711 
319.051751 
319.040791 
319.029830 
319.018868 
319.007905 
318.996942 
318.985978 
318.975012 
318.964046 
318.953080 
318.942112 
318.931144 
318.920174 
318.909204 
318.898233 
318.887262 
318.876289 
318.865316 
318.854342 
318.843367 
318.832391 
318.821414 
318.810437 
318.799459 
318.788480 
318.777500 
318.766519 
318.755537 
318.744555 
318.733572 
318.722588 
318.711603 
318.700617 
318.689631 
318.678644 
318.667656 
318.656667 
318.645677 
318.634686 
318.623695 
318.612703 
318.601710 
318.590716 
318.579721 
318.568725 
318.557729 
318.546732 
318.535734 
318.524735 
318.513735 
318.502735 
318.491734 
318.480731 
318.469728 
318.458725 
318.447720 
318.436715 
318.425708 
318.414701 
318.403693 
318.392685 
318.381675 
318.370665 
318.359653 
318.348641 
318.337628 
318.326615 
318.315600 
318.304585 
318.293568 
318.282551 
318.271534 
318.260515 
318.249495 
318.238475 
318.227454 
318.216432 
318.205409 
318.194385 
318.183361 
318.172335 
318.161309 
318.150282 
318.139254 
318.128226 
318.117196 
318.106166 
318.095134 
318.084102 
318.073070 
318.062036 
318.051001 
318.039966 
318.028930 
318.017893 
318.006855 
317.995816 
317.984777 
317.973736 
317.962695 
317.951653 
317.940610 
317.929567 
317.918522 
317.907477 
317.896430 
317.885383 
317.874335 
317.863287 
317.852237 
317.841187 
317.830135 
317.819083 
317.808030 
317.796977 
317.785922 
317.774867 
317.763810 
317.752753 
317.741695 
317.730636 
317.719577 
317.708516 
317.697455 
317.686393 
317.675330 
317.664266 
317.653201 
317.642136 
317.631069 
317.620002 
317.608934 
317.597865 
317.586796 
317.575725 
317.564653 
317.553581 
317.542508 
317.531434 
317.520359 
317.509284 
317.498207 
317.487130 
317.476052 
317.464973 
317.453893 
317.442812 
317.431731 
317.420648 
317.409565 
317.398481 
317.387396 
317.376310 
317.365223 
317.354136 
317.343048 
317.331958 
317.320868 
317.309777 
317.298686 
317.287593 
317.276500 
317.265405 
317.254310 
317.243214 
317.232118 
317.221020 
317.209921 
317.198822 
317.187722 
317.176621 
317.165519 
317.154416 
317.143312 
317.132208 
317.121103 
317.109996 
317.098889 
317.087782 
317.076673 
317.065563 
317.054453 
317.043341 
317.032229 
317.021116 
317.010002 
316.998888 
316.987772 
316.976656 
316.965539 
316.954420 
316.943301 
316.932182 
316.921061 
316.909939 
316.898817 
316.887694 
316.876570 
316.865445 
316.854319 
316.843192 
316.832065 
316.820936 
316.809807 
316.798677 
316.787546 
316.776414 
316.765281 
316.754148 
316.743013 
316.731878 
316.720742 
316.709605 
316.698467 
316.687329 
316.676189 
316.665049 
316.653907 
316.642765 
316.631622 
316.620478 
316.609334 
316.598188 
316.587042 
316.575894 
316.564746 
316.553597 
316.542447 
316.531296 
316.520145 
316.508992 
316.497839 
316.486685 
316.475530 
316.464374 
316.453217 
316.442059 
316.430901 
316.419741 
316.408581 
316.397420 
316.386258 
316.375095 
316.363931 
316.352767 
316.341601 
316.330435 
316.319268 
316.308100 
316.296931 
316.285761 
316.274591 
316.263419 
316.252247 
316.241073 
316.229899 
316.218724 
316.207548 
316.196372 
316.185194 
316.174016 
316.162836 
316.151656 
316.140475 
316.129293 
316.118110 
316.106926 
316.095742 
316.084556 
316.073370 
316.062183 
316.050995 
316.039806 
316.028616 
316.017425 
316.006234 
315.995042 
315.983848 
315.972654 
315.961459 
315.950263 
315.939066 
315.927869 
315.916670 
315.905471 
315.894270 
315.883069 
315.871867 
315.860664 
315.849461 
315.838256 
315.827050 
315.815844 
315.804637 
315.793428 
315.782219 
315.771010 
315.759799 
315.748587 
315.737374 
315.726161 
315.714947 
315.703732 
315.692515 
315.681299 
315.670081 
315.658862 
315.647642 
315.636422 
315.625201 
315.613978 
315.602755 
315.591531 
315.580306 
315.569081 
315.557854 
315.546626 
315.535398 
315.524169 
315.512939 
315.501708 
315.490476 
315.479243 
315.468009 
315.456775 
315.445539 
315.434303 
315.423066 
315.411827 
315.400588 
315.389349 
315.378108 
315.366866 
315.355624 
315.344380 
315.333136 
315.321891 
315.310645 
315.299398 
315.288150 
315.276901 
315.265651 
315.254401 
315.243149 
315.231897 
315.220644 
315.209390 
315.198135 
315.186879 
315.175622 
315.164365 
315.153106 
315.141847 
315.130586 
315.119325 
315.108063 
315.096800 
315.085536 
315.074272 
315.063006 
315.051739 
315.040472 
315.029204 
315.017934 
315.006664 
314.995393 
314.984121 
314.972849 
314.961575 
314.950300 
314.939025 
314.927749 
314.916471 
314.905193 
314.893914 
314.882634 
314.871353 
314.860072 
314.848789 
314.837505 
314.826221 
314.814936 
314.803649 
314.792362 
314.781074 
314.769785 
314.758496 
314.747205 
314.735913 
314.724621 
314.713328 
314.702033 
314.690738 
314.679442 
314.668145 
314.656847 
314.645548 
314.634249 
314.622948 
314.611647 
314.600344 
314.589041 
314.577737 
314.566432 
314.555126 
314.543819 
314.532511 
314.521202 
314.509893 
314.498582 
314.487271 
314.475958 
314.464645 
314.453331 
314.442016 
314.430700 
314.419383 
314.408065 
314.396747 
314.385427 
314.374107 
314.362785 
314.351463 
314.340140 
314.328816 
314.317491 
314.306165 
314.294838 
314.283511 
314.272182 
314.260852 
314.249522 
314.238191 
314.226858 
314.215525 
314.204191 
314.192856 
314.181520 
314.170184 
314.158846 
314.147507 
314.136168 
314.124827 
314.113486 
314.102144 
314.090801 
314.079457 
314.068112 
314.056766 
314.045419 
314.034071 
314.022723 
314.011373 
314.000023 
313.988671 
313.977319 
313.965966 
313.954612 
313.943257 
313.931901 
313.920544 
313.909186 
313.897827 
313.886468 
313.875107 
313.863746 
313.852383 
313.841020 
313.829656 
313.818291 
313.806925 
313.795558 
313.784190 
313.772821 
313.761452 
313.750081 
313.738710 
313.727337 
313.715964 
313.704589 
313.693214 
313.681838 
313.670461 
313.659083 
313.647704 
313.636324 
313.624944 
313.613562 
313.602180 
313.590796 
313.579412 
313.568026 
313.556640 
313.545253 
313.533865 
313.522476 
313.511086 
313.499695 
313.488303 
313.476911 
313.465517 
313.454122 
313.442727 
313.431330 
313.419933 
313.408535 
313.397136 
313.385736 
313.374335 
313.362933 
313.351530 
313.340126 
313.328721 
313.317315 
313.305909 
313.294501 
313.283093 
313.271684 
313.260273 
313.248862 
313.237450 
313.226037 
313.214623 
313.203208 
313.191792 
313.180375 
313.168957 
313.157539 
313.146119 
313.134699 
313.123277 
313.111855 
313.100431 
313.089007 
313.077582 
313.066156 
313.054729 
313.043301 
313.031872 
313.020442 
313.009011 
312.997579 
312.986147 
312.974713 
312.963279 
312.951843 
312.940407 
312.928969 
312.917531 
312.906092 
312.894652 
312.883211 
312.871769 
312.860326 
312.848882 
312.837437 
312.825991 
312.814545 
312.803097 
312.791648 
312.780199 
312.768748 
312.757297 
312.745845 
312.734391 
312.722937 
312.711482 
312.700026 
312.688569 
312.677111 
312.665652 
312.654192 
312.642731 
312.631270 
312.619807 
312.608343 
312.596879 
312.585413 
312.573947 
312.562479 
312.551011 
312.539542 
312.528071 
312.516600 
312.505128 
312.493655 
312.482181 
312.470706 
312.459230 
312.447753 
312.436276 
312.424797 
312.413317 
312.401837 
312.390355 
312.378872 
312.367389 
312.355905 
312.344419 
312.332933 
312.321446 
312.309957 
312.298468 
312.286978 
312.275487 
312.263995 
312.252502 
312.241008 
312.229513 
312.218018 
312.206521 
312.195023 
312.183524 
312.172025 
312.160524 
312.149023 
312.137520 
312.126017 
312.114513 
312.103007 
312.091501 
312.079994 
312.068485 
312.056976 
312.045466 
312.033955 
312.022443 
312.010930 
311.999416 
311.987901 
311.976386 
311.964869 
311.953351 
311.941832 
311.930313 
311.918792 
311.907271 
311.895748 
311.884225 
311.872700 
311.861175 
311.849648 
311.838121 
311.826593 
311.815063 
311.803533 
311.792002 
311.780470 
311.768937 
311.757403 
311.745868 
311.734332 
311.722795 
311.711257 
311.699718 
311.688178 
311.676638 
311.665096 
311.653553 
311.642010 
311.630465 
311.618919 
311.607373 
311.595825 
311.584277 
311.572727 
311.561177 
311.549626 
311.538073 
311.526520 
311.514966 
311.503410 
311.491854 
311.480297 
311.468739 
311.457180 
311.445620 
311.434059 
311.422497 
311.410934 
311.399370 
311.387805 
311.376239 
311.364672 
311.353104 
311.341535 
311.329966 
311.318395 
311.306823 
311.295251 
311.283677 
311.272102 
311.260527 
311.248950 
311.237373 
311.225794 
311.214215 
311.202634 
311.191053 
311.179470 
311.167887 
311.156303 
311.144717 
311.133131 
311.121544 
311.109955 
311.098366 
311.086776 
311.075185 
311.063593 
311.052000 
311.040405 
311.028810 
311.017214 
311.005617 
310.994019 
310.982420 
310.970820 
310.959219 
310.947617 
310.936015 
310.924411 
310.912806 
310.901200 
310.889593 
310.877985 
310.866377 
310.854767 
310.843156 
310.831544 
310.819932 
310.808318 
310.796703 
310.785088 
310.773471 
310.761853 
310.750235 
310.738615 
310.726995 
310.715373 
310.703750 
310.692127 
310.680502 
310.668877 
310.657250 
310.645623 
310.633995 
310.622365 
310.610735 
310.599103 
310.587471 
310.575837 
310.564203 
310.552568 
310.540931 
310.529294 
310.517656 
310.506016 
310.494376 
310.482735 
310.471093 
310.459449 
310.447805 
310.436160 
310.424514 
310.412866 
310.401218 
310.389569 
310.377919 
310.366267 
310.354615 
310.342962 
310.331308 
310.319653 
310.307997 
310.296339 
310.284681 
310.273022 
310.261362 
310.249701 
310.238039 
310.226376 
310.214711 
310.203046 
310.191380 
310.179713 
310.168045 
310.156376 
310.144706 
310.133035 
310.121363 
310.109690 
310.098015 
310.086340 
310.074664 
310.062987 
310.051309 
310.039630 
310.027950 
310.016269 
310.004587 
309.992904 
309.981220 
309.969535 
309.957848 
309.946161 
309.934473 
309.922784 
309.911094 
309.899403 
309.887711 
309.876018 
309.864324 
309.852629 
309.840933 
309.829235 
309.817537 
309.805838 
309.794138 
309.782437 
309.770735 
309.759032 
309.747327 
309.735622 
309.723916 
309.712209 
309.700501 
309.688792 
309.677081 
309.665370 
309.653658 
309.641945 
309.630230 
309.618515 
309.606799 
309.595082 
309.583363 
309.571644 
309.559924 
309.548203 
309.536480 
309.524757 
309.513033 
309.501307 
309.489581 
309.477854 
309.466125 
309.454396 
309.442665 
309.430934 
309.419201 
309.407468 
309.395734 
309.383998 
309.372262 
309.360524 
309.348785 
309.337046 
309.325305 
309.313564 
309.301821 
309.290078 
309.278333 
309.266587 
309.254841 
309.243093 
309.231344 
309.219595 
309.207844 
309.196092 
309.184339 
309.172585 
309.160831 
309.149075 
309.137318 
309.125560 
309.113801 
309.102041 
309.090280 
309.078518 
309.066755 
309.054991 
309.043226 
309.031460 
309.019693 
309.007925 
308.996156 
308.984386 
308.972615 
308.960842 
308.949069 
308.937295 
308.925520 
308.913743 
308.901966 
308.890188 
308.878408 
308.866628 
308.854846 
308.843064 
308.831280 
308.819496 
308.807710 
308.795924 
308.784136 
308.772348 
308.760558 
308.748767 
308.736976 
308.725183 
308.713389 
308.701594 
308.689798 
308.678001 
308.666204 
308.654405 
308.642605 
308.630804 
308.619002 
308.607198 
308.595394 
308.583589 
308.571783 
308.559976 
308.548168 
308.536358 
308.524548 
308.512737 
308.500924 
308.489111 
308.477296 
308.465481 
308.453664 
308.441847 
308.430028 
308.418208 
308.406388 
308.394566 
308.382743 
308.370920 
308.359095 
308.347269 
308.335442 
308.323614 
308.311785 
308.299955 
308.288124 
308.276292 
308.264459 
308.252624 
308.240789 
308.228953 
308.217115 
308.205277 
308.193438 
308.181597 
308.169756 
308.157913 
308.146069 
308.134225 
308.122379 
308.110532 
308.098685 
308.086836 
308.074986 
308.063135 
308.051283 
308.039430 
308.027576 
308.015721 
308.003865 
307.992008 
307.980149 
307.968290 
307.956430 
307.944568 
307.932706 
307.920842 
307.908978 
307.897112 
307.885246 
307.873378 
307.861509 
307.849639 
307.837768 
307.825897 
307.814024 
307.802150 
307.790274 
307.778398 
307.766521 
307.754643 
307.742764 
307.730883 
307.719002 
307.707119 
307.695236 
307.683351 
307.671466 
307.659579 
307.647691 
307.635803 
307.623913 
307.612022 
307.600130 
307.588237 
307.576343 
307.564448 
307.552552 
307.540654 
307.528756 
307.516857 
307.504956 
307.493055 
307.481152 
307.469248 
307.457344 
307.445438 
307.433531 
307.421623 
307.409714 
307.397804 
307.385893 
307.373981 
307.362068 
307.350154 
307.338239 
307.326322 
307.314405 
307.302486 
307.290567 
307.278646 
307.266724 
307.254802 
307.242878 
307.230953 
307.219027 
307.207100 
307.195172 
307.183243 
307.171312 
307.159381 
307.147449 
307.135515 
307.123581 
307.111645 
307.099708 
307.087771 
307.075832 
307.063892 
307.051951 
307.040009 
307.028066 
307.016122 
307.004177 
306.992230 
306.980283 
306.968334 
306.956385 
306.944434 
306.932483 
306.920530 
306.908576 
306.896621 
306.884665 
306.872708 
306.860750 
306.848791 
306.836830 
306.824869 
306.812907 
306.800943 
306.788979 
306.777013 
306.765046 
306.753078 
306.741109 
306.729139 
306.717168 
306.705196 
306.693223 
306.681249 
306.669273 
306.657297 
306.645319 
306.633340 
306.621361 
306.609380 
306.597398 
306.585415 
306.573431 
306.561446 
306.549460 
306.537472 
306.525484 
306.513494 
306.501504 
306.489512 
306.477519 
306.465526 
306.453531 
306.441535 
306.429538 
306.417539 
306.405540 
306.393540 
306.381538 
306.369536 
306.357532 
306.345528 
306.333522 
306.321515 
306.309507 
306.297498 
306.285488 
306.273476 
306.261464 
306.249451 
306.237436 
306.225420 
306.213404 
306.201386 
306.189367 
306.177347 
306.165326 
306.153304 
306.141280 
306.129256 
306.117231 
306.105204 
306.093176 
306.081148 
306.069118 
306.057087 
306.045055 
306.033021 
306.020987 
306.008952 
305.996915 
305.984878 
305.972839 
305.960799 
305.948759 
305.936717 
305.924674 
305.912630 
305.900584 
305.888538 
305.876490 
305.864442 
305.852392 
305.840341 
305.828290 
305.816237 
305.804183 
305.792127 
305.780071 
305.768014 
305.755955 
305.743896 
305.731835 
305.719773 
305.707710 
305.695646 
305.683581 
305.671515 
305.659447 
305.647379 
305.635309 
305.623239 
305.611167 
305.599094 
305.587020 
305.574945 
305.562869 
305.550791 
305.538713 
305.526634 
305.514553 
305.502471 
305.490388 
305.478304 
305.466219 
305.454133 
305.442046 
305.429957 
305.417868 
305.405777 
305.393685 
305.381592 
305.369498 
305.357403 
305.345307 
305.333209 
305.321111 
305.309011 
305.296911 
305.284809 
305.272706 
305.260602 
305.248497 
305.236390 
305.224283 
305.212174 
305.200065 
305.187954 
305.175842 
305.163729 
305.151615 
305.139499 
305.127383 
305.115265 
305.103147 
305.091027 
305.078906 
305.066784 
305.054661 
305.042537 
305.030411 
305.018285 
305.006157 
304.994029 
304.981899 
304.969768 
304.957636 
304.945502 
304.933368 
304.921232 
304.909096 
304.896958 
304.884819 
304.872679 
304.860538 
304.848396 
304.836252 
304.824108 
304.811962 
304.799815 
304.787667 
304.775518 
304.763368 
304.751217 
304.739064 
304.726911 
304.714756 
304.702600 
304.690443 
304.678285 
304.666126 
304.653965 
304.641804 
304.629641 
304.617477 
304.605312 
304.593146 
304.580979 
304.568811 
304.556641 
304.544470 
304.532299 
304.520126 
304.507952 
304.495777 
304.483600 
304.471423 
304.459244 
304.447065 
304.434884 
304.422702 
304.410518 
304.398334 
304.386149 
304.373962 
304.361774 
304.349586 
304.337396 
304.325204 
304.313012 
304.300819 
304.288624 
304.276428 
304.264231 
304.252033 
304.239834 
304.227634 
304.215432 
304.203230 
304.191026 
304.178821 
304.166615 
304.154408 
304.142200 
304.129990 
304.117779 
304.105568 
304.093355 
304.081141 
304.068925 
304.056709 
304.044491 
304.032273 
304.020053 
304.007832 
303.995610 
303.983386 
303.971162 
303.958936 
303.946710 
303.934482 
303.922253 
303.910022 
303.897791 
303.885558 
303.873325 
303.861090 
303.848854 
303.836617 
303.824378 
303.812139 
303.799898 
303.787656 
303.775413 
303.763169 
303.750924 
303.738678 
303.726430 
303.714181 
303.701931 
303.689680 
303.677428 
303.665175 
303.652920 
303.640664 
303.628407 
303.616149 
303.603890 
303.591630 
303.579368 
303.567106 
303.554842 
303.542577 
303.530310 
303.518043 
303.505774 
303.493505 
303.481234 
303.468962 
303.456689 
303.444414 
303.432139 
303.419862 
303.407584 
303.395305 
303.383025 
303.370743 
303.358461 
303.346177 
303.333892 
303.321606 
303.309319 
303.297031 
303.284741 
303.272450 
303.260158 
303.247865 
303.235571 
303.223275 
303.210979 
303.198681 
303.186382 
303.174082 
303.161780 
303.149478 
303.137174 
303.124869 
303.112563 
303.100256 
303.087948 
303.075638 
303.063327 
303.051016 
303.038702 
303.026388 
303.014073 
303.001756 
302.989438 
302.977119 
302.964799 
302.952478 
302.940155 
302.927831 
302.915506 
302.903180 
302.890853 
302.878524 
302.866195 
302.853864 
302.841532 
302.829199 
302.816864 
302.804529 
302.792192 
302.779854 
302.767515 
302.755174 
302.742833 
302.730490 
302.718146 
302.705801 
302.693455 
302.681107 
302.668759 
302.656409 
302.644058 
302.631706 
302.619352 
302.606998 
302.594642 
302.582285 
302.569927 
302.557567 
302.545207 
302.532845 
302.520482 
302.508118 
302.495752 
302.483386 
302.471018 
302.458649 
302.446279 
302.433908 
302.421535 
302.409161 
302.396786 
302.384410 
302.372033 
302.359654 
302.347275 
302.334894 
302.322512 
302.310128 
302.297744 
302.285358 
302.272971 
302.260583 
302.248194 
302.235803 
302.223411 
302.211018 
302.198624 
302.186229 
302.173832 
302.161434 
302.149036 
302.136635 
302.124234 
302.111831 
302.099428 
302.087023 
302.074616 
302.062209 
302.049800 
302.037390 
302.024979 
302.012567 
302.000154 
301.987739 
301.975323 
301.962906 
301.950488 
301.938068 
301.925648 
301.913226 
301.900802 
301.888378 
301.875952 
301.863526 
301.851098 
301.838668 
301.826238 
301.813806 
301.801374 
301.788939 
301.776504 
301.764068 
301.751630 
301.739191 
301.726751 
301.714309 
301.701867 
301.689423 
301.676978 
301.664532 
301.652084 
301.639635 
301.627186 
301.614734 
301.602282 
301.589828 
301.577374 
301.564918 
301.552460 
301.540002 
301.527542 
301.515081 
301.502619 
301.490156 
301.477691 
301.465225 
301.452758 
301.440290 
301.427820 
301.415350 
301.402878 
301.390405 
301.377930 
301.365455 
301.352978 
301.340500 
301.328020 
301.315540 
301.303058 
301.290575 
301.278091 
301.265605 
301.253118 
301.240630 
301.228141 
301.215651 
301.203159 
301.190666 
301.178172 
301.165677 
301.153180 
301.140682 
301.128183 
301.115683 
301.103182 
301.090679 
301.078175 
301.065670 
301.053163 
301.040655 
301.028146 
301.015636 
301.003125 
300.990612 
300.978098 
300.965583 
300.953067 
300.940549 
300.928030 
300.915510 
300.902989 
300.890466 
300.877942 
300.865417 
300.852891 
300.840363 
300.827834 
300.815304 
300.802773 
300.790240 
300.777707 
300.765172 
300.752635 
300.740098 
300.727559 
300.715019 
300.702478 
300.689935 
300.677391 
300.664846 
300.652300 
300.639752 
300.627204 
300.614654 
300.602102 
300.589550 
300.576996 
300.564441 
300.551885 
300.539327 
300.526768 
300.514208 
300.501647 
300.489084 
300.476520 
300.463955 
300.451389 
300.438821 
300.426252 
300.413682 
300.401111 
300.388538 
300.375964 
300.363389 
300.350813 
300.338235 
300.325656 
300.313076 
300.300495 
300.287912 
300.275328 
300.262743 
300.250156 
300.237568 
300.224979 
300.212389 
300.199798 
300.187205 
300.174611 
300.162015 
300.149419 
300.136821 
300.124222 
300.111621 
300.099019 
300.086417 
300.073812 
300.061207 
300.048600 
300.035992 
300.023383 
300.010772 
299.998160 
299.985547 
299.972933 
299.960317 
299.947700 
299.935082 
299.922463 
299.909842 
299.897220 
299.884597 
299.871972 
299.859346 
299.846719 
299.834091 
299.821461 
299.808830 
299.796198 
299.783564 
299.770930 
299.758293 
299.745656 
299.733018 
299.720378 
299.707736 
299.695094 
299.682450 
299.669805 
299.657159 
299.644511 
299.631863 
299.619212 
299.606561 
299.593908 
299.581254 
299.568599 
299.555943 
299.543285 
299.530626 
299.517965 
299.505303 
299.492640 
299.479976 
299.467311 
299.454644 
299.441976 
299.429306 
299.416636 
299.403964 
299.391290 
299.378616 
299.365940 
299.353263 
299.340584 
299.327904 
299.315223 
299.302541 
299.289857 
299.277173 
299.264486 
299.251799 
299.239110 
299.226420 
299.213729 
299.201036 
299.188342 
299.175647 
299.162950 
299.150252 
299.137553 
299.124852 
299.112151 
299.099448 
299.086743 
299.074038 
299.061331 
299.048622 
299.035913 
299.023202 
299.010490 
298.997776 
298.985062 
298.972345 
298.959628 
298.946909 
298.934189 
298.921468 
298.908746 
298.896022 
298.883296 
298.870570 
298.857842 
298.845113 
298.832382 
298.819651 
298.806918 
298.794183 
298.781448 
298.768711 
298.755972 
298.743233 
298.730492 
298.717750 
298.705006 
298.692261 
298.679515 
298.666768 
298.654019 
298.641269 
298.628517 
298.615764 
298.603010 
298.590255 
298.577498 
298.564740 
298.551981 
298.539220 
298.526458 
298.513695 
298.500931 
298.488165 
298.475397 
298.462629 
298.449859 
298.437088 
298.424315 
298.411542 
298.398766 
298.385990 
298.373212 
298.360433 
298.347653 
298.334871 
298.322088 
298.309303 
298.296518 
298.283730 
298.270942 
298.258152 
298.245361 
298.232569 
298.219775 
298.206980 
298.194184 
298.181386 
298.168587 
298.155787 
298.142985 
298.130182 
298.117378 
298.104572 
298.091765 
298.078957 
298.066147 
298.053336 
298.040524 
298.027710 
298.014895 
298.002079 
297.989261 
297.976442 
297.963622 
297.950800 
297.937977 
297.925153 
297.912327 
297.899500 
297.886671 
297.873842 
297.861011 
297.848178 
297.835345 
297.822510 
297.809673 
297.796835 
297.783996 
297.771156 
297.758314 
297.745471 
297.732626 
297.719781 
297.706933 
297.694085 
297.681235 
297.668384 
297.655531 
297.642677 
297.629822 
297.616966 
297.604108 
297.591248 
297.578388 
297.565526 
297.552662 
297.539798 
297.526932 
297.514064 
297.501195 
297.488325 
297.475454 
297.462581 
297.449707 
297.436831 
297.423955 
297.411076 
297.398197 
297.385316 
297.372434 
297.359550 
297.346665 
297.333779 
297.320891 
297.308002 
297.295111 
297.282219 
297.269326 
297.256432 
297.243536 
297.230639 
297.217740 
297.204840 
297.191939 
297.179036 
297.166132 
297.153227 
297.140320 
297.127412 
297.114502 
297.101591 
297.088679 
297.075765 
297.062851 
297.049934 
297.037016 
297.024097 
297.011177 
296.998255 
296.985332 
296.972407 
296.959481 
296.946554 
296.933625 
296.920695 
296.907764 
296.894831 
296.881897 
296.868962 
296.856025 
296.843086 
296.830147 
296.817206 
296.804263 
296.791320 
296.778374 
296.765428 
296.752480 
296.739531 
296.726580 
296.713628 
296.700674 
296.687720 
296.674763 
296.661806 
296.648847 
296.635887 
296.622925 
296.609962 
296.596997 
296.584031 
296.571064 
296.558096 
296.545126 
296.532154 
296.519181 
296.506207 
296.493232 
296.480255 
296.467276 
296.454297 
296.441315 
296.428333 
296.415349 
296.402364 
296.389377 
296.376389 
296.363400 
296.350409 
296.337417 
296.324423 
296.311428 
296.298431 
296.285434 
296.272434 
296.259434 
296.246432 
296.233428 
296.220424 
296.207417 
296.194410 
296.181401 
296.168391 
296.155379 
296.142366 
296.129351 
296.116335 
296.103318 
296.090299 
296.077279 
296.064257 
296.051234 
296.038210 
296.025184 
296.012157 
295.999128 
295.986098 
295.973067 
295.960034 
295.947000 
295.933964 
295.920927 
295.907889 
295.894849 
295.881808 
295.868765 
295.855721 
295.842675 
295.829628 
295.816580 
295.803530 
295.790479 
295.777427 
295.764373 
295.751317 
295.738261 
295.725202 
295.712143 
295.699082 
295.686019 
295.672956 
295.659890 
295.646824 
295.633755 
295.620686 
295.607615 
295.594543 
295.581469 
295.568394 
295.555317 
295.542239 
295.529160 
295.516079 
295.502996 
295.489913 
295.476828 
295.463741 
295.450653 
295.437564 
295.424473 
295.411380 
295.398287 
295.385192 
295.372095 
295.358997 
295.345898 
295.332797 
295.319695 
295.306591 
295.293486 
295.280379 
295.267271 
295.254162 
295.241051 
295.227939 
295.214825 
295.201710 
295.188593 
295.175475 
295.162356 
295.149235 
295.136113 
295.122989 
295.109864 
295.096737 
295.083609 
295.070480 
295.057349 
295.044216 
295.031082 
295.017947 
295.004811 
294.991672 
294.978533 
294.965392 
294.952249 
294.939105 
294.925960 
294.912813 
294.899665 
294.886515 
294.873364 
294.860212 
294.847058 
294.833902 
294.820745 
294.807587 
294.794427 
294.781266 
294.768103 
294.754939 
294.741774 
294.728607 
294.715438 
294.702268 
294.689097 
294.675924 
294.662750 
294.649574 
294.636397 
294.623218 
294.610038 
294.596856 
294.583673 
294.570489 
294.557303 
294.544115 
294.530927 
294.517736 
294.504544 
294.491351 
294.478157 
294.464960 
294.451763 
294.438564 
294.425363 
294.412161 
294.398958 
294.385753 
294.372546 
294.359339 
294.346129 
294.332918 
294.319706 
294.306492 
294.293277 
294.280061 
294.266843 
294.253623 
294.240402 
294.227179 
294.213955 
294.200730 
294.187503 
294.174275 
294.161045 
294.147813 
294.134581 
294.121346 
294.108110 
294.094873 
294.081635 
294.068394 
294.055153 
294.041910 
294.028665 
294.015419 
294.002171 
293.988922 
293.975672 
293.962420 
293.949166 
293.935911 
293.922655 
293.909397 
293.896137 
293.882877 
293.869614 
293.856350 
293.843085 
293.829818 
293.816550 
293.803280 
293.790009 
293.776736 
293.763462 
293.750186 
293.736909 
293.723630 
293.710350 
293.697068 
293.683785 
293.670500 
293.657214 
293.643926 
293.630637 
293.617347 
293.604055 
293.590761 
293.577466 
293.564169 
293.550871 
293.537571 
293.524270 
293.510968 
293.497664 
293.484358 
293.471051 
293.457742 
293.444432 
293.431121 
293.417808 
293.404493 
293.391177 
293.377859 
293.364540 
293.351220 
293.337898 
293.324574 
293.311249 
293.297922 
293.284594 
293.271265 
293.257933 
293.244601 
293.231267 
293.217931 
293.204594 
293.191255 
293.177915 
293.164573 
293.151230 
293.137885 
293.124539 
293.111191 
293.097842 
293.084491 
293.071139 
293.057785 
293.044430 
293.031073 
293.017715 
293.004355 
292.990994 
292.977631 
292.964267 
292.950901 
292.937533 
292.924164 
292.910794 
292.897422 
292.884048 
292.870673 
292.857297 
292.843919 
292.830539 
292.817158 
292.803775 
292.790391 
292.777005 
292.763618 
292.750229 
292.736839 
292.723447 
292.710054 
292.696659 
292.683263 
292.669865 
292.656465 
292.643064 
292.629662 
292.616258 
292.602852 
292.589445 
292.576037 
292.562626 
292.549215 
292.535801 
292.522387 
292.508970 
292.495552 
292.482133 
292.468712 
292.455290 
292.441866 
292.428440 
292.415013 
292.401585 
292.388154 
292.374723 
292.361289 
292.347855 
292.334418 
292.320980 
292.307541 
292.294100 
292.280658 
292.267214 
292.253768 
292.240321 
292.226872 
292.213422 
292.199970 
292.186517 
292.173062 
292.159606 
292.146148 
292.132688 
292.119227 
292.105764 
292.092300 
292.078834 
292.065367 
292.051898 
292.038428 
292.024956 
292.011482 
291.998007 
291.984531 
291.971053 
291.957573 
291.944091 
291.930609 
291.917124 
291.903638 
291.890151 
291.876662 
291.863171 
291.849679 
291.836185 
291.822690 
291.809193 
291.795694 
291.782194 
291.768693 
291.755189 
291.741685 
291.728178 
291.714671 
291.701161 
291.687650 
291.674137 
291.660623 
291.647108 
291.633590 
291.620071 
291.606551 
291.593029 
291.579505 
291.565980 
291.552454 
291.538925 
291.525395 
291.511864 
291.498331 
291.484796 
291.471260 
291.457722 
291.444183 
291.430642 
291.417100 
291.403555 
291.390010 
291.376463 
291.362914 
291.349363 
291.335811 
291.322258 
291.308703 
291.295146 
291.281588 
291.268028 
291.254466 
291.240903 
291.227338 
291.213772 
291.200204 
291.186635 
291.173064 
291.159491 
291.145917 
291.132341 
291.118764 
291.105185 
291.091604 
291.078022 
291.064438 
291.050853 
291.037266 
291.023677 
291.010087 
290.996495 
290.982902 
290.969307 
290.955710 
290.942112 
290.928512 
290.914911 
290.901308 
290.887704 
290.874097 
290.860490 
290.846880 
290.833269 
290.819657 
290.806043 
290.792427 
290.778809 
290.765190 
290.751570 
290.737948 
290.724324 
290.710698 
290.697071 
290.683443 
290.669812 
290.656180 
290.642547 
290.628912 
290.615275 
290.601637 
290.587997 
290.574355 
290.560712 
290.547067 
290.533421 
290.519773 
290.506123 
290.492472 
290.478819 
290.465164 
290.451508 
290.437851 
290.424191 
290.410530 
290.396868 
290.383203 
290.369537 
290.355870 
290.342201 
290.328530 
290.314858 
290.301184 
290.287508 
290.273831 
290.260152 
290.246471 
290.232789 
290.219106 
290.205420 
290.191733 
290.178044 
290.164354 
290.150662 
290.136969 
290.123273 
290.109577 
290.095878 
290.082178 
290.068476 
290.054773 
290.041068 
290.027361 
290.013653 
289.999943 
289.986231 
289.972518 
289.958803 
289.945087 
289.931369 
289.917649 
289.903927 
289.890204 
289.876480 
289.862753 
289.849025 
289.835296 
289.821564 
289.807831 
289.794097 
289.780361 
289.766623 
289.752883 
289.739142 
289.725399 
289.711654 
289.697908 
289.684160 
289.670411 
289.656660 
289.642907 
289.629153 
289.615397 
289.601639 
289.587879 
289.574118 
289.560356 
289.546591 
289.532825 
289.519057 
289.505288 
289.491517 
289.477744 
289.463970 
289.450194 
289.436416 
289.422637 
289.408856 
289.395073 
289.381289 
289.367503 
289.353715 
289.339926 
289.326135 
289.312342 
289.298548 
289.284752 
289.270954 
289.257155 
289.243353 
289.229551 
289.215746 
289.201940 
289.188132 
289.174323 
289.160512 
289.146699 
289.132885 
289.119069 
289.105251 
289.091431 
289.077610 
289.063787 
289.049963 
289.036136 
289.022308 
289.008479 
288.994648 
288.980815 
288.966980 
288.953144 
288.939306 
288.925466 
288.911625 
288.897781 
288.883937 
288.870090 
288.856242 
288.842392 
288.828541 
288.814687 
288.800833 
288.786976 
288.773118 
288.759258 
288.745396 
288.731532 
288.717667 
288.703801 
288.689932 
288.676062 
288.662190 
288.648316 
288.634441 
288.620564 
288.606685 
288.592805 
288.578923 
288.565039 
288.551154 
288.537266 
288.523378 
288.509487 
288.495595 
288.481701 
288.467805 
288.453907 
288.440008 
288.426107 
288.412205 
288.398300 
288.384394 
288.370487 
288.356577 
288.342666 
288.328753 
288.314839 
288.300922 
288.287004 
288.273085 
288.259163 
288.245240 
288.231315 
288.217389 
288.203460 
288.189530 
288.175599 
288.161665 
288.147730 
288.133793 
288.119854 
288.105914 
288.091972 
288.078028 
288.064082 
288.050135 
288.036186 
288.022235 
288.008283 
287.994329 
287.980373 
287.966415 
287.952456 
287.938495 
287.924532 
287.910567 
287.896601 
287.882633 
287.868663 
287.854692 
287.840718 
287.826743 
287.812767 
287.798788 
287.784808 
287.770826 
287.756842 
287.742857 
287.728870 
287.714881 
287.700890 
287.686898 
287.672903 
287.658908 
287.644910 
287.630911 
287.616909 
287.602906 
287.588902 
287.574895 
287.560887 
287.546877 
287.532866 
287.518852 
287.504837 
287.490820 
287.476802 
287.462781 
287.448759 
287.434735 
287.420710 
287.406682 
287.392653 
287.378622 
287.364589 
287.350555 
287.336519 
287.322481 
287.308441 
287.294399 
287.280356 
287.266311 
287.252264 
287.238216 
287.224165 
287.210113 
287.196059 
287.182004 
287.167946 
287.153887 
287.139826 
287.125763 
287.111699 
287.097633 
287.083565 
287.069495 
287.055423 
287.041350 
287.027275 
287.013198 
286.999119 
286.985039 
286.970957 
286.956873 
286.942787 
286.928699 
286.914610 
286.900519 
286.886426 
286.872331 
286.858235 
286.844136 
286.830036 
286.815934 
286.801831 
286.787725 
286.773618 
286.759509 
286.745398 
286.731286 
286.717171 
286.703055 
286.688937 
286.674818 
286.660696 
286.646573 
286.632448 
286.618321 
286.604192 
286.590062 
286.575929 
286.561795 
286.547659 
286.533522 
286.519382 
286.505241 
286.491098 
286.476953 
286.462806 
286.448658 
286.434507 
286.420355 
286.406201 
286.392046 
286.377888 
286.363729 
286.349568 
286.335405 
286.321240 
286.307073 
286.292905 
286.278735 
286.264563 
286.250389 
286.236213 
286.222036 
286.207857 
286.193675 
286.179493 
286.165308 
286.151121 
286.136933 
286.122743 
286.108551 
286.094357 
286.080161 
286.065964 
286.051765 
286.037564 
286.023361 
286.009156 
285.994949 
285.980741 
285.966531 
285.952319 
285.938105 
285.923889 
285.909672 
285.895452 
285.881231 
285.867008 
285.852783 
285.838556 
285.824328 
285.810097 
285.795865 
285.781631 
285.767395 
285.753158 
285.738918 
285.724677 
285.710433 
285.696188 
285.681942 
285.667693 
285.653442 
285.639190 
285.624935 
285.610679 
285.596421 
285.582162 
285.567900 
285.553636 
285.539371 
285.525104 
285.510835 
285.496564 
285.482291 
285.468016 
285.453740 
285.439462 
285.425181 
285.410899 
285.396616 
285.382330 
285.368042 
285.353753 
285.339461 
285.325168 
285.310873 
285.296576 
285.282278 
285.267977 
285.253674 
285.239370 
285.225064 
285.210756 
285.196446 
285.182134 
285.167820 
285.153505 
285.139187 
285.124868 
285.110547 
285.096224 
285.081899 
285.067572 
285.053244 
285.038913 
285.024581 
285.010247 
284.995910 
284.981572 
284.967233 
284.952891 
284.938547 
284.924202 
284.909854 
284.895505 
284.881154 
284.866801 
284.852446 
284.838089 
284.823730 
284.809370 
284.795007 
284.780643 
284.766277 
284.751908 
284.737538 
284.723166 
284.708793 
284.694417 
284.680039 
284.665660 
284.651278 
284.636895 
284.622510 
284.608123 
284.593734 
284.579343 
284.564950 
284.550556 
284.536159 
284.521761 
284.507360 
284.492958 
284.478554 
284.464148 
284.449740 
284.435330 
284.420918 
284.406505 
284.392089 
284.377671 
284.363252 
284.348831 
284.334408 
284.319982 
284.305555 
284.291126 
284.276695 
284.262263 
284.247828 
284.233391 
284.218953 
284.204512 
284.190070 
284.175626 
284.161179 
284.146731 
284.132281 
284.117829 
284.103375 
284.088920 
284.074462 
284.060002 
284.045541 
284.031077 
284.016612 
284.002144 
283.987675 
283.973204 
283.958731 
283.944255 
283.929778 
283.915299 
283.900819 
283.886336 
283.871851 
283.857364 
283.842876 
283.828385 
283.813893 
283.799398 
283.784902 
283.770403 
283.755903 
283.741401 
283.726897 
283.712391 
283.697883 
283.683373 
283.668861 
283.654347 
283.639831 
283.625313 
283.610794 
283.596272 
283.581748 
283.567223 
283.552695 
283.538166 
283.523634 
283.509101 
283.494566 
283.480028 
283.465489 
283.450948 
283.436405 
283.421860 
283.407312 
283.392763 
283.378212 
283.363659 
283.349105 
283.334548 
283.319989 
283.305428 
283.290865 
283.276300 
283.261734 
283.247165 
283.232594 
283.218022 
283.203447 
283.188871 
283.174292 
283.159712 
283.145129 
283.130545 
283.115958 
283.101370 
283.086779 
283.072187 
283.057593 
283.042996 
283.028398 
283.013798 
282.999195 
282.984591 
282.969985 
282.955377 
282.940766 
282.926154 
282.911540 
282.896924 
282.882306 
282.867686 
282.853063 
282.838439 
282.823813 
282.809185 
282.794555 
282.779923 
282.765289 
282.750653 
282.736015 
282.721375 
282.706732 
282.692088 
282.677442 
282.662794 
282.648144 
282.633492 
282.618838 
282.604182 
282.589524 
282.574864 
282.560202 
282.545537 
282.530871 
282.516203 
282.501533 
282.486861 
282.472187 
282.457511 
282.442832 
282.428152 
282.413470 
282.398786 
282.384099 
282.369411 
282.354721 
282.340029 
282.325334 
282.310638 
282.295940 
282.281239 
282.266537 
282.251832 
282.237126 
282.222417 
282.207707 
282.192994 
282.178280 
282.163563 
282.148845 
282.134124 
282.119401 
282.104677 
282.089950 
282.075221 
282.060490 
282.045757 
282.031023 
282.016286 
282.001547 
281.986806 
281.972063 
281.957318 
281.942571 
281.927821 
281.913070 
281.898317 
281.883562 
281.868804 
281.854045 
281.839283 
281.824520 
281.809754 
281.794987 
281.780217 
281.765446 
281.750672 
281.735896 
281.721118 
281.706338 
281.691556 
281.676772 
281.661986 
281.647198 
281.632408 
281.617616 
281.602822 
281.588025 
281.573227 
281.558426 
281.543624 
281.528819 
281.514013 
281.499204 
281.484393 
281.469580 
281.454765 
281.439948 
281.425129 
281.410308 
281.395485 
281.380659 
281.365832 
281.351003 
281.336171 
281.321337 
281.306502 
281.291664 
281.276824 
281.261982 
281.247138 
281.232292 
281.217444 
281.202594 
281.187741 
281.172887 
281.158030 
281.143172 
281.128311 
281.113448 
281.098583 
281.083717 
281.068847 
281.053976 
281.039103 
281.024228 
281.009350 
280.994471 
280.979589 
280.964705 
280.949820 
280.934932 
280.920042 
280.905150 
280.890255 
280.875359 
280.860461 
280.845560 
280.830658 
280.815753 
280.800846 
280.785937 
280.771026 
280.756113 
280.741197 
280.726280 
280.711361 
280.696439 
280.681515 
280.666589 
280.651661 
280.636731 
280.621799 
280.606865 
280.591928 
280.576990 
280.562049 
280.547106 
280.532161 
280.517214 
280.502265 
280.487314 
280.472360 
280.457405 
280.442447 
280.427487 
280.412525 
280.397561 
280.382595 
280.367627 
280.352656 
280.337684 
280.322709 
280.307732 
280.292753 
280.277772 
280.262788 
280.247803 
280.232815 
280.217826 
280.202834 
280.187840 
280.172844 
280.157845 
280.142845 
280.127842 
280.112837 
280.097830 
280.082821 
280.067810 
280.052797 
280.037781 
280.022764 
280.007744 
279.992722 
279.977698 
279.962671 
279.947643 
279.932612 
279.917580 
279.902545 
279.887508 
279.872468 
279.857427 
279.842383 
279.827337 
279.812290 
279.797239 
279.782187 
279.767133 
279.752076 
279.737017 
279.721956 
279.706893 
279.691828 
279.676761 
279.661691 
279.646619 
279.631545 
279.616469 
279.601391 
279.586310 
279.571227 
279.556142 
279.541055 
279.525966 
279.510874 
279.495781 
279.480685 
279.465587 
279.450487 
279.435384 
279.420280 
279.405173 
279.390064 
279.374953 
279.359839 
279.344724 
279.329606 
279.314486 
279.299364 
279.284240 
279.269113 
279.253984 
279.238853 
279.223720 
279.208585 
279.193447 
279.178307 
279.163165 
279.148021 
279.132875 
279.117726 
279.102575 
279.087422 
279.072267 
279.057109 
279.041950 
279.026788 
279.011624 
278.996457 
278.981289 
278.966118 
278.950945 
278.935770 
278.920592 
278.905413 
278.890231 
278.875047 
278.859860 
278.844672 
278.829481 
278.814288 
278.799093 
278.783895 
278.768695 
278.753493 
278.738289 
278.723083 
278.707874 
278.692663 
278.677450 
278.662235 
278.647017 
278.631797 
278.616575 
278.601351 
278.586124 
278.570895 
278.555664 
278.540431 
278.525195 
278.509957 
278.494717 
278.479475 
278.464230 
278.448983 
278.433734 
278.418483 
278.403229 
278.387974 
278.372715 
278.357455 
278.342192 
278.326928 
278.311660 
278.296391 
278.281119 
278.265845 
278.250569 
278.235291 
278.220010 
278.204727 
278.189442 
278.174154 
278.158864 
278.143572 
278.128278 
278.112981 
278.097682 
278.082381 
278.067077 
278.051772 
278.036463 
278.021153 
278.005841 
277.990526 
277.975208 
277.959889 
277.944567 
277.929243 
277.913917 
277.898588 
277.883257 
277.867924 
277.852589 
277.837251 
277.821911 
277.806568 
277.791224 
277.775877 
277.760528 
277.745176 
277.729822 
277.714466 
277.699108 
277.683747 
277.668384 
277.653018 
277.637651 
277.622281 
277.606908 
277.591534 
277.576157 
277.560778 
277.545396 
277.530012 
277.514626 
277.499238 
277.483847 
277.468454 
277.453058 
277.437661 
277.422260 
277.406858 
277.391453 
277.376046 
277.360637 
277.345225 
277.329811 
277.314395 
277.298976 
277.283555 
277.268132 
277.252706 
277.237278 
277.221848 
277.206415 
277.190980 
277.175543 
277.160103 
277.144661 
277.129217 
277.113770 
277.098321 
277.082870 
277.067416 
277.051960 
277.036501 
277.021041 
277.005577 
276.990112 
276.974644 
276.959174 
276.943701 
276.928227 
276.912749 
276.897270 
276.881788 
276.866304 
276.850817 
276.835328 
276.819836 
276.804343 
276.788847 
276.773348 
276.757847 
276.742344 
276.726838 
276.711331 
276.695820 
276.680308 
276.664792 
276.649275 
276.633755 
276.618233 
276.602708 
276.587182 
276.571652 
276.556121 
276.540586 
276.525050 
276.509511 
276.493970 
276.478426 
276.462880 
276.447332 
276.431781 
276.416228 
276.400672 
276.385115 
276.369554 
276.353991 
276.338426 
276.322859 
276.307289 
276.291717 
276.276142 
276.260565 
276.244985 
276.229403 
276.213819 
276.198232 
276.182643 
276.167052 
276.151458 
276.135861 
276.120263 
276.104662 
276.089058 
276.073452 
276.057844 
276.042233 
276.026619 
276.011004 
275.995386 
275.979765 
275.964142 
275.948517 
275.932889 
275.917259 
275.901626 
275.885991 
275.870354 
275.854714 
275.839072 
275.823427 
275.807780 
275.792130 
275.776478 
275.760824 
275.745167 
275.729507 
275.713846 
275.698181 
275.682515 
275.666845 
275.651174 
275.635500 
275.619823 
275.604145 
275.588463 
275.572779 
275.557093 
275.541404 
275.525713 
275.510020 
275.494324 
275.478625 
275.462924 
275.447221 
275.431515 
275.415807 
275.400096 
275.384382 
275.368667 
275.352949 
275.337228 
275.321505 
275.305779 
275.290051 
275.274321 
275.258588 
275.242852 
275.227114 
275.211374 
275.195631 
275.179885 
275.164138 
275.148387 
275.132634 
275.116879 
275.101121 
275.085361 
275.069598 
275.053833 
275.038065 
275.022295 
275.006522 
274.990747 
274.974970 
274.959189 
274.943407 
274.927622 
274.911834 
274.896044 
274.880251 
274.864456 
274.848658 
274.832858 
274.817055 
274.801250 
274.785443 
274.769632 
274.753820 
274.738004 
274.722187 
274.706367 
274.690544 
274.674719 
274.658891 
274.643060 
274.627228 
274.611392 
274.595555 
274.579714 
274.563871 
274.548026 
274.532178 
274.516327 
274.500475 
274.484619 
274.468761 
274.452900 
274.437037 
274.421172 
274.405303 
274.389433 
274.373560 
274.357684 
274.341805 
274.325925 
274.310041 
274.294155 
274.278267 
274.262376 
274.246482 
274.230586 
274.214687 
274.198786 
274.182882 
274.166976 
274.151067 
274.135156 
274.119242 
274.103325 
274.087406 
274.071484 
274.055560 
274.039633 
274.023704 
274.007772 
273.991838 
273.975901 
273.959961 
273.944019 
273.928074 
273.912127 
273.896177 
273.880224 
273.864269 
273.848312 
273.832352 
273.816389 
273.800424 
273.784456 
273.768485 
273.752512 
273.736536 
273.720558 
273.704577 
273.688594 
273.672608 
273.656619 
273.640628 
273.624634 
273.608638 
273.592639 
273.576637 
273.560633 
273.544626 
273.528617 
273.512605 
273.496590 
273.480573 
273.464553 
273.448531 
273.432506 
273.416478 
273.400448 
273.384415 
273.368379 
273.352341 
273.336301 
273.320257 
273.304211 
273.288163 
273.272112 
273.256058 
273.240001 
273.223942 
273.207881 
273.191816 
273.175750 
273.159680 
273.143608 
273.127533 
273.111456 
273.095375 
273.079293 
273.063207 
273.047119 
273.031029 
273.014935 
272.998840 
272.982741 
272.966640 
272.950536 
272.934429 
272.918320 
272.902209 
272.886094 
272.869977 
272.853857 
272.837735 
272.821610 
272.805482 
272.789352 
272.773219 
272.757083 
272.740945 
272.724804 
272.708660 
272.692514 
272.676365 
272.660213 
272.644058 
272.627901 
272.611742 
272.595579 
272.579414 
272.563247 
272.547076 
272.530903 
272.514727 
272.498549 
272.482368 
272.466184 
272.449997 
272.433808 
272.417616 
272.401422 
272.385225 
272.369025 
272.352822 
272.336617 
272.320409 
272.304198 
272.287984 
272.271768 
272.255549 
272.239328 
272.223104 
272.206877 
272.190647 
272.174415 
272.158180 
272.141942 
272.125701 
272.109458 
272.093212 
272.076964 
272.060712 
272.044458 
272.028201 
272.011942 
271.995680 
271.979415 
271.963147 
271.946877 
271.930604 
271.914328 
271.898049 
271.881768 
271.865484 
271.849197 
271.832907 
271.816615 
271.800320 
271.784022 
271.767722 
271.751419 
271.735113 
271.718804 
271.702493 
271.686178 
271.669861 
271.653542 
271.637219 
271.620894 
271.604566 
271.588235 
271.571902 
271.555566 
271.539227 
271.522885 
271.506540 
271.490193 
271.473843 
271.457490 
271.441135 
271.424776 
271.408415 
271.392051 
271.375684 
271.359315 
271.342943 
271.326568 
271.310190 
271.293809 
271.277426 
271.261040 
271.244651 
271.228259 
271.211865 
271.195468 
271.179068 
271.162665 
271.146259 
271.129851 
271.113439 
271.097025 
271.080608 
271.064189 
271.047766 
271.031341 
271.014913 
270.998482 
270.982049 
270.965612 
270.949173 
270.932731 
270.916286 
270.899838 
270.883388 
270.866934 
270.850478 
270.834019 
270.817557 
270.801093 
270.784625 
270.768155 
270.751682 
270.735206 
270.718727 
270.702246 
270.685761 
270.669274 
270.652784 
270.636291 
270.619795 
270.603297 
270.586795 
270.570291 
270.553784 
270.537274 
270.520761 
270.504245 
270.487727 
270.471205 
270.454681 
270.438154 
270.421624 
270.405091 
270.388556 
270.372017 
270.355476 
270.338932 
270.322384 
270.305835 
270.289282 
270.272726 
270.256167 
270.239606 
270.223042 
270.206475 
270.189904 
270.173332 
270.156756 
270.140177 
270.123596 
270.107011 
270.090424 
270.073834 
270.057240 
270.040644 
270.024046 
270.007444 
269.990839 
269.974232 
269.957621 
269.941008 
269.924392 
269.907772 
269.891150 
269.874525 
269.857897 
269.841267 
269.824633 
269.807996 
269.791357 
269.774715 
269.758069 
269.741421 
269.724770 
269.708116 
269.691459 
269.674799 
269.658136 
269.641470 
269.624802 
269.608130 
269.591456 
269.574778 
269.558098 
269.541414 
269.524728 
269.508039 
269.491347 
269.474652 
269.457954 
269.441253 
269.424549 
269.407842 
269.391132 
269.374420 
269.357704 
269.340985 
269.324264 
269.307539 
269.290812 
269.274081 
269.257348 
269.240611 
269.223872 
269.207130 
269.190385 
269.173636 
269.156885 
269.140131 
269.123374 
269.106614 
269.089851 
269.073085 
269.056316 
269.039544 
269.022769 
269.005991 
268.989210 
268.972426 
268.955639 
268.938849 
268.922056 
268.905260 
268.888461 
268.871659 
268.854855 
268.838047 
268.821236 
268.804422 
268.787605 
268.770785 
268.753962 
268.737137 
268.720308 
268.703476 
268.686641 
268.669803 
268.652962 
268.636118 
268.619271 
268.602421 
268.585568 
268.568712 
268.551853 
268.534991 
268.518126 
268.501258 
268.484387 
268.467513 
268.450635 
268.433755 
268.416872 
268.399986 
268.383096 
268.366204 
268.349308 
268.332410 
268.315508 
268.298604 
268.281696 
268.264786 
268.247872 
268.230955 
268.214035 
268.197112 
268.180186 
268.163257 
268.146325 
268.129390 
268.112452 
268.095511 
268.078567 
268.061619 
268.044669 
268.027715 
268.010759 
267.993799 
267.976836 
267.959870 
267.942901 
267.925929 
267.908954 
267.891976 
267.874995 
267.858011 
267.841023 
267.824033 
267.807039 
267.790042 
267.773042 
267.756039 
267.739033 
267.722024 
267.705012 
267.687997 
267.670978 
267.653957 
267.636932 
267.619904 
267.602874 
267.585840 
267.568803 
267.551762 
267.534719 
267.517673 
267.500623 
267.483570 
267.466514 
267.449455 
267.432393 
267.415328 
267.398260 
267.381188 
267.364114 
267.347036 
267.329955 
267.312871 
267.295784 
267.278693 
267.261600 
267.244503 
267.227404 
267.210301 
267.193195 
267.176085 
267.158973 
267.141857 
267.124739 
267.107617 
267.090492 
267.073364 
267.056232 
267.039098 
267.021960 
267.004819 
266.987675 
266.970528 
266.953378 
266.936224 
266.919067 
266.901907 
266.884744 
266.867578 
266.850408 
266.833236 
266.816060 
266.798881 
266.781699 
266.764513 
266.747324 
266.730133 
266.712938 
266.695739 
266.678538 
266.661333 
266.644125 
266.626914 
266.609700 
266.592483 
266.575262 
266.558038 
266.540811 
266.523580 
266.506347 
266.489110 
266.471870 
266.454627 
266.437380 
266.420131 
266.402878 
266.385621 
266.368362 
266.351099 
266.333833 
266.316564 
266.299292 
266.282016 
266.264737 
266.247455 
266.230170 
266.212881 
266.195590 
266.178294 
266.160996 
266.143694 
266.126390 
266.109081 
266.091770 
266.074455 
266.057137 
266.039816 
266.022492 
266.005164 
265.987833 
265.970499 
265.953161 
265.935820 
265.918476 
265.901128 
265.883778 
265.866424 
265.849067 
265.831706 
265.814342 
265.796975 
265.779604 
265.762231 
265.744854 
265.727473 
265.710090 
265.692703 
265.675312 
265.657919 
265.640522 
265.623122 
265.605718 
265.588311 
265.570901 
265.553488 
265.536071 
265.518651 
265.501227 
265.483801 
265.466371 
265.448937 
265.431500 
265.414060 
265.396617 
265.379170 
265.361720 
265.344267 
265.326810 
265.309350 
265.291886 
265.274419 
265.256949 
265.239476 
265.221999 
265.204519 
265.187035 
265.169548 
265.152058 
265.134564 
265.117067 
265.099567 
265.082063 
265.064556 
265.047045 
265.029531 
265.012014 
264.994494 
264.976970 
264.959442 
264.941911 
264.924377 
264.906840 
264.889299 
264.871754 
264.854207 
264.836655 
264.819101 
264.801543 
264.783982 
264.766417 
264.748849 
264.731277 
264.713702 
264.696124 
264.678542 
264.660957 
264.643368 
264.625776 
264.608181 
264.590582 
264.572980 
264.555374 
264.537765 
264.520152 
264.502536 
264.484917 
264.467294 
264.449668 
264.432038 
264.414405 
264.396768 
264.379128 
264.361485 
264.343838 
264.326187 
264.308533 
264.290876 
264.273215 
264.255551 
264.237883 
264.220212 
264.202538 
264.184860 
264.167178 
264.149493 
264.131805 
264.114113 
264.096417 
264.078718 
264.061016 
264.043310 
264.025601 
264.007888 
263.990171 
263.972452 
263.954728 
263.937001 
263.919271 
263.901537 
263.883800 
263.866059 
263.848315 
263.830567 
263.812816 
263.795061 
263.777303 
263.759541 
263.741775 
263.724006 
263.706234 
263.688458 
263.670679 
263.652896 
263.635109 
263.617319 
263.599525 
263.581728 
263.563928 
263.546124 
263.528316 
263.510505 
263.492690 
263.474871 
263.457050 
263.439224 
263.421395 
263.403563 
263.385726 
263.367887 
263.350044 
263.332197 
263.314346 
263.296493 
263.278635 
263.260774 
263.242909 
263.225041 
263.207169 
263.189294 
263.171415 
263.153533 
263.135647 
263.117757 
263.099864 
263.081967 
263.064066 
263.046162 
263.028255 
263.010343 
262.992428 
262.974510 
262.956588 
262.938662 
262.920733 
262.902800 
262.884864 
262.866924 
262.848980 
262.831033 
262.813082 
262.795127 
262.777169 
262.759207 
262.741241 
262.723272 
262.705300 
262.687323 
262.669343 
262.651360 
262.633372 
262.615381 
262.597387 
262.579388 
262.561387 
262.543381 
262.525372 
262.507359 
262.489342 
262.471322 
262.453298 
262.435271 
262.417240 
262.399205 
262.381166 
262.363124 
262.345078 
262.327029 
262.308976 
262.290919 
262.272858 
262.254794 
262.236726 
262.218654 
262.200579 
262.182500 
262.164417 
262.146331 
262.128240 
262.110147 
262.092049 
262.073948 
262.055843 
262.037734 
262.019622 
262.001505 
261.983386 
261.965262 
261.947135 
261.929004 
261.910869 
261.892730 
261.874588 
261.856442 
261.838293 
261.820139 
261.801982 
261.783821 
261.765656 
261.747488 
261.729316 
261.711140 
261.692960 
261.674777 
261.656590 
261.638399 
261.620204 
261.602005 
261.583803 
261.565597 
261.547387 
261.529174 
261.510957 
261.492735 
261.474510 
261.456282 
261.438049 
261.419813 
261.401573 
261.383329 
261.365082 
261.346830 
261.328575 
261.310316 
261.292053 
261.273786 
261.255516 
261.237242 
261.218963 
261.200682 
261.182396 
261.164106 
261.145813 
261.127516 
261.109215 
261.090910 
261.072601 
261.054289 
261.035972 
261.017652 
260.999328 
260.981000 
260.962669 
260.944333 
260.925994 
260.907650 
260.889303 
260.870952 
260.852597 
260.834239 
260.815876 
260.797510 
260.779139 
260.760765 
260.742387 
260.724005 
260.705620 
260.687230 
260.668836 
260.650439 
260.632038 
260.613632 
260.595223 
260.576810 
260.558393 
260.539972 
260.521548 
260.503119 
260.484687 
260.466250 
260.447810 
260.429366 
260.410918 
260.392465 
260.374009 
260.355550 
260.337086 
260.318618 
260.300146 
260.281671 
260.263191 
260.244708 
260.226220 
260.207729 
260.189233 
260.170734 
260.152231 
260.133724 
260.115213 
260.096698 
260.078178 
260.059655 
260.041128 
260.022598 
260.004063 
259.985524 
259.966981 
259.948434 
259.929883 
259.911329 
259.892770 
259.874207 
259.855640 
259.837070 
259.818495 
259.799916 
259.781333 
259.762747 
259.744156 
259.725561 
259.706963 
259.688360 
259.669753 
259.651142 
259.632528 
259.613909 
259.595286 
259.576659 
259.558028 
259.539393 
259.520754 
259.502112 
259.483465 
259.464814 
259.446158 
259.427499 
259.408836 
259.390169 
259.371498 
259.352822 
259.334143 
259.315460 
259.296772 
259.278080 
259.259385 
259.240685 
259.221981 
259.203273 
259.184562 
259.165846 
259.147125 
259.128401 
259.109673 
259.090941 
259.072204 
259.053464 
259.034719 
259.015970 
258.997218 
258.978461 
258.959700 
258.940934 
258.922165 
258.903392 
258.884614 
258.865833 
258.847047 
258.828257 
258.809463 
258.790665 
258.771863 
258.753056 
258.734246 
258.715431 
258.696612 
258.677789 
258.658962 
258.640131 
258.621295 
258.602456 
258.583612 
258.564764 
258.545912 
258.527056 
258.508196 
258.489331 
258.470462 
258.451589 
258.432712 
258.413831 
258.394946 
258.376056 
258.357162 
258.338264 
258.319362 
258.300455 
258.281545 
258.262630 
258.243711 
258.224788 
258.205860 
258.186928 
258.167993 
258.149052 
258.130108 
258.111160 
258.092207 
258.073250 
258.054288 
258.035323 
258.016353 
257.997379 
257.978401 
257.959419 
257.940432 
257.921441 
257.902446 
257.883446 
257.864443 
257.845435 
257.826422 
257.807406 
257.788385 
257.769360 
257.750331 
257.731297 
257.712259 
257.693217 
257.674170 
257.655120 
257.636065 
257.617005 
257.597942 
257.578874 
257.559801 
257.540725 
257.521644 
257.502559 
257.483469 
257.464375 
257.445277 
257.426175 
257.407068 
257.387957 
257.368842 
257.349722 
257.330598 
257.311469 
257.292336 
257.273199 
257.254058 
257.234912 
257.215762 
257.196607 
257.177448 
257.158285 
257.139117 
257.119945 
257.100769 
257.081588 
257.062403 
257.043214 
257.024020 
257.004822 
256.985619 
256.966412 
256.947200 
256.927985 
256.908764 
256.889540 
256.870311 
256.851077 
256.831839 
256.812597 
256.793350 
256.774099 
256.754844 
256.735584 
256.716319 
256.697051 
256.677777 
256.658500 
256.639218 
256.619931 
256.600640 
256.581345 
256.562045 
256.542740 
256.523432 
256.504118 
256.484801 
256.465478 
256.446152 
256.426821 
256.407485 
256.388145 
256.368800 
256.349451 
256.330098 
256.310740 
256.291377 
256.272010 
256.252639 
256.233263 
256.213882 
256.194497 
256.175108 
256.155714 
256.136315 
256.116912 
256.097504 
256.078092 
256.058676 
256.039255 
256.019829 
256.000399 
255.980964 
255.961524 
255.942081 
255.922632 
255.903179 
255.883722 
255.864260 
255.844793 
255.825322 
255.805846 
255.786366 
255.766881 
255.747391 
255.727897 
255.708399 
255.688895 
255.669388 
255.649875 
255.630358 
255.610837 
255.591310 
255.571780 
255.552244 
255.532704 
255.513160 
255.493610 
255.474057 
255.454498 
255.434935 
255.415367 
255.395795 
255.376218 
255.356636 
255.337050 
255.317459 
255.297864 
255.278263 
255.258659 
255.239049 
255.219435 
255.199816 
255.180193 
255.160564 
255.140932 
255.121294 
255.101652 
255.082005 
255.062354 
255.042697 
255.023036 
255.003371 
254.983700 
254.964025 
254.944346 
254.924661 
254.904972 
254.885278 
254.865580 
254.845877 
254.826169 
254.806456 
254.786738 
254.767016 
254.747289 
254.727558 
254.707821 
254.688080 
254.668334 
254.648584 
254.628828 
254.609068 
254.589303 
254.569534 
254.549759 
254.529980 
254.510196 
254.490407 
254.470614 
254.450816 
254.431013 
254.411205 
254.391392 
254.371575 
254.351752 
254.331925 
254.312093 
254.292257 
254.272415 
254.252569 
254.232718 
254.212862 
254.193001 
254.173135 
254.153265 
254.133390 
254.113510 
254.093625 
254.073735 
254.053840 
254.033941 
254.014036 
253.994127 
253.974213 
253.954294 
253.934370 
253.914442 
253.894508 
253.874570 
253.854627 
253.834678 
253.814725 
253.794767 
253.774804 
253.754837 
253.734864 
253.714887 
253.694904 
253.674917 
253.654924 
253.634927 
253.614925 
253.594918 
253.574906 
253.554889 
253.534867 
253.514840 
253.494809 
253.474772 
253.454730 
253.434684 
253.414632 
253.394576 
253.374514 
253.354448 
253.334376 
253.314300 
253.294219 
253.274132 
253.254041 
253.233945 
253.213843 
253.193737 
253.173626 
253.153509 
253.133388 
253.113262 
253.093130 
253.072994 
253.052853 
253.032706 
253.012555 
252.992398 
252.972237 
252.952070 
252.931899 
252.911722 
252.891541 
252.871354 
252.851162 
252.830965 
252.810764 
252.790557 
252.770345 
252.750128 
252.729905 
252.709678 
252.689446 
252.669208 
252.648966 
252.628718 
252.608466 
252.588208 
252.567945 
252.547677 
252.527404 
252.507126 
252.486842 
252.466554 
252.446260 
252.425962 
252.405658 
252.385349 
252.365035 
252.344715 
252.324391 
252.304061 
252.283727 
252.263387 
252.243042 
252.222692 
252.202336 
252.181976 
252.161610 
252.141239 
252.120863 
252.100482 
252.080095 
252.059703 
252.039307 
252.018905 
251.998497 
251.978085 
251.957667 
251.937244 
251.916816 
251.896383 
251.875944 
251.855500 
251.835051 
251.814597 
251.794137 
251.773672 
251.753202 
251.732727 
251.712246 
251.691761 
251.671269 
251.650773 
251.630271 
251.609764 
251.589252 
251.568735 
251.548212 
251.527684 
251.507150 
251.486612 
251.466068 
251.445519 
251.424964 
251.404404 
251.383839 
251.363268 
251.342692 
251.322111 
251.301524 
251.280933 
251.260335 
251.239733 
251.219125 
251.198511 
251.177893 
251.157269 
251.136639 
251.116004 
251.095364 
251.074719 
251.054068 
251.033412 
251.012750 
250.992083 
250.971410 
250.950732 
250.930049 
250.909360 
250.888666 
250.867967 
250.847262 
250.826551 
250.805836 
250.785114 
250.764388 
250.743656 
250.722918 
250.702175 
250.681426 
250.660673 
250.639913 
250.619148 
250.598378 
250.577602 
250.556821 
250.536034 
250.515242 
250.494444 
250.473641 
250.452832 
250.432018 
250.411198 
250.390373 
250.369542 
250.348706 
250.327864 
250.307017 
250.286164 
250.265305 
250.244441 
250.223572 
250.202697 
250.181816 
250.160930 
250.140038 
250.119141 
250.098238 
250.077330 
250.056416 
250.035496 
250.014571 
249.993640 
249.972704 
249.951762 
249.930814 
249.909861 
249.888902 
249.867938 
249.846968 
249.825992 
249.805011 
249.784024 
249.763032 
249.742034 
249.721030 
249.700020 
249.679005 
249.657985 
249.636958 
249.615926 
249.594888 
249.573845 
249.552796 
249.531741 
249.510681 
249.489614 
249.468543 
249.447465 
249.426382 
249.405293 
249.384198 
249.363098 
249.341992 
249.320880 
249.299762 
249.278639 
249.257510 
249.236375 
249.215235 
249.194088 
249.172936 
249.151778 
249.130615 
249.109445 
249.088270 
249.067090 
249.045903 
249.024710 
249.003512 
248.982308 
248.961098 
248.939883 
248.918661 
248.897434 
248.876201 
248.854962 
248.833717 
248.812467 
248.791210 
248.769948 
248.748680 
248.727406 
248.706126 
248.684841 
248.663549 
248.642252 
248.620949 
248.599639 
248.578324 
248.557004 
248.535677 
248.514344 
248.493006 
248.471661 
248.450311 
248.428955 
248.407592 
248.386224 
248.364850 
248.343470 
248.322084 
248.300693 
248.279295 
248.257891 
248.236481 
248.215066 
248.193644 
248.172217 
248.150783 
248.129343 
248.107898 
248.086446 
248.064989 
248.043526 
248.022056 
248.000581 
247.979099 
247.957612 
247.936118 
247.914619 
247.893113 
247.871601 
247.850084 
247.828560 
247.807030 
247.785495 
247.763953 
247.742405 
247.720851 
247.699291 
247.677725 
247.656153 
247.634574 
247.612990 
247.591400 
247.569803 
247.548200 
247.526592 
247.504977 
247.483356 
247.461729 
247.440096 
247.418456 
247.396811 
247.375159 
247.353501 
247.331837 
247.310167 
247.288491 
247.266809 
247.245120 
247.223425 
247.201724 
247.180017 
247.158304 
247.136584 
247.114859 
247.093127 
247.071389 
247.049644 
247.027894 
247.006137 
246.984374 
246.962605 
246.940829 
246.919047 
246.897259 
246.875465 
246.853665 
246.831858 
246.810045 
246.788225 
246.766400 
246.744568 
246.722730 
246.700885 
246.679035 
246.657177 
246.635314 
246.613444 
246.591568 
246.569686 
246.547797 
246.525902 
246.504001 
246.482093 
246.460179 
246.438259 
246.416332 
246.394399 
246.372460 
246.350514 
246.328561 
246.306603 
246.284638 
246.262666 
246.240688 
246.218704 
246.196714 
246.174717 
246.152713 
246.130703 
246.108687 
246.086664 
246.064635 
246.042599 
246.020557 
245.998508 
245.976453 
245.954392 
245.932324 
245.910249 
245.888168 
245.866081 
245.843987 
245.821887 
245.799780 
245.777666 
245.755546 
245.733420 
245.711287 
245.689147 
245.667001 
245.644848 
245.622689 
245.600523 
245.578351 
245.556172 
245.533987 
245.511795 
245.489596 
245.467391 
245.445179 
245.422961 
245.400736 
245.378504 
245.356266 
245.334021 
245.311770 
245.289512 
245.267247 
245.244975 
245.222697 
245.200413 
245.178121 
245.155823 
245.133519 
245.111208 
245.088890 
245.066565 
245.044233 
245.021895 
244.999551 
244.977199 
244.954841 
244.932476 
244.910104 
244.887726 
244.865341 
244.842949 
244.820550 
244.798145 
244.775733 
244.753314 
244.730888 
244.708456 
244.686017 
244.663571 
244.641118 
244.618659 
244.596192 
244.573719 
244.551239 
244.528752 
244.506259 
244.483758 
244.461251 
244.438737 
244.416216 
244.393688 
244.371153 
244.348611 
244.326063 
244.303508 
244.280945 
244.258376 
244.235800 
244.213217 
244.190628 
244.168031 
244.145427 
244.122817 
244.100199 
244.077575 
244.054943 
244.032305 
244.009660 
243.987008 
243.964348 
243.941682 
243.919009 
243.896329 
243.873642 
243.850948 
243.828247 
243.805538 
243.782823 
243.760101 
243.737372 
243.714636 
243.691893 
243.669142 
243.646385 
243.623621 
243.600849 
243.578071 
243.555285 
243.532492 
243.509692 
243.486886 
243.464072 
243.441251 
243.418422 
243.395587 
243.372745 
243.349895 
243.327039 
243.304175 
243.281304 
243.258426 
243.235540 
243.212648 
243.189748 
243.166842 
243.143928 
243.121007 
243.098078 
243.075143 
243.052200 
243.029250 
243.006293 
242.983328 
242.960357 
242.937378 
242.914392 
242.891398 
242.868398 
242.845390 
242.822375 
242.799352 
242.776322 
242.753285 
242.730241 
242.707189 
242.684130 
242.661064 
242.637991 
242.614910 
242.591821 
242.568726 
242.545623 
242.522513 
242.499395 
242.476270 
242.453138 
242.429998 
242.406851 
242.383696 
242.360534 
242.337365 
242.314188 
242.291004 
242.267812 
242.244613 
242.221407 
242.198193 
242.174971 
242.151742 
242.128506 
242.105262 
242.082011 
242.058752 
242.035486 
242.012212 
241.988931 
241.965642 
241.942346 
241.919042 
241.895731 
241.872412 
241.849086 
241.825752 
241.802410 
241.779061 
241.755705 
241.732340 
241.708969 
241.685589 
241.662202 
241.638808 
241.615405 
241.591996 
241.568578 
241.545153 
241.521720 
241.498280 
241.474832 
241.451376 
241.427913 
241.404442 
241.380963 
241.357477 
241.333983 
241.310481 
241.286971 
241.263454 
241.239929 
241.216396 
241.192856 
241.169308 
241.145752 
241.122188 
241.098617 
241.075038 
241.051451 
241.027856 
241.004253 
240.980643 
240.957025 
240.933399 
240.909765 
240.886123 
240.862474 
240.838817 
240.815151 
240.791478 
240.767798 
240.744109 
240.720412 
240.696708 
240.672995 
240.649275 
240.625547 
240.601811 
240.578067 
240.554315 
240.530555 
240.506787 
240.483011 
240.459227 
240.435436 
240.411636 
240.387828 
240.364013 
240.340189 
240.316357 
240.292518 
240.268670 
240.244814 
240.220951 
240.197079 
240.173199 
240.149311 
240.125415 
240.101511 
240.077599 
240.053679 
240.029751 
240.005814 
239.981870 
239.957917 
239.933957 
239.909988 
239.886011 
239.862026 
239.838033 
239.814031 
239.790022 
239.766004 
239.741978 
239.717944 
239.693901 
239.669851 
239.645792 
239.621725 
239.597650 
239.573567 
239.549475 
239.525375 
239.501267 
239.477151 
239.453026 
239.428893 
239.404752 
239.380602 
239.356444 
239.332278 
239.308104 
239.283921 
239.259730 
239.235530 
239.211322 
239.187106 
239.162881 
239.138648 
239.114407 
239.090157 
239.065899 
239.041633 
239.017358 
238.993074 
238.968782 
238.944482 
238.920173 
238.895856 
238.871531 
238.847197 
238.822854 
238.798503 
238.774143 
238.749775 
238.725399 
238.701014 
238.676620 
238.652218 
238.627807 
238.603388 
238.578960 
238.554524 
238.530079 
238.505625 
238.481163 
238.456692 
238.432213 
238.407725 
238.383228 
238.358723 
238.334209 
238.309687 
238.285155 
238.260616 
238.236067 
238.211510 
238.186944 
238.162369 
238.137786 
238.113194 
238.088593 
238.063984 
238.039365 
238.014738 
237.990103 
237.965458 
237.940805 
237.916143 
237.891472 
237.866792 
237.842104 
237.817406 
237.792700 
237.767985 
237.743261 
237.718529 
237.693787 
237.669037 
237.644277 
237.619509 
237.594732 
237.569946 
237.545151 
237.520347 
237.495534 
237.470713 
237.445882 
237.421042 
237.396194 
237.371336 
237.346469 
237.321594 
237.296709 
237.271816 
237.246913 
237.222001 
237.197081 
237.172151 
237.147212 
237.122264 
237.097307 
237.072341 
237.047366 
237.022382 
236.997389 
236.972386 
236.947375 
236.922354 
236.897324 
236.872285 
236.847237 
236.822180 
236.797113 
236.772037 
236.746952 
236.721858 
236.696755 
236.671642 
236.646520 
236.621389 
236.596249 
236.571099 
236.545940 
236.520772 
236.495595 
236.470408 
236.445212 
236.420006 
236.394792 
236.369567 
236.344334 
236.319091 
236.293839 
236.268577 
236.243307 
236.218026 
236.192736 
236.167437 
236.142129 
236.116811 
236.091483 
236.066146 
236.040800 
236.015444 
235.990078 
235.964704 
235.939319 
235.913925 
235.888522 
235.863109 
235.837686 
235.812254 
235.786813 
235.761362 
235.735901 
235.710430 
235.684950 
235.659461 
235.633962 
235.608453 
235.582934 
235.557406 
235.531868 
235.506321 
235.480764 
235.455197 
235.429621 
235.404034 
235.378438 
235.352833 
235.327217 
235.301592 
235.275957 
235.250312 
235.224658 
235.198994 
235.173319 
235.147636 
235.121942 
235.096238 
235.070525 
235.044802 
235.019069 
234.993326 
234.967573 
234.941810 
234.916037 
234.890255 
234.864462 
234.838660 
234.812847 
234.787025 
234.761193 
234.735350 
234.709498 
234.683636 
234.657763 
234.631881 
234.605989 
234.580086 
234.554174 
234.528251 
234.502319 
234.476376 
234.450424 
234.424461 
234.398488 
234.372505 
234.346511 
234.320508 
234.294495 
234.268471 
234.242437 
234.216393 
234.190339 
234.164274 
234.138200 
234.112115 
234.086019 
234.059914 
234.033798 
234.007672 
233.981536 
233.955390 
233.929233 
233.903066 
233.876888 
233.850700 
233.824502 
233.798293 
233.772074 
233.745845 
233.719605 
233.693355 
233.667095 
233.640824 
233.614542 
233.588250 
233.561948 
233.535635 
233.509312 
233.482978 
233.456634 
233.430279 
233.403913 
233.377538 
233.351151 
233.324754 
233.298346 
233.271928 
233.245499 
233.219060 
233.192610 
233.166149 
233.139678 
233.113196 
233.086703 
233.060200 
233.033686 
233.007161 
232.980625 
232.954079 
232.927522 
232.900955 
232.874376 
232.847787 
232.821187 
232.794576 
232.767954 
232.741322 
232.714679 
232.688024 
232.661359 
232.634684 
232.607997 
232.581299 
232.554591 
232.527871 
232.501141 
232.474399 
232.447647 
232.420884 
232.394109 
232.367324 
232.340528 
232.313721 
232.286902 
232.260073 
232.233233 
232.206381 
232.179519 
232.152645 
232.125760 
232.098864 
232.071957 
232.045039 
232.018110 
231.991169 
231.964218 
231.937255 
231.910281 
231.883296 
231.856299 
231.829292 
231.802273 
231.775243 
231.748201 
231.721148 
231.694084 
231.667009 
231.639922 
231.612824 
231.585715 
231.558594 
231.531462 
231.504318 
231.477163 
231.449997 
231.422819 
231.395630 
231.368429 
231.341217 
231.313993 
231.286758 
231.259511 
231.232253 
231.204983 
231.177702 
231.150409 
231.123104 
231.095788 
231.068461 
231.041122 
231.013771 
230.986408 
230.959034 
230.931648 
230.904251 
230.876841 
230.849421 
230.821988 
230.794543 
230.767087 
230.739619 
230.712140 
230.684648 
230.657145 
230.629630 
230.602103 
230.574564 
230.547014 
230.519451 
230.491877 
230.464290 
230.436692 
230.409082 
230.381460 
230.353826 
230.326180 
230.298522 
230.270852 
230.243170 
230.215476 
230.187770 
230.160052 
230.132322 
230.104580 
230.076825 
230.049059 
230.021280 
229.993489 
229.965687 
229.937871 
229.910044 
229.882205 
229.854353 
229.826489 
229.798613 
229.770725 
229.742824 
229.714911 
229.686986 
229.659049 
229.631099 
229.603137 
229.575162 
229.547175 
229.519176 
229.491164 
229.463140 
229.435104 
229.407055 
229.378993 
229.350919 
229.322833 
229.294734 
229.266623 
229.238499 
229.210362 
229.182213 
229.154052 
229.125877 
229.097690 
229.069491 
229.041279 
229.013054 
228.984817 
228.956567 
228.928304 
228.900028 
228.871740 
228.843439 
228.815125 
228.786799 
228.758459 
228.730107 
228.701742 
228.673365 
228.644974 
228.616570 
228.588154 
228.559725 
228.531282 
228.502827 
228.474359 
228.445878 
228.417384 
228.388877 
228.360357 
228.331824 
228.303278 
228.274719 
228.246146 
228.217561 
228.188962 
228.160351 
228.131726 
228.103088 
228.074437 
228.045773 
228.017095 
227.988405 
227.959701 
227.930984 
227.902253 
227.873510 
227.844753 
227.815982 
227.787198 
227.758401 
227.729591 
227.700767 
227.671930 
227.643079 
227.614215 
227.585338 
227.556447 
227.527542 
227.498624 
227.469693 
227.440748 
227.411789 
227.382817 
227.353832 
227.324832 
227.295819 
227.266793 
227.237752 
227.208698 
227.179631 
227.150550 
227.121454 
227.092346 
227.063223 
227.034087 
227.004937 
226.975773 
226.946595 
226.917403 
226.888198 
226.858978 
226.829745 
226.800498 
226.771237 
226.741962 
226.712673 
226.683370 
226.654053 
226.624722 
226.595377 
226.566017 
226.536644 
226.507257 
226.477855 
226.448440 
226.419010 
226.389566 
226.360108 
226.330636 
226.301149 
226.271648 
226.242133 
226.212604 
226.183060 
226.153503 
226.123930 
226.094344 
226.064743 
226.035127 
226.005498 
225.975853 
225.946195 
225.916522 
225.886834 
225.857132 
225.827415 
225.797684 
225.767938 
225.738178 
225.708403 
225.678614 
225.648809 
225.618991 
225.589157 
225.559309 
225.529446 
225.499568 
225.469676 
225.439769 
225.409847 
225.379910 
225.349959 
225.319992 
225.290011 
225.260015 
225.230004 
225.199978 
225.169937 
225.139881 
225.109810 
225.079724 
225.049623 
225.019507 
224.989376 
224.959230 
224.929068 
224.898892 
224.868700 
224.838494 
224.808272 
224.778035 
224.747782 
224.717515 
224.687232 
224.656934 
224.626620 
224.596291 
224.565947 
224.535588 
224.505213 
224.474823 
224.444417 
224.413996 
224.383559 
224.353107 
224.322639 
224.292156 
224.261657 
224.231143 
224.200613 
224.170067 
224.139506 
224.108929 
224.078336 
224.047728 
224.017104 
223.986464 
223.955808 
223.925137 
223.894450 
223.863747 
223.833028 
223.802293 
223.771542 
223.740775 
223.709993 
223.679194 
223.648380 
223.617549 
223.586703 
223.555840 
223.524961 
223.494066 
223.463155 
223.432228 
223.401285 
223.370326 
223.339350 
223.308358 
223.277350 
223.246325 
223.215284 
223.184227 
223.153154 
223.122064 
223.090958 
223.059835 
223.028696 
222.997541 
222.966368 
222.935180 
222.903975 
222.872753 
222.841515 
222.810260 
222.778989 
222.747700 
222.716396 
222.685074 
222.653736 
222.622381 
222.591009 
222.559621 
222.528215 
222.496793 
222.465354 
222.433898 
222.402425 
222.370935 
222.339428 
222.307905 
222.276364 
222.244806 
222.213231 
222.181639 
222.150030 
222.118404 
222.086761 
222.055100 
222.023422 
221.991727 
221.960015 
221.928285 
221.896539 
221.864774 
221.832993 
221.801194 
221.769378 
221.737544 
221.705693 
221.673824 
221.641938 
221.610034 
221.578113 
221.546174 
221.514217 
221.482243 
221.450251 
221.418242 
221.386215 
221.354170 
221.322107 
221.290027 
221.257928 
221.225812 
221.193678 
221.161526 
221.129356 
221.097169 
221.064963 
221.032739 
221.000497 
220.968237 
220.935959 
220.903663 
220.871349 
220.839017 
220.806666 
220.774297 
220.741910 
220.709505 
220.677082 
220.644640 
220.612179 
220.579701 
220.547204 
220.514688 
220.482154 
220.449602 
220.417031 
220.384441 
220.351833 
220.319206 
220.286561 
220.253897 
220.221214 
220.188513 
220.155793 
220.123054 
220.090296 
220.057520 
220.024724 
219.991910 
219.959077 
219.926225 
219.893354 
219.860463 
219.827554 
219.794626 
219.761679 
219.728712 
219.695727 
219.662722 
219.629698 
219.596655 
219.563592 
219.530511 
219.497410 
219.464289 
219.431149 
219.397990 
219.364811 
219.331613 
219.298396 
219.265158 
219.231902 
219.198625 
219.165329 
219.132014 
219.098678 
219.065323 
219.031949 
218.998554 
218.965140 
218.931705 
218.898251 
218.864777 
218.831283 
218.797770 
218.764236 
218.730682 
218.697108 
218.663514 
218.629899 
218.596265 
218.562611 
218.528936 
218.495241 
218.461525 
218.427790 
218.394034 
218.360258 
218.326461 
218.292644 
218.258806 
218.224948 
218.191069 
218.157170 
218.123250 
218.089309 
218.055348 
218.021366 
217.987364 
217.953340 
217.919296 
217.885231 
217.851145 
217.817038 
217.782910 
217.748761 
217.714591 
217.680401 
217.646189 
217.611956 
217.577702 
217.543426 
217.509130 
217.474812 
217.440473 
217.406112 
217.371730 
217.337327 
217.302903 
217.268457 
217.233989 
217.199500 
217.164989 
217.130457 
217.095903 
217.061328 
217.026731 
216.992112 
216.957471 
216.922808 
216.888124 
216.853418 
216.818689 
216.783939 
216.749167 
216.714373 
216.679556 
216.644718 
216.609857 
216.574975 
216.540070 
216.505143 
216.470193 
216.435221 
216.400227 
216.365211 
216.330172 
216.295110 
216.260026 
216.224920 
216.189791 
216.154639 
216.119464 
216.084267 
216.049047 
216.013805 
215.978539 
215.943251 
215.907940 
215.872605 
215.837248 
215.801868 
215.766465 
215.731038 
215.695589 
215.660116 
215.624620 
215.589101 
215.553559 
215.517993 
215.482404 
215.446792 
215.411156 
215.375496 
215.339813 
215.304107 
215.268376 
215.232623 
215.196845 
215.161044 
215.125219 
215.089370 
215.053497 
215.017600 
214.981680 
214.945735 
214.909766 
214.873774 
214.837757 
214.801716 
214.765651 
214.729561 
214.693448 
214.657310 
214.621147 
214.584960 
214.548749 
214.512513 
214.476253 
214.439968 
214.403659 
214.367324 
214.330966 
214.294582 
214.258173 
214.221740 
214.185282 
214.148799 
214.112291 
214.075757 
214.039199 
214.002616 
213.966007 
213.929373 
213.892715 
213.856030 
213.819321 
213.782586 
213.745825 
213.709039 
213.672228 
213.635391 
213.598528 
213.561640 
213.524726 
213.487786 
213.450820 
213.413829 
213.376811 
213.339768 
213.302699 
213.265603 
213.228482 
213.191334 
213.154161 
213.116961 
213.079734 
213.042482 
213.005203 
212.967897 
212.930565 
212.893207 
212.855822 
212.818410 
212.780972 
212.743507 
212.706015 
212.668497 
212.630951 
212.593379 
212.555779 
212.518153 
212.480499 
212.442819 
212.405111 
212.367376 
212.329613 
212.291824 
212.254007 
212.216162 
212.178290 
212.140391 
212.102464 
212.064509 
212.026527 
211.988516 
211.950479 
211.912413 
211.874319 
211.836197 
211.798048 
211.759870 
211.721664 
211.683430 
211.645168 
211.606877 
211.568558 
211.530211 
211.491835 
211.453431 
211.414998 
211.376537 
211.338046 
211.299528 
211.260980 
211.222404 
211.183798 
211.145164 
211.106501 
211.067808 
211.029087 
210.990336 
210.951557 
210.912747 
210.873909 
210.835041 
210.796144 
210.757217 
210.718261 
210.679274 
210.640259 
210.601213 
210.562138 
210.523033 
210.483898 
210.444733 
210.405537 
210.366312 
210.327057 
210.287771 
210.248455 
210.209109 
210.169732 
210.130325 
210.090887 
210.051419 
210.011920 
209.972390 
209.932830 
209.893239 
209.853616 
209.813963 
209.774279 
209.734564 
209.694817 
209.655040 
209.615231 
209.575390 
209.535519 
209.495615 
209.455681 
209.415714 
209.375716 
209.335687 
209.295625 
209.255532 
209.215407 
209.175249 
209.135060 
209.094838 
209.054585 
209.014299 
208.973981 
208.933630 
208.893247 
208.852831 
208.812383 
208.771902 
208.731388 
208.690842 
208.650263 
208.609650 
208.569005 
208.528327 
208.487615 
208.446870 
208.406092 
208.365281 
208.324436 
208.283558 
208.242646 
208.201701 
208.160721 
208.119708 
208.078662 
208.037581 
207.996466 
207.955317 
207.914134 
207.872917 
207.831665 
207.790379 
207.749059 
207.707704 
207.666315 
207.624891 
207.583432 
207.541938 
207.500410 
207.458846 
207.417247 
207.375614 
207.333945 
207.292241 
207.250501 
207.208726 
207.166916 
207.125070 
207.083188 
207.041271 
206.999317 
206.957328 
206.915303 
206.873242 
206.831144 
206.789011 
206.746841 
206.704635 
206.662392 
206.620113 
206.577797 
206.535445 
206.493055 
206.450629 
206.408166 
206.365666 
206.323129 
206.280554 
206.237942 
206.195293 
206.152607 
206.109882 
206.067121 
206.024321 
205.981484 
205.938609 
205.895696 
205.852745 
205.809755 
205.766728 
205.723662 
205.680558 
205.637415 
205.594234 
205.551014 
205.507755 
205.464458 
205.421121 
205.377746 
205.334331 
205.290877 
205.247384 
205.203851 
205.160279 
205.116668 
205.073017 
205.029326 
204.985595 
204.941824 
204.898013 
204.854162 
204.810271 
204.766339 
204.722367 
204.678355 
204.634302 
204.590208 
204.546074 
204.501898 
204.457682 
204.413424 
204.369125 
204.324785 
204.280404 
204.235981 
204.191517 
204.147010 
204.102462 
204.057873 
204.013241 
203.968567 
203.923851 
203.879092 
203.834291 
203.789448 
203.744562 
203.699633 
203.654662 
203.609648 
203.564590 
203.519490 
203.474346 
203.429159 
203.383928 
203.338654 
203.293336 
203.247975 
203.202569 
203.157120 
203.111626 
203.066089 
203.020507 
202.974880 
202.929209 
202.883494 
202.837733 
202.791928 
202.746078 
202.700182 
202.654242 
202.608256 
202.562224 
202.516148 
202.470025 
202.423857 
202.377642 
202.331382 
202.285076 
202.238723 
202.192324 
202.145878 
202.099386 
202.052847 
202.006262 
201.959629 
201.912949 
201.866222 
201.819448 
201.772626 
201.725756 
201.678839 
201.631874 
201.584861 
201.537800 
201.490691 
201.443534 
201.396328 
201.349073 
201.301770 
201.254418 
201.207017 
201.159566 
201.112067 
201.064518 
201.016920 
200.969272 
200.921574 
200.873827 
200.826029 
200.778181 
200.730283 
200.682335 
200.634336 
200.586286 
200.538185 
200.490034 
200.441831 
200.393577 
200.345272 
200.296915 
200.248507 
200.200046 
200.151534 
200.102970 
200.054353 
200.005684 
199.956963 
199.908189 
199.859362 
199.810482 
199.761549 
199.712563 
199.663523 
199.614430 
199.565283 
199.516082 
199.466827 
199.417519 
199.368155 
199.318738 
199.269265 
199.219739 
199.170157 
199.120520 
199.070827 
199.021080 
198.971277 
198.921418 
198.871503 
198.821533 
198.771506 
198.721423 
198.671283 
198.621087 
198.570834 
198.520523 
198.470156 
198.419732 
198.369250 
198.318710 
198.268112 
198.217457 
198.166743 
198.115971 
198.065141 
198.014252 
197.963304 
197.912297 
197.861231 
197.810105 
197.758920 
197.707676 
197.656371 
197.605006 
197.553581 
197.502096 
197.450550 
197.398944 
197.347276 
197.295547 
197.243757 
197.191906 
197.139992 
197.088017 
197.035980 
196.983880 
196.931718 
196.879494 
196.827206 
196.774856 
196.722442 
196.669965 
196.617424 
196.564820 
196.512151 
196.459419 
196.406622 
196.353760 
196.300834 
196.247842 
196.194786 
196.141664 
196.088476 
196.035223 
195.981903 
195.928518 
195.875066 
195.821547 
195.767962 
195.714309 
195.660589 
195.606802 
195.552947 
195.499024 
195.445033 
195.390973 
195.336846 
195.282649 
195.228383 
195.174048 
195.119644 
195.065169 
195.010625 
194.956011 
194.901327 
194.846572 
194.791746 
194.736849 
194.681880 
194.626841 
194.571729 
194.516546 
194.461290 
194.405962 
194.350561 
194.295087 
194.239540 
194.183919 
194.128225 
194.072457 
194.016615 
193.960698 
193.904707 
193.848641 
193.792499 
193.736282 
193.679990 
193.623621 
193.567177 
193.510655 
193.454057 
193.397383 
193.340630 
193.283801 
193.226893 
193.169908 
193.112844 
193.055702 
192.998481 
192.941180 
192.883800 
192.826341 
192.768801 
192.711182 
192.653481 
192.595700 
192.537838 
192.479895 
192.421869 
192.363762 
192.305573 
192.247301 
192.188946 
192.130508 
192.071986 
192.013381 
191.954692 
191.895918 
191.837060 
191.778117 
191.719088 
191.659974 
191.600774 
191.541488 
191.482115 
191.422656 
191.363109 
191.303475 
191.243753 
191.183943 
191.124045 
191.064057 
191.003981 
190.943815 
190.883559 
190.823214 
190.762777 
190.702250 
190.641632 
190.580923 
190.520121 
190.459227 
190.398241 
190.337162 
190.275990 
190.214724 
190.153364 
190.091910 
190.030361 
189.968717 
189.906978 
189.845143 
189.783212 
189.721184 
189.659059 
189.596838 
189.534518 
189.472100 
189.409584 
189.346969 
189.284255 
189.221441 
189.158528 
189.095513 
189.032398 
188.969182 
188.905864 
188.842444 
188.778922 
188.715297 
188.651568 
188.587736 
188.523800 
188.459759 
188.395613 
188.331362 
188.267005 
188.202542 
188.137972 
188.073295 
188.008510 
187.943617 
187.878616 
187.813506 
187.748286 
187.682957 
187.617517 
187.551966 
187.486304 
187.420531 
187.354645 
187.288647 
187.222535 
187.156310 
187.089970 
187.023516 
186.956947 
186.890262 
186.823461 
186.756544 
186.689509 
186.622357 
186.555086 
186.487697 
186.420188 
186.352560 
186.284812 
186.216943 
186.148952 
186.080840 
186.012605 
185.944247 
185.875766 
185.807160 
185.738430 
185.669575 
185.600594 
185.531487 
185.462253 
185.392891 
185.323401 
185.253783 
185.184035 
185.114157 
185.044149 
184.974010 
184.903739 
184.833336 
184.762800 
184.692131 
184.621327 
184.550388 
184.479314 
184.408104 
184.336757 
184.265273 
184.193651 
184.121890 
184.049990 
183.977949 
183.905768 
183.833446 
183.760981 
183.688374 
183.615623 
183.542728 
183.469688 
183.396503 
183.323171 
183.249692 
183.176065 
183.102290 
183.028365 
182.954290 
182.880065 
182.805688 
182.731159 
182.656477 
182.581640 
182.506649 
182.431503 
182.356201 
182.280741 
182.205124 
182.129347 
182.053412 
181.977316 
181.901059 
181.824640 
181.748058 
181.671312 
181.594401 
181.517326 
181.440083 
181.362674 
181.285096 
181.207350 
181.129433 
181.051346 
180.973086 
180.894654 
180.816049 
180.737268 
180.658312 
180.579180 
180.499870 
180.420381 
180.340713 
180.260865 
180.180835 
180.100622 
180.020226 
179.939645 
179.858878 
179.777925 
179.696784 
179.615454 
179.533935 
179.452224 
179.370321 
179.288225 
179.205934 
179.123448 
179.040765 
178.957884 
178.874805 
178.791525 
178.708044 
178.624360 
178.540473 
178.456380 
178.372081 
178.287575 
178.202860 
178.117935 
178.032799 
177.947450 
177.861888 
177.776110 
177.690115 
177.603903 
177.517471 
177.430819 
177.343945 
177.256847 
177.169525 
177.081976 
176.994200 
176.906195 
176.817958 
176.729490 
176.640788 
176.551852 
176.462678 
176.373266 
176.283615 
176.193722 
176.103586 
176.013206 
175.922579 
175.831705 
175.740581 
175.649206 
175.557578 
175.465696 
175.373557 
175.281160 
175.188503 
175.095585 
175.002403 
174.908956 
174.815242 
174.721258 
174.627004 
174.532477 
174.437675 
174.342597 
174.247240 
174.151602 
174.055681 
173.959476 
173.862984 
173.766203 
173.669131 
173.571765 
173.474105 
173.376147 
173.277889 
173.179329 
173.080464 
172.981293 
172.881814 
172.782023 
172.681918 
172.581497 
172.480758 
172.379698 
172.278314 
172.176605 
172.074567 
171.972197 
171.869494 
171.766455 
171.663076 
171.559356 
171.455291 
171.350879 
171.246116 
171.141000 
171.035529 
170.929698 
170.823506 
170.716948 
170.610023 
170.502727 
170.395056 
170.287008 
170.178579 
170.069767 
169.960567 
169.850977 
169.740993 
169.630611 
169.519829 
169.408642 
169.297047 
169.185040 
169.072618 
168.959777 
168.846513 
168.732822 
168.618701 
168.504145 
168.389150 
168.273712 
168.157828 
168.041492 
167.924701 
167.807451 
167.689736 
167.571553 
167.452896 
167.333762 
167.214146 
167.094043 
166.973447 
166.852355 
166.730761 
166.608661 
166.486048 
166.362919 
166.239267 
166.115087 
165.990374 
165.865122 
165.739326 
165.612980 
165.486077 
165.358613 
165.230581 
165.101975 
164.972788 
164.843015 
164.712649 
164.581683 
164.450111 
164.317926 
164.185121 
164.051689 
163.917623 
163.782915 
163.647559 
163.511546 
163.374869 
163.237520 
163.099491 
162.960774 
162.821361 
162.681243 
162.540412 
162.398859 
162.256574 
162.113550 
161.969776 
161.825243 
161.679941 
161.533861 
161.386993 
161.239326 
161.090850 
160.941554 
160.791427 
160.640458 
160.488636 
160.335950 
160.182386 
160.027934 
159.872580 
159.716313 
159.559118 
159.400984 
159.241897 
159.081841 
158.920805 
158.758772 
158.595729 
158.431660 
158.266550 
158.100382 
157.933140 
157.764809 
157.595370 
157.424807 
157.253101 
157.080234 
156.906188 
156.730942 
156.554477 
156.376773 
156.197809 
156.017564 
155.836015 
155.653140 
155.468915 
155.283318 
155.096323 
154.907905 
154.718039 
154.526697 
154.333852 
154.139477 
153.943541 
153.746015 
153.546869 
153.346069 
153.143585 
152.939380 
152.733422 
152.525674 
152.316098 
152.104657 
151.891310 
151.676017 
151.458736 
151.239422 
151.018029 
150.794512 
150.568822 
150.340907 
150.110717 
149.878196 
149.643288 
149.405935 
149.166077 
148.923650 
148.678589 
148.430825 
148.180288 
147.926904 
147.670595 
147.411282 
147.148880 
146.883302 
146.614457 
146.342248 
146.066576 
145.787336 
145.504418 
145.217707 
144.927081 
144.632414 
144.333573 
144.030416 
143.722795 
143.410554 
143.093529 
142.771544 
142.444416 
142.111949 
141.773936 
141.430158 
141.080379 
140.724353 
140.361812 
139.992475 
139.616037 
139.232175 
138.840540 
138.440758 
138.032426 
137.615108 
137.188335 
136.751595 
136.304335 
135.845952 
135.375785 
134.893113 
134.397143 
133.886999 
133.361715 
132.820217 
132.261307 
131.683645 
131.085722 
130.465834 
129.822040 
129.152123 
128.453525 
127.723280 
126.957916 
126.153330 
125.304626 
124.405886 
123.449865 
122.427546 
121.327502 
120.134930 
118.830141 
117.386086 
115.764052 
113.905617 
111.716024 
109.024732 
105.469677 
99.997558 
81.852766 
NaN
NaN
NaN
NaN
NaN
NaN
NaN
NaN
NaN
NaN
NaN
NaN
NaN
NaN
NaN
NaN
NaN
NaN
NaN
NaN
NaN
NaN
NaN
NaN
NaN
NaN
NaN
NaN
NaN
NaN
NaN
NaN
NaN
NaN
NaN
NaN
NaN
NaN
