330.054627 
330.043503 
330.032378 
330.021252 
330.010126 
329.998999 
329.987872 
329.976744 
329.965615 
329.954486 
329.943356 
329.932225 
329.921093 
329.909961 
329.898829 
329.887695 
329.876561 
329.865427 
329.854291 
329.843155 
329.832019 
329.820881 
329.809743 
329.798605 
329.787466 
329.776326 
329.765185 
329.754044 
329.742902 
329.731759 
329.720616 
329.709472 
329.698328 
329.687182 
329.676036 
329.664890 
329.653743 
329.642595 
329.631446 
329.620297 
329.609147 
329.597997 
329.586846 
329.575694 
329.564541 
329.553388 
329.542234 
329.531080 
329.519925 
329.508769 
329.497613 
329.486456 
329.475298 
329.464139 
329.452980 
329.441820 
329.430660 
329.419499 
329.408337 
329.397175 
329.386012 
329.374848 
329.363684 
329.352519 
329.341353 
329.330186 
329.319019 
329.307852 
329.296683 
329.285514 
329.274344 
329.263174 
329.252003 
329.240831 
329.229659 
329.218486 
329.207312 
329.196138 
329.184963 
329.173787 
329.162611 
329.151434 
329.140256 
329.129078 
329.117899 
329.106719 
329.095538 
329.084357 
329.073176 
329.061993 
329.050810 
329.039627 
329.028442 
329.017257 
329.006072 
328.994885 
328.983698 
328.972510 
328.961322 
328.950133 
328.938943 
328.927753 
328.916562 
328.905370 
328.894178 
328.882985 
328.871791 
328.860596 
328.849401 
328.838206 
328.827009 
328.815812 
328.804614 
328.793416 
328.782217 
328.771017 
328.759817 
328.748615 
328.737414 
328.726211 
328.715008 
328.703804 
328.692600 
328.681395 
328.670189 
328.658982 
328.647775 
328.636567 
328.625359 
328.614150 
328.602940 
328.591729 
328.580518 
328.569306 
328.558094 
328.546880 
328.535666 
328.524452 
328.513237 
328.502021 
328.490804 
328.479587 
328.468369 
328.457150 
328.445931 
328.434711 
328.423490 
328.412269 
328.401047 
328.389824 
328.378601 
328.367377 
328.356152 
328.344927 
328.333701 
328.322474 
328.311247 
328.300019 
328.288790 
328.277560 
328.266330 
328.255100 
328.243868 
328.232636 
328.221403 
328.210170 
328.198935 
328.187701 
328.176465 
328.165229 
328.153992 
328.142754 
328.131516 
328.120277 
328.109037 
328.097797 
328.086556 
328.075314 
328.064072 
328.052829 
328.041585 
328.030341 
328.019096 
328.007850 
327.996604 
327.985357 
327.974109 
327.962860 
327.951611 
327.940361 
327.929111 
327.917860 
327.906608 
327.895355 
327.884102 
327.872848 
327.861594 
327.850338 
327.839082 
327.827826 
327.816568 
327.805310 
327.794052 
327.782792 
327.771532 
327.760271 
327.749010 
327.737748 
327.726485 
327.715222 
327.703957 
327.692692 
327.681427 
327.670161 
327.658894 
327.647626 
327.636358 
327.625089 
327.613819 
327.602549 
327.591278 
327.580006 
327.568734 
327.557461 
327.546187 
327.534912 
327.523637 
327.512361 
327.501085 
327.489808 
327.478530 
327.467251 
327.455972 
327.444692 
327.433411 
327.422130 
327.410848 
327.399565 
327.388282 
327.376998 
327.365713 
327.354427 
327.343141 
327.331854 
327.320567 
327.309279 
327.297990 
327.286700 
327.275410 
327.264119 
327.252827 
327.241535 
327.230242 
327.218948 
327.207653 
327.196358 
327.185062 
327.173766 
327.162469 
327.151171 
327.139872 
327.128573 
327.117273 
327.105972 
327.094671 
327.083369 
327.072066 
327.060762 
327.049458 
327.038153 
327.026848 
327.015542 
327.004235 
326.992927 
326.981619 
326.970310 
326.959000 
326.947690 
326.936379 
326.925067 
326.913754 
326.902441 
326.891127 
326.879813 
326.868497 
326.857182 
326.845865 
326.834547 
326.823229 
326.811911 
326.800591 
326.789271 
326.777950 
326.766629 
326.755307 
326.743984 
326.732660 
326.721336 
326.710011 
326.698685 
326.687359 
326.676031 
326.664704 
326.653375 
326.642046 
326.630716 
326.619385 
326.608054 
326.596722 
326.585389 
326.574056 
326.562722 
326.551387 
326.540052 
326.528715 
326.517378 
326.506041 
326.494702 
326.483363 
326.472024 
326.460683 
326.449342 
326.438000 
326.426658 
326.415315 
326.403971 
326.392626 
326.381281 
326.369935 
326.358588 
326.347241 
326.335893 
326.324544 
326.313194 
326.301844 
326.290493 
326.279141 
326.267789 
326.256436 
326.245082 
326.233728 
326.222372 
326.211017 
326.199660 
326.188303 
326.176945 
326.165586 
326.154227 
326.142867 
326.131506 
326.120144 
326.108782 
326.097419 
326.086055 
326.074691 
326.063326 
326.051960 
326.040594 
326.029227 
326.017859 
326.006490 
325.995121 
325.983751 
325.972380 
325.961009 
325.949637 
325.938264 
325.926890 
325.915516 
325.904141 
325.892765 
325.881389 
325.870012 
325.858634 
325.847256 
325.835876 
325.824496 
325.813116 
325.801735 
325.790352 
325.778970 
325.767586 
325.756202 
325.744817 
325.733432 
325.722045 
325.710658 
325.699270 
325.687882 
325.676493 
325.665103 
325.653712 
325.642321 
325.630929 
325.619536 
325.608143 
325.596749 
325.585354 
325.573958 
325.562562 
325.551165 
325.539767 
325.528369 
325.516970 
325.505570 
325.494169 
325.482768 
325.471366 
325.459963 
325.448560 
325.437156 
325.425751 
325.414345 
325.402939 
325.391532 
325.380124 
325.368716 
325.357307 
325.345897 
325.334486 
325.323075 
325.311663 
325.300250 
325.288837 
325.277422 
325.266007 
325.254592 
325.243176 
325.231758 
325.220341 
325.208922 
325.197503 
325.186083 
325.174662 
325.163241 
325.151819 
325.140396 
325.128973 
325.117548 
325.106123 
325.094698 
325.083271 
325.071844 
325.060416 
325.048988 
325.037559 
325.026129 
325.014698 
325.003266 
324.991834 
324.980401 
324.968968 
324.957533 
324.946098 
324.934663 
324.923226 
324.911789 
324.900351 
324.888912 
324.877473 
324.866033 
324.854592 
324.843150 
324.831708 
324.820265 
324.808821 
324.797377 
324.785932 
324.774486 
324.763039 
324.751592 
324.740144 
324.728695 
324.717246 
324.705795 
324.694344 
324.682893 
324.671440 
324.659987 
324.648533 
324.637079 
324.625623 
324.614167 
324.602710 
324.591253 
324.579795 
324.568336 
324.556876 
324.545416 
324.533954 
324.522493 
324.511030 
324.499567 
324.488103 
324.476638 
324.465172 
324.453706 
324.442239 
324.430771 
324.419303 
324.407834 
324.396364 
324.384893 
324.373422 
324.361950 
324.350477 
324.339003 
324.327529 
324.316054 
324.304578 
324.293102 
324.281625 
324.270147 
324.258668 
324.247189 
324.235709 
324.224228 
324.212746 
324.201264 
324.189781 
324.178297 
324.166813 
324.155327 
324.143841 
324.132355 
324.120867 
324.109379 
324.097890 
324.086400 
324.074910 
324.063419 
324.051927 
324.040434 
324.028941 
324.017447 
324.005952 
323.994457 
323.982960 
323.971463 
323.959966 
323.948467 
323.936968 
323.925468 
323.913967 
323.902466 
323.890964 
323.879461 
323.867957 
323.856453 
323.844948 
323.833442 
323.821935 
323.810428 
323.798920 
323.787411 
323.775902 
323.764391 
323.752880 
323.741369 
323.729856 
323.718343 
323.706829 
323.695314 
323.683799 
323.672283 
323.660766 
323.649248 
323.637730 
323.626210 
323.614690 
323.603170 
323.591648 
323.580126 
323.568604 
323.557080 
323.545556 
323.534030 
323.522505 
323.510978 
323.499451 
323.487923 
323.476394 
323.464864 
323.453334 
323.441803 
323.430271 
323.418739 
323.407206 
323.395672 
323.384137 
323.372601 
323.361065 
323.349528 
323.337990 
323.326452 
323.314913 
323.303373 
323.291832 
323.280291 
323.268748 
323.257205 
323.245662 
323.234117 
323.222572 
323.211026 
323.199480 
323.187932 
323.176384 
323.164835 
323.153285 
323.141735 
323.130184 
323.118632 
323.107079 
323.095526 
323.083972 
323.072417 
323.060861 
323.049305 
323.037748 
323.026190 
323.014631 
323.003072 
322.991512 
322.979951 
322.968389 
322.956827 
322.945263 
322.933700 
322.922135 
322.910570 
322.899003 
322.887436 
322.875869 
322.864300 
322.852731 
322.841161 
322.829591 
322.818019 
322.806447 
322.794874 
322.783301 
322.771726 
322.760151 
322.748575 
322.736998 
322.725421 
322.713843 
322.702264 
322.690684 
322.679104 
322.667522 
322.655940 
322.644358 
322.632774 
322.621190 
322.609605 
322.598019 
322.586433 
322.574845 
322.563257 
322.551669 
322.540079 
322.528489 
322.516898 
322.505306 
322.493713 
322.482120 
322.470526 
322.458931 
322.447336 
322.435739 
322.424142 
322.412544 
322.400946 
322.389346 
322.377746 
322.366145 
322.354544 
322.342941 
322.331338 
322.319734 
322.308130 
322.296524 
322.284918 
322.273311 
322.261703 
322.250095 
322.238485 
322.226875 
322.215265 
322.203653 
322.192041 
322.180428 
322.168814 
322.157199 
322.145584 
322.133968 
322.122351 
322.110733 
322.099115 
322.087496 
322.075876 
322.064255 
322.052634 
322.041011 
322.029389 
322.017765 
322.006140 
321.994515 
321.982889 
321.971262 
321.959635 
321.948006 
321.936377 
321.924747 
321.913117 
321.901485 
321.889853 
321.878220 
321.866586 
321.854952 
321.843317 
321.831681 
321.820044 
321.808406 
321.796768 
321.785129 
321.773489 
321.761849 
321.750207 
321.738565 
321.726922 
321.715278 
321.703634 
321.691989 
321.680343 
321.668696 
321.657049 
321.645400 
321.633751 
321.622101 
321.610451 
321.598799 
321.587147 
321.575494 
321.563841 
321.552186 
321.540531 
321.528875 
321.517218 
321.505561 
321.493902 
321.482243 
321.470583 
321.458923 
321.447261 
321.435599 
321.423936 
321.412272 
321.400608 
321.388943 
321.377276 
321.365610 
321.353942 
321.342274 
321.330605 
321.318935 
321.307264 
321.295592 
321.283920 
321.272247 
321.260573 
321.248899 
321.237223 
321.225547 
321.213870 
321.202193 
321.190514 
321.178835 
321.167155 
321.155474 
321.143793 
321.132110 
321.120427 
321.108743 
321.097058 
321.085373 
321.073687 
321.062000 
321.050312 
321.038623 
321.026934 
321.015244 
321.003553 
320.991861 
320.980169 
320.968476 
320.956781 
320.945087 
320.933391 
320.921695 
320.909997 
320.898300 
320.886601 
320.874901 
320.863201 
320.851500 
320.839798 
320.828095 
320.816392 
320.804688 
320.792983 
320.781277 
320.769571 
320.757863 
320.746155 
320.734446 
320.722736 
320.711026 
320.699315 
320.687603 
320.675890 
320.664176 
320.652462 
320.640747 
320.629031 
320.617314 
320.605596 
320.593878 
320.582159 
320.570439 
320.558718 
320.546997 
320.535275 
320.523552 
320.511828 
320.500103 
320.488378 
320.476652 
320.464925 
320.453197 
320.441468 
320.429739 
320.418009 
320.406278 
320.394546 
320.382814 
320.371080 
320.359346 
320.347611 
320.335876 
320.324139 
320.312402 
320.300664 
320.288925 
320.277185 
320.265445 
320.253704 
320.241962 
320.230219 
320.218476 
320.206731 
320.194986 
320.183240 
320.171493 
320.159746 
320.147997 
320.136248 
320.124498 
320.112748 
320.100996 
320.089244 
320.077491 
320.065737 
320.053982 
320.042227 
320.030470 
320.018713 
320.006955 
319.995197 
319.983437 
319.971677 
319.959916 
319.948154 
319.936392 
319.924628 
319.912864 
319.901099 
319.889333 
319.877566 
319.865799 
319.854031 
319.842262 
319.830492 
319.818721 
319.806950 
319.795178 
319.783405 
319.771631 
319.759856 
319.748081 
319.736305 
319.724528 
319.712750 
319.700971 
319.689192 
319.677412 
319.665631 
319.653849 
319.642066 
319.630283 
319.618499 
319.606713 
319.594928 
319.583141 
319.571354 
319.559565 
319.547776 
319.535987 
319.524196 
319.512404 
319.500612 
319.488819 
319.477025 
319.465231 
319.453435 
319.441639 
319.429842 
319.418044 
319.406245 
319.394446 
319.382646 
319.370844 
319.359043 
319.347240 
319.335436 
319.323632 
319.311827 
319.300021 
319.288214 
319.276407 
319.264598 
319.252789 
319.240979 
319.229168 
319.217357 
319.205545 
319.193731 
319.181917 
319.170103 
319.158287 
319.146470 
319.134653 
319.122835 
319.111016 
319.099197 
319.087376 
319.075555 
319.063733 
319.051910 
319.040086 
319.028262 
319.016436 
319.004610 
318.992783 
318.980955 
318.969127 
318.957297 
318.945467 
318.933636 
318.921804 
318.909972 
318.898138 
318.886304 
318.874469 
318.862633 
318.850796 
318.838959 
318.827120 
318.815281 
318.803441 
318.791600 
318.779759 
318.767916 
318.756073 
318.744229 
318.732384 
318.720538 
318.708692 
318.696845 
318.684996 
318.673148 
318.661298 
318.649447 
318.637596 
318.625744 
318.613890 
318.602037 
318.590182 
318.578326 
318.566470 
318.554613 
318.542755 
318.530896 
318.519037 
318.507176 
318.495315 
318.483453 
318.471590 
318.459726 
318.447862 
318.435997 
318.424130 
318.412263 
318.400396 
318.388527 
318.376658 
318.364787 
318.352916 
318.341044 
318.329172 
318.317298 
318.305424 
318.293549 
318.281673 
318.269796 
318.257918 
318.246040 
318.234160 
318.222280 
318.210399 
318.198517 
318.186635 
318.174751 
318.162867 
318.150982 
318.139096 
318.127209 
318.115322 
318.103433 
318.091544 
318.079654 
318.067763 
318.055872 
318.043979 
318.032086 
318.020191 
318.008296 
317.996401 
317.984504 
317.972607 
317.960708 
317.948809 
317.936909 
317.925008 
317.913107 
317.901204 
317.889301 
317.877397 
317.865492 
317.853586 
317.841679 
317.829772 
317.817864 
317.805955 
317.794045 
317.782134 
317.770222 
317.758310 
317.746397 
317.734482 
317.722567 
317.710652 
317.698735 
317.686818 
317.674899 
317.662980 
317.651060 
317.639140 
317.627218 
317.615296 
317.603372 
317.591448 
317.579523 
317.567598 
317.555671 
317.543743 
317.531815 
317.519886 
317.507956 
317.496025 
317.484094 
317.472161 
317.460228 
317.448294 
317.436359 
317.424423 
317.412486 
317.400549 
317.388611 
317.376671 
317.364731 
317.352791 
317.340849 
317.328906 
317.316963 
317.305019 
317.293074 
317.281128 
317.269181 
317.257234 
317.245285 
317.233336 
317.221386 
317.209435 
317.197483 
317.185531 
317.173577 
317.161623 
317.149668 
317.137712 
317.125755 
317.113797 
317.101839 
317.089879 
317.077919 
317.065958 
317.053996 
317.042034 
317.030070 
317.018106 
317.006140 
316.994174 
316.982207 
316.970239 
316.958271 
316.946301 
316.934331 
316.922360 
316.910388 
316.898415 
316.886441 
316.874467 
316.862491 
316.850515 
316.838538 
316.826560 
316.814581 
316.802602 
316.790621 
316.778640 
316.766658 
316.754674 
316.742691 
316.730706 
316.718720 
316.706734 
316.694747 
316.682758 
316.670769 
316.658780 
316.646789 
316.634797 
316.622805 
316.610812 
316.598818 
316.586823 
316.574827 
316.562830 
316.550833 
316.538834 
316.526835 
316.514835 
316.502834 
316.490832 
316.478830 
316.466826 
316.454822 
316.442817 
316.430811 
316.418804 
316.406796 
316.394787 
316.382778 
316.370768 
316.358756 
316.346744 
316.334732 
316.322718 
316.310703 
316.298688 
316.286671 
316.274654 
316.262636 
316.250617 
316.238598 
316.226577 
316.214556 
316.202533 
316.190510 
316.178486 
316.166461 
316.154435 
316.142409 
316.130381 
316.118353 
316.106324 
316.094294 
316.082263 
316.070231 
316.058198 
316.046165 
316.034130 
316.022095 
316.010059 
315.998022 
315.985984 
315.973946 
315.961906 
315.949866 
315.937824 
315.925782 
315.913739 
315.901695 
315.889651 
315.877605 
315.865559 
315.853511 
315.841463 
315.829414 
315.817364 
315.805314 
315.793262 
315.781209 
315.769156 
315.757102 
315.745047 
315.732991 
315.720934 
315.708876 
315.696818 
315.684758 
315.672698 
315.660637 
315.648575 
315.636512 
315.624448 
315.612383 
315.600318 
315.588251 
315.576184 
315.564116 
315.552047 
315.539977 
315.527906 
315.515835 
315.503762 
315.491689 
315.479615 
315.467540 
315.455464 
315.443387 
315.431309 
315.419230 
315.407151 
315.395071 
315.382990 
315.370907 
315.358824 
315.346741 
315.334656 
315.322570 
315.310484 
315.298397 
315.286308 
315.274219 
315.262129 
315.250039 
315.237947 
315.225854 
315.213761 
315.201667 
315.189571 
315.177475 
315.165378 
315.153280 
315.141182 
315.129082 
315.116982 
315.104880 
315.092778 
315.080675 
315.068571 
315.056466 
315.044360 
315.032254 
315.020146 
315.008038 
314.995929 
314.983819 
314.971708 
314.959596 
314.947483 
314.935369 
314.923255 
314.911139 
314.899023 
314.886906 
314.874788 
314.862669 
314.850549 
314.838428 
314.826307 
314.814184 
314.802061 
314.789937 
314.777811 
314.765685 
314.753558 
314.741431 
314.729302 
314.717172 
314.705042 
314.692911 
314.680778 
314.668645 
314.656511 
314.644377 
314.632241 
314.620104 
314.607967 
314.595828 
314.583689 
314.571549 
314.559408 
314.547266 
314.535123 
314.522979 
314.510834 
314.498689 
314.486542 
314.474395 
314.462247 
314.450098 
314.437948 
314.425797 
314.413645 
314.401493 
314.389339 
314.377185 
314.365029 
314.352873 
314.340716 
314.328558 
314.316399 
314.304239 
314.292079 
314.279917 
314.267755 
314.255591 
314.243427 
314.231262 
314.219096 
314.206929 
314.194761 
314.182592 
314.170423 
314.158252 
314.146081 
314.133909 
314.121735 
314.109561 
314.097386 
314.085210 
314.073034 
314.060856 
314.048677 
314.036498 
314.024318 
314.012136 
313.999954 
313.987771 
313.975587 
313.963402 
313.951216 
313.939030 
313.926842 
313.914654 
313.902464 
313.890274 
313.878083 
313.865891 
313.853698 
313.841504 
313.829309 
313.817114 
313.804917 
313.792720 
313.780521 
313.768322 
313.756122 
313.743921 
313.731719 
313.719516 
313.707312 
313.695107 
313.682902 
313.670695 
313.658488 
313.646279 
313.634070 
313.621860 
313.609649 
313.597437 
313.585224 
313.573011 
313.560796 
313.548580 
313.536364 
313.524146 
313.511928 
313.499709 
313.487489 
313.475268 
313.463046 
313.450823 
313.438599 
313.426375 
313.414149 
313.401923 
313.389695 
313.377467 
313.365238 
313.353008 
313.340777 
313.328545 
313.316312 
313.304078 
313.291844 
313.279608 
313.267372 
313.255134 
313.242896 
313.230657 
313.218417 
313.206176 
313.193934 
313.181691 
313.169447 
313.157202 
313.144957 
313.132710 
313.120463 
313.108214 
313.095965 
313.083715 
313.071464 
313.059212 
313.046959 
313.034705 
313.022450 
313.010194 
312.997938 
312.985680 
312.973422 
312.961163 
312.948902 
312.936641 
312.924379 
312.912116 
312.899852 
312.887587 
312.875321 
312.863055 
312.850787 
312.838519 
312.826249 
312.813979 
312.801707 
312.789435 
312.777162 
312.764888 
312.752613 
312.740337 
312.728060 
312.715782 
312.703504 
312.691224 
312.678944 
312.666662 
312.654380 
312.642097 
312.629812 
312.617527 
312.605241 
312.592954 
312.580666 
312.568377 
312.556088 
312.543797 
312.531505 
312.519213 
312.506919 
312.494625 
312.482329 
312.470033 
312.457736 
312.445438 
312.433139 
312.420839 
312.408538 
312.396236 
312.383933 
312.371630 
312.359325 
312.347020 
312.334713 
312.322406 
312.310097 
312.297788 
312.285478 
312.273167 
312.260855 
312.248542 
312.236228 
312.223913 
312.211597 
312.199281 
312.186963 
312.174644 
312.162325 
312.150004 
312.137683 
312.125361 
312.113037 
312.100713 
312.088388 
312.076062 
312.063735 
312.051407 
312.039078 
312.026749 
312.014418 
312.002086 
311.989754 
311.977420 
311.965086 
311.952750 
311.940414 
311.928077 
311.915738 
311.903399 
311.891059 
311.878718 
311.866376 
311.854033 
311.841689 
311.829344 
311.816999 
311.804652 
311.792304 
311.779956 
311.767606 
311.755256 
311.742905 
311.730552 
311.718199 
311.705845 
311.693490 
311.681134 
311.668776 
311.656418 
311.644060 
311.631700 
311.619339 
311.606977 
311.594614 
311.582251 
311.569886 
311.557521 
311.545154 
311.532787 
311.520418 
311.508049 
311.495679 
311.483308 
311.470936 
311.458562 
311.446188 
311.433813 
311.421437 
311.409061 
311.396683 
311.384304 
311.371924 
311.359544 
311.347162 
311.334779 
311.322396 
311.310011 
311.297626 
311.285239 
311.272852 
311.260464 
311.248075 
311.235684 
311.223293 
311.210901 
311.198508 
311.186114 
311.173719 
311.161323 
311.148926 
311.136529 
311.124130 
311.111730 
311.099330 
311.086928 
311.074525 
311.062122 
311.049717 
311.037312 
311.024905 
311.012498 
311.000090 
310.987681 
310.975270 
310.962859 
310.950447 
310.938034 
310.925620 
310.913205 
310.900789 
310.888372 
310.875954 
310.863535 
310.851115 
310.838695 
310.826273 
310.813850 
310.801427 
310.789002 
310.776576 
310.764150 
310.751722 
310.739294 
310.726865 
310.714434 
310.702003 
310.689571 
310.677137 
310.664703 
310.652268 
310.639832 
310.627395 
310.614957 
310.602518 
310.590078 
310.577637 
310.565195 
310.552752 
310.540308 
310.527863 
310.515417 
310.502971 
310.490523 
310.478074 
310.465624 
310.453174 
310.440722 
310.428270 
310.415816 
310.403362 
310.390906 
310.378450 
310.365992 
310.353534 
310.341075 
310.328614 
310.316153 
310.303691 
310.291228 
310.278763 
310.266298 
310.253832 
310.241365 
310.228897 
310.216428 
310.203958 
310.191487 
310.179015 
310.166542 
310.154068 
310.141593 
310.129117 
310.116640 
310.104163 
310.091684 
310.079204 
310.066723 
310.054242 
310.041759 
310.029275 
310.016791 
310.004305 
309.991818 
309.979331 
309.966842 
309.954353 
309.941862 
309.929371 
309.916878 
309.904385 
309.891891 
309.879395 
309.866899 
309.854401 
309.841903 
309.829404 
309.816904 
309.804402 
309.791900 
309.779397 
309.766893 
309.754387 
309.741881 
309.729374 
309.716866 
309.704357 
309.691847 
309.679336 
309.666823 
309.654310 
309.641796 
309.629281 
309.616765 
309.604248 
309.591730 
309.579211 
309.566691 
309.554171 
309.541649 
309.529126 
309.516602 
309.504077 
309.491551 
309.479024 
309.466496 
309.453968 
309.441438 
309.428907 
309.416375 
309.403842 
309.391309 
309.378774 
309.366238 
309.353701 
309.341164 
309.328625 
309.316085 
309.303544 
309.291003 
309.278460 
309.265916 
309.253372 
309.240826 
309.228279 
309.215732 
309.203183 
309.190633 
309.178083 
309.165531 
309.152979 
309.140425 
309.127870 
309.115315 
309.102758 
309.090201 
309.077642 
309.065082 
309.052522 
309.039960 
309.027398 
309.014834 
309.002269 
308.989704 
308.977137 
308.964570 
308.952001 
308.939432 
308.926861 
308.914290 
308.901717 
308.889143 
308.876569 
308.863993 
308.851417 
308.838839 
308.826261 
308.813681 
308.801101 
308.788519 
308.775936 
308.763353 
308.750768 
308.738183 
308.725596 
308.713009 
308.700420 
308.687830 
308.675240 
308.662648 
308.650056 
308.637462 
308.624867 
308.612272 
308.599675 
308.587077 
308.574479 
308.561879 
308.549279 
308.536677 
308.524074 
308.511471 
308.498866 
308.486260 
308.473653 
308.461046 
308.448437 
308.435827 
308.423217 
308.410605 
308.397992 
308.385378 
308.372764 
308.360148 
308.347531 
308.334913 
308.322294 
308.309674 
308.297054 
308.284432 
308.271809 
308.259185 
308.246560 
308.233934 
308.221307 
308.208679 
308.196050 
308.183420 
308.170789 
308.158157 
308.145524 
308.132890 
308.120255 
308.107619 
308.094982 
308.082344 
308.069705 
308.057065 
308.044424 
308.031781 
308.019138 
308.006494 
307.993849 
307.981203 
307.968555 
307.955907 
307.943258 
307.930607 
307.917956 
307.905304 
307.892650 
307.879996 
307.867340 
307.854684 
307.842027 
307.829368 
307.816708 
307.804048 
307.791386 
307.778724 
307.766060 
307.753396 
307.740730 
307.728063 
307.715395 
307.702727 
307.690057 
307.677386 
307.664714 
307.652041 
307.639368 
307.626693 
307.614017 
307.601340 
307.588662 
307.575983 
307.563303 
307.550622 
307.537940 
307.525256 
307.512572 
307.499887 
307.487201 
307.474514 
307.461825 
307.449136 
307.436446 
307.423754 
307.411062 
307.398369 
307.385674 
307.372979 
307.360282 
307.347584 
307.334886 
307.322186 
307.309486 
307.296784 
307.284081 
307.271377 
307.258673 
307.245967 
307.233260 
307.220552 
307.207843 
307.195133 
307.182422 
307.169710 
307.156997 
307.144283 
307.131567 
307.118851 
307.106134 
307.093416 
307.080696 
307.067976 
307.055255 
307.042532 
307.029809 
307.017084 
307.004359 
306.991632 
306.978904 
306.966176 
306.953446 
306.940715 
306.927983 
306.915250 
306.902516 
306.889781 
306.877045 
306.864308 
306.851570 
306.838831 
306.826091 
306.813350 
306.800608 
306.787864 
306.775120 
306.762374 
306.749628 
306.736881 
306.724132 
306.711382 
306.698632 
306.685880 
306.673127 
306.660374 
306.647619 
306.634863 
306.622106 
306.609348 
306.596589 
306.583829 
306.571068 
306.558305 
306.545542 
306.532778 
306.520013 
306.507246 
306.494479 
306.481710 
306.468941 
306.456170 
306.443398 
306.430626 
306.417852 
306.405077 
306.392301 
306.379524 
306.366746 
306.353967 
306.341187 
306.328406 
306.315624 
306.302841 
306.290056 
306.277271 
306.264484 
306.251697 
306.238908 
306.226119 
306.213328 
306.200536 
306.187744 
306.174950 
306.162155 
306.149359 
306.136562 
306.123764 
306.110965 
306.098164 
306.085363 
306.072561 
306.059757 
306.046953 
306.034147 
306.021341 
306.008533 
305.995724 
305.982915 
305.970104 
305.957292 
305.944479 
305.931665 
305.918850 
305.906034 
305.893216 
305.880398 
305.867579 
305.854758 
305.841937 
305.829114 
305.816291 
305.803466 
305.790640 
305.777813 
305.764985 
305.752156 
305.739326 
305.726495 
305.713663 
305.700830 
305.687995 
305.675160 
305.662323 
305.649486 
305.636647 
305.623808 
305.610967 
305.598125 
305.585282 
305.572438 
305.559593 
305.546747 
305.533900 
305.521051 
305.508202 
305.495352 
305.482500 
305.469647 
305.456794 
305.443939 
305.431083 
305.418226 
305.405368 
305.392509 
305.379649 
305.366788 
305.353926 
305.341062 
305.328198 
305.315332 
305.302466 
305.289598 
305.276729 
305.263859 
305.250988 
305.238116 
305.225243 
305.212369 
305.199494 
305.186618 
305.173740 
305.160862 
305.147982 
305.135101 
305.122220 
305.109337 
305.096453 
305.083568 
305.070682 
305.057795 
305.044906 
305.032017 
305.019127 
305.006235 
304.993342 
304.980449 
304.967554 
304.954658 
304.941761 
304.928863 
304.915964 
304.903064 
304.890162 
304.877260 
304.864356 
304.851452 
304.838546 
304.825639 
304.812731 
304.799822 
304.786912 
304.774001 
304.761089 
304.748176 
304.735261 
304.722346 
304.709429 
304.696511 
304.683593 
304.670673 
304.657752 
304.644830 
304.631906 
304.618982 
304.606057 
304.593130 
304.580203 
304.567274 
304.554344 
304.541413 
304.528481 
304.515548 
304.502614 
304.489679 
304.476743 
304.463805 
304.450867 
304.437927 
304.424986 
304.412044 
304.399101 
304.386157 
304.373212 
304.360266 
304.347318 
304.334370 
304.321420 
304.308470 
304.295518 
304.282565 
304.269611 
304.256656 
304.243700 
304.230742 
304.217784 
304.204824 
304.191864 
304.178902 
304.165939 
304.152975 
304.140010 
304.127044 
304.114077 
304.101108 
304.088139 
304.075168 
304.062197 
304.049224 
304.036250 
304.023275 
304.010299 
303.997321 
303.984343 
303.971363 
303.958383 
303.945401 
303.932418 
303.919434 
303.906449 
303.893463 
303.880476 
303.867488 
303.854498 
303.841507 
303.828516 
303.815523 
303.802529 
303.789534 
303.776538 
303.763540 
303.750542 
303.737542 
303.724542 
303.711540 
303.698537 
303.685533 
303.672528 
303.659521 
303.646514 
303.633505 
303.620496 
303.607485 
303.594473 
303.581460 
303.568446 
303.555431 
303.542414 
303.529397 
303.516378 
303.503359 
303.490338 
303.477316 
303.464293 
303.451269 
303.438243 
303.425217 
303.412189 
303.399160 
303.386130 
303.373100 
303.360067 
303.347034 
303.334000 
303.320964 
303.307928 
303.294890 
303.281851 
303.268811 
303.255770 
303.242728 
303.229684 
303.216640 
303.203594 
303.190547 
303.177499 
303.164450 
303.151400 
303.138349 
303.125296 
303.112243 
303.099188 
303.086132 
303.073075 
303.060017 
303.046958 
303.033898 
303.020836 
303.007773 
302.994710 
302.981645 
302.968579 
302.955511 
302.942443 
302.929374 
302.916303 
302.903231 
302.890158 
302.877084 
302.864009 
302.850933 
302.837855 
302.824777 
302.811697 
302.798616 
302.785534 
302.772451 
302.759367 
302.746281 
302.733195 
302.720107 
302.707018 
302.693928 
302.680837 
302.667745 
302.654651 
302.641556 
302.628461 
302.615364 
302.602266 
302.589167 
302.576066 
302.562965 
302.549862 
302.536759 
302.523654 
302.510548 
302.497440 
302.484332 
302.471222 
302.458112 
302.445000 
302.431887 
302.418773 
302.405658 
302.392541 
302.379424 
302.366305 
302.353185 
302.340064 
302.326942 
302.313819 
302.300694 
302.287569 
302.274442 
302.261314 
302.248185 
302.235054 
302.221923 
302.208791 
302.195657 
302.182522 
302.169386 
302.156249 
302.143110 
302.129971 
302.116830 
302.103688 
302.090545 
302.077401 
302.064256 
302.051109 
302.037962 
302.024813 
302.011663 
301.998512 
301.985360 
301.972206 
301.959052 
301.945896 
301.932739 
301.919581 
301.906422 
301.893261 
301.880100 
301.866937 
301.853773 
301.840608 
301.827442 
301.814274 
301.801106 
301.787936 
301.774765 
301.761593 
301.748420 
301.735246 
301.722070 
301.708893 
301.695715 
301.682536 
301.669356 
301.656175 
301.642992 
301.629808 
301.616623 
301.603437 
301.590250 
301.577061 
301.563872 
301.550681 
301.537489 
301.524296 
301.511102 
301.497906 
301.484709 
301.471512 
301.458313 
301.445112 
301.431911 
301.418709 
301.405505 
301.392300 
301.379094 
301.365887 
301.352678 
301.339469 
301.326258 
301.313046 
301.299833 
301.286618 
301.273403 
301.260186 
301.246968 
301.233749 
301.220529 
301.207308 
301.194085 
301.180861 
301.167636 
301.154410 
301.141183 
301.127954 
301.114725 
301.101494 
301.088262 
301.075028 
301.061794 
301.048558 
301.035321 
301.022083 
301.008844 
300.995604 
300.982362 
300.969120 
300.955876 
300.942630 
300.929384 
300.916137 
300.902888 
300.889638 
300.876387 
300.863135 
300.849881 
300.836627 
300.823371 
300.810114 
300.796855 
300.783596 
300.770335 
300.757074 
300.743811 
300.730546 
300.717281 
300.704014 
300.690747 
300.677478 
300.664207 
300.650936 
300.637664 
300.624390 
300.611115 
300.597839 
300.584561 
300.571283 
300.558003 
300.544722 
300.531440 
300.518156 
300.504872 
300.491586 
300.478299 
300.465011 
300.451722 
300.438431 
300.425139 
300.411846 
300.398552 
300.385257 
300.371960 
300.358662 
300.345363 
300.332063 
300.318762 
300.305459 
300.292155 
300.278850 
300.265544 
300.252236 
300.238928 
300.225618 
300.212307 
300.198995 
300.185681 
300.172366 
300.159050 
300.145733 
300.132415 
300.119095 
300.105775 
300.092453 
300.079130 
300.065805 
300.052480 
300.039153 
300.025825 
300.012495 
299.999165 
299.985833 
299.972500 
299.959166 
299.945831 
299.932494 
299.919157 
299.905818 
299.892477 
299.879136 
299.865793 
299.852450 
299.839104 
299.825758 
299.812411 
299.799062 
299.785712 
299.772361 
299.759008 
299.745655 
299.732300 
299.718944 
299.705587 
299.692228 
299.678868 
299.665508 
299.652145 
299.638782 
299.625417 
299.612051 
299.598684 
299.585316 
299.571947 
299.558576 
299.545204 
299.531831 
299.518456 
299.505081 
299.491704 
299.478326 
299.464946 
299.451566 
299.438184 
299.424801 
299.411417 
299.398031 
299.384644 
299.371256 
299.357867 
299.344477 
299.331085 
299.317692 
299.304298 
299.290903 
299.277506 
299.264108 
299.250709 
299.237309 
299.223907 
299.210505 
299.197101 
299.183695 
299.170289 
299.156881 
299.143472 
299.130062 
299.116651 
299.103238 
299.089824 
299.076409 
299.062992 
299.049575 
299.036156 
299.022736 
299.009314 
298.995892 
298.982468 
298.969043 
298.955616 
298.942189 
298.928760 
298.915330 
298.901899 
298.888466 
298.875032 
298.861597 
298.848161 
298.834723 
298.821285 
298.807845 
298.794403 
298.780961 
298.767517 
298.754072 
298.740626 
298.727178 
298.713729 
298.700279 
298.686828 
298.673376 
298.659922 
298.646467 
298.633010 
298.619553 
298.606094 
298.592634 
298.579173 
298.565710 
298.552246 
298.538781 
298.525315 
298.511847 
298.498378 
298.484908 
298.471437 
298.457964 
298.444491 
298.431015 
298.417539 
298.404061 
298.390582 
298.377102 
298.363621 
298.350138 
298.336654 
298.323169 
298.309683 
298.296195 
298.282706 
298.269216 
298.255724 
298.242231 
298.228737 
298.215242 
298.201745 
298.188247 
298.174748 
298.161248 
298.147746 
298.134243 
298.120739 
298.107234 
298.093727 
298.080219 
298.066710 
298.053199 
298.039687 
298.026174 
298.012660 
297.999144 
297.985628 
297.972109 
297.958590 
297.945069 
297.931547 
297.918024 
297.904500 
297.890974 
297.877447 
297.863918 
297.850389 
297.836858 
297.823326 
297.809792 
297.796258 
297.782722 
297.769184 
297.755646 
297.742106 
297.728565 
297.715023 
297.701479 
297.687934 
297.674388 
297.660840 
297.647291 
297.633741 
297.620190 
297.606637 
297.593083 
297.579528 
297.565972 
297.552414 
297.538855 
297.525295 
297.511733 
297.498170 
297.484606 
297.471041 
297.457474 
297.443906 
297.430336 
297.416766 
297.403194 
297.389621 
297.376046 
297.362470 
297.348893 
297.335315 
297.321735 
297.308154 
297.294572 
297.280989 
297.267404 
297.253818 
297.240230 
297.226642 
297.213052 
297.199460 
297.185868 
297.172274 
297.158679 
297.145082 
297.131484 
297.117885 
297.104285 
297.090683 
297.077080 
297.063476 
297.049871 
297.036264 
297.022656 
297.009046 
296.995435 
296.981823 
296.968210 
296.954595 
296.940979 
296.927362 
296.913744 
296.900124 
296.886503 
296.872880 
296.859256 
296.845631 
296.832005 
296.818377 
296.804748 
296.791118 
296.777486 
296.763853 
296.750219 
296.736584 
296.722947 
296.709309 
296.695669 
296.682028 
296.668386 
296.654743 
296.641098 
296.627452 
296.613805 
296.600156 
296.586506 
296.572855 
296.559202 
296.545549 
296.531893 
296.518237 
296.504579 
296.490920 
296.477259 
296.463598 
296.449935 
296.436270 
296.422604 
296.408937 
296.395269 
296.381599 
296.367928 
296.354256 
296.340582 
296.326907 
296.313231 
296.299553 
296.285875 
296.272194 
296.258513 
296.244830 
296.231146 
296.217460 
296.203773 
296.190085 
296.176395 
296.162705 
296.149012 
296.135319 
296.121624 
296.107928 
296.094230 
296.080532 
296.066831 
296.053130 
296.039427 
296.025723 
296.012018 
295.998311 
295.984603 
295.970893 
295.957183 
295.943470 
295.929757 
295.916042 
295.902326 
295.888609 
295.874890 
295.861170 
295.847448 
295.833725 
295.820001 
295.806276 
295.792549 
295.778821 
295.765091 
295.751361 
295.737629 
295.723895 
295.710160 
295.696424 
295.682687 
295.668948 
295.655208 
295.641466 
295.627723 
295.613979 
295.600233 
295.586486 
295.572738 
295.558989 
295.545238 
295.531485 
295.517732 
295.503977 
295.490220 
295.476463 
295.462704 
295.448943 
295.435182 
295.421419 
295.407654 
295.393889 
295.380121 
295.366353 
295.352583 
295.338812 
295.325040 
295.311266 
295.297490 
295.283714 
295.269936 
295.256157 
295.242376 
295.228594 
295.214811 
295.201026 
295.187240 
295.173453 
295.159664 
295.145874 
295.132082 
295.118289 
295.104495 
295.090700 
295.076903 
295.063105 
295.049305 
295.035504 
295.021702 
295.007898 
294.994093 
294.980286 
294.966479 
294.952669 
294.938859 
294.925047 
294.911234 
294.897419 
294.883603 
294.869786 
294.855967 
294.842147 
294.828325 
294.814503 
294.800678 
294.786853 
294.773026 
294.759198 
294.745368 
294.731537 
294.717705 
294.703871 
294.690036 
294.676199 
294.662361 
294.648522 
294.634681 
294.620839 
294.606996 
294.593151 
294.579305 
294.565458 
294.551609 
294.537758 
294.523907 
294.510054 
294.496199 
294.482344 
294.468486 
294.454628 
294.440768 
294.426907 
294.413044 
294.399180 
294.385315 
294.371448 
294.357580 
294.343710 
294.329839 
294.315967 
294.302093 
294.288218 
294.274341 
294.260463 
294.246584 
294.232703 
294.218821 
294.204938 
294.191053 
294.177167 
294.163279 
294.149390 
294.135500 
294.121608 
294.107715 
294.093821 
294.079925 
294.066027 
294.052129 
294.038228 
294.024327 
294.010424 
293.996520 
293.982614 
293.968707 
293.954798 
293.940889 
293.926977 
293.913065 
293.899151 
293.885235 
293.871318 
293.857400 
293.843480 
293.829559 
293.815637 
293.801713 
293.787788 
293.773861 
293.759933 
293.746003 
293.732073 
293.718140 
293.704207 
293.690272 
293.676335 
293.662397 
293.648458 
293.634517 
293.620575 
293.606632 
293.592687 
293.578740 
293.564793 
293.550843 
293.536893 
293.522941 
293.508987 
293.495033 
293.481077 
293.467119 
293.453160 
293.439199 
293.425238 
293.411274 
293.397310 
293.383344 
293.369376 
293.355407 
293.341437 
293.327465 
293.313492 
293.299517 
293.285541 
293.271564 
293.257585 
293.243605 
293.229623 
293.215640 
293.201656 
293.187670 
293.173682 
293.159693 
293.145703 
293.131712 
293.117719 
293.103724 
293.089728 
293.075731 
293.061732 
293.047732 
293.033730 
293.019727 
293.005723 
292.991717 
292.977710 
292.963701 
292.949691 
292.935679 
292.921666 
292.907652 
292.893636 
292.879619 
292.865600 
292.851580 
292.837558 
292.823535 
292.809511 
292.795485 
292.781457 
292.767429 
292.753398 
292.739367 
292.725334 
292.711299 
292.697263 
292.683226 
292.669187 
292.655147 
292.641105 
292.627062 
292.613017 
292.598971 
292.584924 
292.570875 
292.556824 
292.542773 
292.528719 
292.514665 
292.500608 
292.486551 
292.472492 
292.458431 
292.444370 
292.430306 
292.416241 
292.402175 
292.388107 
292.374038 
292.359968 
292.345896 
292.331822 
292.317747 
292.303671 
292.289593 
292.275514 
292.261433 
292.247351 
292.233267 
292.219182 
292.205095 
292.191007 
292.176918 
292.162827 
292.148734 
292.134641 
292.120545 
292.106449 
292.092350 
292.078251 
292.064150 
292.050047 
292.035943 
292.021837 
292.007730 
291.993622 
291.979512 
291.965401 
291.951288 
291.937174 
291.923058 
291.908941 
291.894822 
291.880702 
291.866580 
291.852457 
291.838333 
291.824207 
291.810079 
291.795950 
291.781820 
291.767688 
291.753554 
291.739420 
291.725283 
291.711146 
291.697006 
291.682866 
291.668723 
291.654580 
291.640435 
291.626288 
291.612140 
291.597990 
291.583839 
291.569687 
291.555533 
291.541377 
291.527220 
291.513062 
291.498902 
291.484741 
291.470578 
291.456414 
291.442248 
291.428080 
291.413912 
291.399741 
291.385570 
291.371396 
291.357222 
291.343046 
291.328868 
291.314689 
291.300508 
291.286326 
291.272142 
291.257957 
291.243771 
291.229582 
291.215393 
291.201202 
291.187009 
291.172815 
291.158620 
291.144423 
291.130224 
291.116024 
291.101823 
291.087620 
291.073415 
291.059209 
291.045002 
291.030793 
291.016582 
291.002370 
290.988157 
290.973942 
290.959725 
290.945507 
290.931288 
290.917067 
290.902845 
290.888621 
290.874395 
290.860168 
290.845940 
290.831710 
290.817478 
290.803245 
290.789011 
290.774775 
290.760537 
290.746298 
290.732058 
290.717816 
290.703572 
290.689327 
290.675081 
290.660833 
290.646583 
290.632332 
290.618080 
290.603826 
290.589570 
290.575313 
290.561054 
290.546794 
290.532532 
290.518269 
290.504005 
290.489738 
290.475471 
290.461202 
290.446931 
290.432659 
290.418385 
290.404110 
290.389833 
290.375554 
290.361275 
290.346993 
290.332710 
290.318426 
290.304140 
290.289853 
290.275564 
290.261273 
290.246981 
290.232688 
290.218393 
290.204096 
290.189798 
290.175498 
290.161197 
290.146894 
290.132590 
290.118284 
290.103977 
290.089668 
290.075358 
290.061046 
290.046733 
290.032418 
290.018101 
290.003783 
289.989464 
289.975143 
289.960820 
289.946496 
289.932170 
289.917843 
289.903514 
289.889184 
289.874852 
289.860519 
289.846184 
289.831848 
289.817510 
289.803170 
289.788829 
289.774487 
289.760142 
289.745797 
289.731450 
289.717101 
289.702751 
289.688399 
289.674045 
289.659690 
289.645334 
289.630976 
289.616616 
289.602255 
289.587893 
289.573528 
289.559163 
289.544795 
289.530426 
289.516056 
289.501684 
289.487310 
289.472935 
289.458559 
289.444181 
289.429801 
289.415420 
289.401037 
289.386652 
289.372266 
289.357879 
289.343490 
289.329099 
289.314707 
289.300313 
289.285918 
289.271521 
289.257123 
289.242723 
289.228321 
289.213918 
289.199513 
289.185107 
289.170699 
289.156290 
289.141879 
289.127467 
289.113052 
289.098637 
289.084220 
289.069801 
289.055381 
289.040959 
289.026535 
289.012110 
288.997684 
288.983255 
288.968826 
288.954394 
288.939961 
288.925527 
288.911091 
288.896653 
288.882214 
288.867773 
288.853331 
288.838887 
288.824442 
288.809995 
288.795546 
288.781096 
288.766644 
288.752191 
288.737736 
288.723279 
288.708821 
288.694361 
288.679900 
288.665437 
288.650973 
288.636507 
288.622039 
288.607570 
288.593099 
288.578627 
288.564153 
288.549677 
288.535200 
288.520721 
288.506241 
288.491759 
288.477275 
288.462790 
288.448304 
288.433815 
288.419326 
288.404834 
288.390341 
288.375846 
288.361350 
288.346852 
288.332353 
288.317852 
288.303349 
288.288845 
288.274339 
288.259832 
288.245323 
288.230812 
288.216300 
288.201786 
288.187271 
288.172754 
288.158235 
288.143715 
288.129193 
288.114669 
288.100144 
288.085618 
288.071090 
288.056560 
288.042028 
288.027495 
288.012960 
287.998424 
287.983886 
287.969347 
287.954806 
287.940263 
287.925719 
287.911173 
287.896625 
287.882076 
287.867525 
287.852973 
287.838419 
287.823863 
287.809306 
287.794747 
287.780186 
287.765624 
287.751060 
287.736495 
287.721928 
287.707360 
287.692789 
287.678217 
287.663644 
287.649069 
287.634492 
287.619914 
287.605334 
287.590752 
287.576169 
287.561584 
287.546998 
287.532410 
287.517820 
287.503229 
287.488636 
287.474041 
287.459445 
287.444847 
287.430248 
287.415647 
287.401044 
287.386439 
287.371833 
287.357226 
287.342616 
287.328006 
287.313393 
287.298779 
287.284163 
287.269545 
287.254926 
287.240306 
287.225683 
287.211059 
287.196434 
287.181806 
287.167177 
287.152547 
287.137914 
287.123281 
287.108645 
287.094008 
287.079369 
287.064729 
287.050086 
287.035443 
287.020797 
287.006150 
286.991502 
286.976851 
286.962199 
286.947546 
286.932890 
286.918233 
286.903575 
286.888914 
286.874253 
286.859589 
286.844924 
286.830257 
286.815588 
286.800918 
286.786246 
286.771573 
286.756898 
286.742221 
286.727542 
286.712862 
286.698180 
286.683497 
286.668812 
286.654125 
286.639437 
286.624746 
286.610055 
286.595361 
286.580666 
286.565969 
286.551271 
286.536571 
286.521869 
286.507165 
286.492460 
286.477754 
286.463045 
286.448335 
286.433623 
286.418910 
286.404195 
286.389478 
286.374759 
286.360039 
286.345317 
286.330594 
286.315868 
286.301142 
286.286413 
286.271683 
286.256951 
286.242217 
286.227482 
286.212745 
286.198006 
286.183266 
286.168524 
286.153780 
286.139035 
286.124288 
286.109539 
286.094789 
286.080037 
286.065283 
286.050527 
286.035770 
286.021011 
286.006251 
285.991489 
285.976725 
285.961959 
285.947192 
285.932423 
285.917652 
285.902880 
285.888106 
285.873330 
285.858552 
285.843773 
285.828992 
285.814210 
285.799425 
285.784639 
285.769852 
285.755062 
285.740271 
285.725479 
285.710684 
285.695888 
285.681090 
285.666290 
285.651489 
285.636686 
285.621882 
285.607075 
285.592267 
285.577457 
285.562646 
285.547832 
285.533018 
285.518201 
285.503382 
285.488562 
285.473741 
285.458917 
285.444092 
285.429265 
285.414436 
285.399606 
285.384774 
285.369940 
285.355105 
285.340267 
285.325428 
285.310588 
285.295745 
285.280901 
285.266056 
285.251208 
285.236359 
285.221508 
285.206655 
285.191801 
285.176944 
285.162087 
285.147227 
285.132366 
285.117503 
285.102638 
285.087771 
285.072903 
285.058033 
285.043161 
285.028288 
285.013413 
284.998536 
284.983657 
284.968777 
284.953895 
284.939011 
284.924125 
284.909238 
284.894349 
284.879458 
284.864566 
284.849671 
284.834775 
284.819878 
284.804978 
284.790077 
284.775174 
284.760269 
284.745363 
284.730455 
284.715545 
284.700633 
284.685720 
284.670804 
284.655888 
284.640969 
284.626048 
284.611126 
284.596202 
284.581277 
284.566349 
284.551420 
284.536489 
284.521556 
284.506622 
284.491686 
284.476748 
284.461808 
284.446867 
284.431924 
284.416979 
284.402032 
284.387083 
284.372133 
284.357181 
284.342227 
284.327272 
284.312315 
284.297356 
284.282395 
284.267432 
284.252468 
284.237502 
284.222534 
284.207564 
284.192593 
284.177620 
284.162645 
284.147668 
284.132690 
284.117709 
284.102727 
284.087743 
284.072758 
284.057771 
284.042781 
284.027791 
284.012798 
283.997803 
283.982807 
283.967809 
283.952809 
283.937808 
283.922805 
283.907799 
283.892793 
283.877784 
283.862773 
283.847761 
283.832747 
283.817731 
283.802714 
283.787694 
283.772673 
283.757650 
283.742626 
283.727599 
283.712571 
283.697541 
283.682509 
283.667475 
283.652440 
283.637402 
283.622363 
283.607322 
283.592280 
283.577235 
283.562189 
283.547141 
283.532091 
283.517039 
283.501986 
283.486931 
283.471874 
283.456815 
283.441754 
283.426692 
283.411628 
283.396562 
283.381494 
283.366424 
283.351353 
283.336279 
283.321204 
283.306128 
283.291049 
283.275968 
283.260886 
283.245802 
283.230716 
283.215628 
283.200539 
283.185447 
283.170354 
283.155259 
283.140162 
283.125064 
283.109963 
283.094861 
283.079757 
283.064651 
283.049544 
283.034434 
283.019323 
283.004210 
282.989095 
282.973978 
282.958859 
282.943739 
282.928616 
282.913492 
282.898366 
282.883239 
282.868109 
282.852978 
282.837844 
282.822709 
282.807572 
282.792434 
282.777293 
282.762151 
282.747007 
282.731860 
282.716713 
282.701563 
282.686411 
282.671258 
282.656103 
282.640946 
282.625787 
282.610626 
282.595463 
282.580299 
282.565133 
282.549965 
282.534795 
282.519623 
282.504449 
282.489274 
282.474096 
282.458917 
282.443736 
282.428553 
282.413369 
282.398182 
282.382994 
282.367803 
282.352611 
282.337417 
282.322221 
282.307024 
282.291824 
282.276623 
282.261419 
282.246214 
282.231007 
282.215799 
282.200588 
282.185375 
282.170161 
282.154945 
282.139727 
282.124507 
282.109285 
282.094061 
282.078835 
282.063608 
282.048379 
282.033148 
282.017915 
282.002680 
281.987443 
281.972204 
281.956964 
281.941721 
281.926477 
281.911231 
281.895983 
281.880733 
281.865481 
281.850228 
281.834972 
281.819715 
281.804456 
281.789195 
281.773931 
281.758667 
281.743400 
281.728131 
281.712861 
281.697588 
281.682314 
281.667038 
281.651760 
281.636480 
281.621198 
281.605914 
281.590629 
281.575341 
281.560052 
281.544760 
281.529467 
281.514172 
281.498875 
281.483576 
281.468276 
281.452973 
281.437669 
281.422362 
281.407054 
281.391744 
281.376432 
281.361118 
281.345802 
281.330484 
281.315164 
281.299843 
281.284519 
281.269194 
281.253866 
281.238537 
281.223206 
281.207873 
281.192538 
281.177201 
281.161862 
281.146522 
281.131179 
281.115835 
281.100488 
281.085140 
281.069790 
281.054438 
281.039084 
281.023728 
281.008370 
280.993010 
280.977648 
280.962285 
280.946919 
280.931552 
280.916182 
280.900811 
280.885438 
280.870062 
280.854685 
280.839306 
280.823925 
280.808543 
280.793158 
280.777771 
280.762382 
280.746992 
280.731599 
280.716205 
280.700809 
280.685410 
280.670010 
280.654608 
280.639204 
280.623798 
280.608390 
280.592980 
280.577568 
280.562154 
280.546739 
280.531321 
280.515901 
280.500480 
280.485057 
280.469631 
280.454204 
280.438774 
280.423343 
280.407910 
280.392475 
280.377038 
280.361599 
280.346158 
280.330715 
280.315270 
280.299823 
280.284374 
280.268924 
280.253471 
280.238016 
280.222560 
280.207101 
280.191641 
280.176178 
280.160714 
280.145247 
280.129779 
280.114309 
280.098837 
280.083362 
280.067886 
280.052408 
280.036928 
280.021446 
280.005962 
279.990476 
279.974988 
279.959498 
279.944006 
279.928512 
279.913016 
279.897518 
279.882019 
279.866517 
279.851013 
279.835507 
279.820000 
279.804490 
279.788978 
279.773465 
279.757949 
279.742432 
279.726912 
279.711391 
279.695867 
279.680342 
279.664814 
279.649285 
279.633753 
279.618220 
279.602684 
279.587147 
279.571607 
279.556066 
279.540523 
279.524977 
279.509430 
279.493881 
279.478329 
279.462776 
279.447221 
279.431663 
279.416104 
279.400543 
279.384979 
279.369414 
279.353847 
279.338277 
279.322706 
279.307133 
279.291558 
279.275980 
279.260401 
279.244820 
279.229236 
279.213651 
279.198064 
279.182474 
279.166883 
279.151289 
279.135694 
279.120097 
279.104497 
279.088896 
279.073292 
279.057687 
279.042079 
279.026470 
279.010859 
278.995245 
278.979629 
278.964012 
278.948392 
278.932771 
278.917147 
278.901522 
278.885894 
278.870264 
278.854632 
278.838999 
278.823363 
278.807725 
278.792085 
278.776443 
278.760800 
278.745154 
278.729506 
278.713856 
278.698204 
278.682550 
278.666894 
278.651236 
278.635575 
278.619913 
278.604249 
278.588583 
278.572914 
278.557244 
278.541572 
278.525897 
278.510221 
278.494542 
278.478862 
278.463179 
278.447494 
278.431808 
278.416119 
278.400428 
278.384735 
278.369040 
278.353344 
278.337645 
278.321943 
278.306240 
278.290535 
278.274828 
278.259119 
278.243407 
278.227694 
278.211979 
278.196261 
278.180541 
278.164820 
278.149096 
278.133370 
278.117643 
278.101913 
278.086181 
278.070447 
278.054711 
278.038972 
278.023232 
278.007490 
277.991745 
277.975999 
277.960251 
277.944500 
277.928747 
277.912993 
277.897236 
277.881477 
277.865716 
277.849953 
277.834188 
277.818420 
277.802651 
277.786880 
277.771106 
277.755331 
277.739553 
277.723773 
277.707992 
277.692208 
277.676422 
277.660634 
277.644844 
277.629051 
277.613257 
277.597461 
277.581662 
277.565861 
277.550059 
277.534254 
277.518447 
277.502638 
277.486827 
277.471014 
277.455198 
277.439381 
277.423562 
277.407740 
277.391916 
277.376090 
277.360262 
277.344432 
277.328600 
277.312766 
277.296930 
277.281091 
277.265251 
277.249408 
277.233563 
277.217716 
277.201867 
277.186016 
277.170163 
277.154307 
277.138450 
277.122590 
277.106729 
277.090865 
277.074999 
277.059131 
277.043260 
277.027388 
277.011514 
276.995637 
276.979758 
276.963877 
276.947995 
276.932109 
276.916222 
276.900333 
276.884441 
276.868548 
276.852652 
276.836754 
276.820854 
276.804952 
276.789047 
276.773141 
276.757232 
276.741322 
276.725409 
276.709494 
276.693577 
276.677657 
276.661736 
276.645812 
276.629887 
276.613959 
276.598029 
276.582096 
276.566162 
276.550226 
276.534287 
276.518346 
276.502403 
276.486458 
276.470511 
276.454561 
276.438610 
276.422656 
276.406700 
276.390742 
276.374782 
276.358820 
276.342855 
276.326888 
276.310920 
276.294949 
276.278975 
276.263000 
276.247022 
276.231043 
276.215061 
276.199077 
276.183091 
276.167102 
276.151112 
276.135119 
276.119124 
276.103127 
276.087128 
276.071126 
276.055123 
276.039117 
276.023109 
276.007099 
275.991086 
275.975072 
275.959055 
275.943036 
275.927015 
275.910992 
275.894966 
275.878939 
275.862909 
275.846877 
275.830843 
275.814806 
275.798768 
275.782727 
275.766684 
275.750639 
275.734591 
275.718542 
275.702490 
275.686436 
275.670380 
275.654321 
275.638261 
275.622198 
275.606133 
275.590065 
275.573996 
275.557924 
275.541851 
275.525774 
275.509696 
275.493616 
275.477533 
275.461448 
275.445361 
275.429272 
275.413180 
275.397086 
275.380990 
275.364892 
275.348792 
275.332689 
275.316584 
275.300477 
275.284368 
275.268256 
275.252142 
275.236026 
275.219908 
275.203788 
275.187665 
275.171540 
275.155413 
275.139283 
275.123152 
275.107018 
275.090882 
275.074743 
275.058603 
275.042460 
275.026315 
275.010168 
274.994018 
274.977866 
274.961712 
274.945556 
274.929398 
274.913237 
274.897074 
274.880909 
274.864741 
274.848571 
274.832399 
274.816225 
274.800049 
274.783870 
274.767689 
274.751505 
274.735320 
274.719132 
274.702942 
274.686750 
274.670555 
274.654358 
274.638159 
274.621958 
274.605754 
274.589548 
274.573340 
274.557130 
274.540917 
274.524702 
274.508485 
274.492265 
274.476043 
274.459819 
274.443593 
274.427364 
274.411134 
274.394900 
274.378665 
274.362427 
274.346187 
274.329945 
274.313700 
274.297454 
274.281204 
274.264953 
274.248699 
274.232443 
274.216185 
274.199924 
274.183661 
274.167396 
274.151129 
274.134859 
274.118587 
274.102313 
274.086036 
274.069757 
274.053476 
274.037192 
274.020906 
274.004618 
273.988328 
273.972035 
273.955740 
273.939443 
273.923143 
273.906841 
273.890537 
273.874230 
273.857921 
273.841610 
273.825297 
273.808981 
273.792663 
273.776342 
273.760019 
273.743694 
273.727367 
273.711037 
273.694705 
273.678371 
273.662034 
273.645695 
273.629353 
273.613010 
273.596664 
273.580315 
273.563965 
273.547612 
273.531256 
273.514899 
273.498539 
273.482176 
273.465812 
273.449445 
273.433075 
273.416704 
273.400330 
273.383953 
273.367574 
273.351193 
273.334810 
273.318424 
273.302036 
273.285646 
273.269253 
273.252858 
273.236460 
273.220060 
273.203658 
273.187254 
273.170847 
273.154438 
273.138026 
273.121612 
273.105196 
273.088777 
273.072356 
273.055933 
273.039507 
273.023079 
273.006648 
272.990215 
272.973780 
272.957342 
272.940902 
272.924460 
272.908015 
272.891568 
272.875119 
272.858667 
272.842213 
272.825756 
272.809297 
272.792836 
272.776372 
272.759906 
272.743438 
272.726967 
272.710494 
272.694018 
272.677540 
272.661059 
272.644577 
272.628092 
272.611604 
272.595114 
272.578622 
272.562127 
272.545630 
272.529130 
272.512628 
272.496124 
272.479617 
272.463108 
272.446597 
272.430083 
272.413566 
272.397047 
272.380526 
272.364003 
272.347477 
272.330948 
272.314418 
272.297884 
272.281349 
272.264811 
272.248270 
272.231728 
272.215182 
272.198635 
272.182085 
272.165532 
272.148977 
272.132420 
272.115860 
272.099298 
272.082733 
272.066166 
272.049597 
272.033025 
272.016450 
271.999873 
271.983294 
271.966713 
271.950129 
271.933542 
271.916953 
271.900362 
271.883768 
271.867172 
271.850573 
271.833972 
271.817368 
271.800762 
271.784154 
271.767543 
271.750929 
271.734314 
271.717695 
271.701075 
271.684451 
271.667826 
271.651198 
271.634567 
271.617934 
271.601299 
271.584661 
271.568021 
271.551378 
271.534732 
271.518085 
271.501435 
271.484782 
271.468127 
271.451469 
271.434809 
271.418147 
271.401482 
271.384814 
271.368144 
271.351472 
271.334797 
271.318119 
271.301440 
271.284757 
271.268072 
271.251385 
271.234695 
271.218003 
271.201308 
271.184611 
271.167911 
271.151209 
271.134504 
271.117797 
271.101088 
271.084375 
271.067661 
271.050944 
271.034224 
271.017502 
271.000777 
270.984050 
270.967320 
270.950588 
270.933854 
270.917116 
270.900377 
270.883635 
270.866890 
270.850143 
270.833393 
270.816641 
270.799886 
270.783129 
270.766369 
270.749607 
270.732842 
270.716075 
270.699305 
270.682533 
270.665758 
270.648981 
270.632201 
270.615418 
270.598633 
270.581846 
270.565056 
270.548263 
270.531468 
270.514671 
270.497871 
270.481068 
270.464263 
270.447455 
270.430645 
270.413832 
270.397017 
270.380199 
270.363378 
270.346555 
270.329730 
270.312902 
270.296071 
270.279238 
270.262402 
270.245564 
270.228723 
270.211880 
270.195034 
270.178185 
270.161334 
270.144481 
270.127625 
270.110766 
270.093905 
270.077041 
270.060175 
270.043306 
270.026434 
270.009560 
269.992683 
269.975804 
269.958922 
269.942038 
269.925151 
269.908262 
269.891369 
269.874475 
269.857578 
269.840678 
269.823775 
269.806870 
269.789963 
269.773053 
269.756140 
269.739225 
269.722307 
269.705386 
269.688463 
269.671537 
269.654609 
269.637678 
269.620745 
269.603809 
269.586870 
269.569929 
269.552985 
269.536039 
269.519089 
269.502138 
269.485184 
269.468227 
269.451267 
269.434305 
269.417340 
269.400373 
269.383403 
269.366431 
269.349456 
269.332478 
269.315497 
269.298514 
269.281529 
269.264541 
269.247550 
269.230556 
269.213560 
269.196561 
269.179560 
269.162556 
269.145549 
269.128540 
269.111528 
269.094514 
269.077497 
269.060477 
269.043454 
269.026429 
269.009402 
268.992371 
268.975338 
268.958303 
268.941264 
268.924224 
268.907180 
268.890134 
268.873085 
268.856033 
268.838979 
268.821922 
268.804863 
268.787801 
268.770736 
268.753669 
268.736598 
268.719526 
268.702450 
268.685372 
268.668291 
268.651208 
268.634122 
268.617033 
268.599942 
268.582848 
268.565751 
268.548651 
268.531549 
268.514445 
268.497337 
268.480227 
268.463114 
268.445999 
268.428880 
268.411760 
268.394636 
268.377510 
268.360381 
268.343249 
268.326115 
268.308978 
268.291838 
268.274696 
268.257551 
268.240403 
268.223252 
268.206099 
268.188943 
268.171785 
268.154623 
268.137459 
268.120293 
268.103123 
268.085951 
268.068776 
268.051599 
268.034419 
268.017236 
268.000050 
267.982862 
267.965671 
267.948477 
267.931280 
267.914081 
267.896879 
267.879674 
267.862467 
267.845257 
267.828044 
267.810828 
267.793610 
267.776389 
267.759165 
267.741938 
267.724709 
267.707477 
267.690242 
267.673005 
267.655764 
267.638521 
267.621276 
267.604027 
267.586776 
267.569522 
267.552265 
267.535006 
267.517743 
267.500478 
267.483211 
267.465940 
267.448667 
267.431391 
267.414112 
267.396831 
267.379546 
267.362259 
267.344969 
267.327677 
267.310381 
267.293083 
267.275782 
267.258479 
267.241172 
267.223863 
267.206551 
267.189236 
267.171919 
267.154598 
267.137275 
267.119949 
267.102621 
267.085289 
267.067955 
267.050618 
267.033278 
267.015935 
266.998590 
266.981242 
266.963891 
266.946537 
266.929180 
266.911821 
266.894458 
266.877093 
266.859726 
266.842355 
266.824982 
266.807605 
266.790226 
266.772844 
266.755460 
266.738072 
266.720682 
266.703289 
266.685893 
266.668494 
266.651093 
266.633688 
266.616281 
266.598871 
266.581458 
266.564042 
266.546624 
266.529202 
266.511778 
266.494351 
266.476921 
266.459489 
266.442053 
266.424615 
266.407174 
266.389730 
266.372283 
266.354833 
266.337380 
266.319925 
266.302467 
266.285005 
266.267541 
266.250075 
266.232605 
266.215132 
266.197657 
266.180179 
266.162698 
266.145214 
266.127727 
266.110237 
266.092744 
266.075249 
266.057751 
266.040250 
266.022746 
266.005239 
265.987729 
265.970216 
265.952701 
265.935182 
265.917661 
265.900137 
265.882610 
265.865080 
265.847547 
265.830011 
265.812472 
265.794931 
265.777386 
265.759839 
265.742289 
265.724736 
265.707180 
265.689621 
265.672059 
265.654495 
265.636927 
265.619357 
265.601783 
265.584207 
265.566628 
265.549045 
265.531460 
265.513872 
265.496282 
265.478688 
265.461091 
265.443492 
265.425889 
265.408284 
265.390675 
265.373064 
265.355450 
265.337832 
265.320212 
265.302589 
265.284963 
265.267334 
265.249703 
265.232068 
265.214430 
265.196790 
265.179146 
265.161499 
265.143850 
265.126198 
265.108542 
265.090884 
265.073223 
265.055558 
265.037891 
265.020221 
265.002548 
264.984872 
264.967193 
264.949511 
264.931826 
264.914138 
264.896447 
264.878754 
264.861057 
264.843357 
264.825654 
264.807949 
264.790240 
264.772528 
264.754814 
264.737096 
264.719375 
264.701652 
264.683925 
264.666196 
264.648463 
264.630728 
264.612989 
264.595248 
264.577503 
264.559756 
264.542005 
264.524252 
264.506495 
264.488736 
264.470973 
264.453208 
264.435439 
264.417668 
264.399893 
264.382116 
264.364335 
264.346552 
264.328765 
264.310976 
264.293183 
264.275387 
264.257589 
264.239787 
264.221983 
264.204175 
264.186364 
264.168550 
264.150734 
264.132914 
264.115091 
264.097265 
264.079436 
264.061604 
264.043769 
264.025931 
264.008090 
263.990246 
263.972399 
263.954549 
263.936695 
263.918839 
263.900980 
263.883117 
263.865252 
263.847383 
263.829512 
263.811637 
263.793759 
263.775879 
263.757995 
263.740108 
263.722218 
263.704325 
263.686429 
263.668530 
263.650627 
263.632722 
263.614814 
263.596902 
263.578987 
263.561070 
263.543149 
263.525225 
263.507298 
263.489368 
263.471435 
263.453499 
263.435560 
263.417617 
263.399672 
263.381723 
263.363772 
263.345817 
263.327859 
263.309898 
263.291934 
263.273967 
263.255997 
263.238023 
263.220047 
263.202067 
263.184084 
263.166098 
263.148109 
263.130117 
263.112122 
263.094124 
263.076122 
263.058118 
263.040110 
263.022099 
263.004085 
262.986068 
262.968048 
262.950024 
262.931998 
262.913968 
262.895935 
262.877899 
262.859860 
262.841818 
262.823772 
262.805724 
262.787672 
262.769617 
262.751559 
262.733498 
262.715434 
262.697366 
262.679296 
262.661222 
262.643145 
262.625065 
262.606981 
262.588895 
262.570805 
262.552712 
262.534616 
262.516517 
262.498415 
262.480309 
262.462200 
262.444088 
262.425973 
262.407855 
262.389733 
262.371609 
262.353481 
262.335350 
262.317216 
262.299078 
262.280937 
262.262794 
262.244646 
262.226496 
262.208343 
262.190186 
262.172026 
262.153863 
262.135697 
262.117527 
262.099354 
262.081178 
262.062999 
262.044817 
262.026631 
262.008442 
261.990250 
261.972055 
261.953856 
261.935655 
261.917450 
261.899241 
261.881030 
261.862815 
261.844597 
261.826376 
261.808152 
261.789924 
261.771693 
261.753459 
261.735221 
261.716981 
261.698737 
261.680489 
261.662239 
261.643985 
261.625728 
261.607468 
261.589204 
261.570938 
261.552668 
261.534394 
261.516118 
261.497838 
261.479555 
261.461268 
261.442979 
261.424686 
261.406389 
261.388090 
261.369787 
261.351481 
261.333171 
261.314859 
261.296543 
261.278223 
261.259901 
261.241575 
261.223246 
261.204913 
261.186577 
261.168238 
261.149896 
261.131550 
261.113201 
261.094849 
261.076493 
261.058134 
261.039772 
261.021406 
261.003037 
260.984665 
260.966289 
260.947910 
260.929528 
260.911143 
260.892754 
260.874361 
260.855966 
260.837567 
260.819165 
260.800759 
260.782350 
260.763938 
260.745522 
260.727103 
260.708681 
260.690255 
260.671826 
260.653394 
260.634958 
260.616519 
260.598076 
260.579630 
260.561181 
260.542729 
260.524273 
260.505813 
260.487351 
260.468884 
260.450415 
260.431942 
260.413466 
260.394986 
260.376503 
260.358017 
260.339527 
260.321034 
260.302538 
260.284038 
260.265534 
260.247028 
260.228517 
260.210004 
260.191487 
260.172967 
260.154443 
260.135916 
260.117385 
260.098851 
260.080314 
260.061773 
260.043229 
260.024681 
260.006130 
259.987576 
259.969018 
259.950456 
259.931891 
259.913323 
259.894752 
259.876177 
259.857598 
259.839016 
259.820431 
259.801842 
259.783250 
259.764654 
259.746055 
259.727452 
259.708846 
259.690236 
259.671623 
259.653007 
259.634387 
259.615764 
259.597137 
259.578507 
259.559873 
259.541235 
259.522595 
259.503951 
259.485303 
259.466652 
259.447997 
259.429339 
259.410677 
259.392012 
259.373344 
259.354672 
259.335996 
259.317317 
259.298635 
259.279949 
259.261259 
259.242566 
259.223870 
259.205169 
259.186466 
259.167759 
259.149048 
259.130334 
259.111617 
259.092896 
259.074171 
259.055443 
259.036711 
259.017976 
258.999237 
258.980495 
258.961749 
258.943000 
258.924247 
258.905491 
258.886731 
258.867967 
258.849200 
258.830430 
258.811655 
258.792878 
258.774097 
258.755312 
258.736524 
258.717732 
258.698936 
258.680137 
258.661335 
258.642529 
258.623719 
258.604906 
258.586089 
258.567268 
258.548444 
258.529617 
258.510786 
258.491951 
258.473113 
258.454271 
258.435425 
258.416576 
258.397724 
258.378867 
258.360008 
258.341144 
258.322277 
258.303406 
258.284532 
258.265654 
258.246773 
258.227888 
258.208999 
258.190107 
258.171211 
258.152311 
258.133408 
258.114502 
258.095591 
258.076677 
258.057759 
258.038838 
258.019913 
258.000985 
257.982053 
257.963117 
257.944177 
257.925234 
257.906287 
257.887337 
257.868383 
257.849425 
257.830464 
257.811499 
257.792530 
257.773558 
257.754582 
257.735602 
257.716619 
257.697632 
257.678641 
257.659647 
257.640649 
257.621647 
257.602642 
257.583633 
257.564620 
257.545604 
257.526584 
257.507560 
257.488532 
257.469501 
257.450466 
257.431428 
257.412385 
257.393339 
257.374290 
257.355236 
257.336179 
257.317118 
257.298054 
257.278986 
257.259914 
257.240838 
257.221759 
257.202676 
257.183589 
257.164498 
257.145404 
257.126306 
257.107204 
257.088099 
257.068989 
257.049876 
257.030760 
257.011639 
256.992515 
256.973387 
256.954255 
256.935120 
256.915980 
256.896837 
256.877691 
256.858540 
256.839386 
256.820228 
256.801066 
256.781900 
256.762731 
256.743558 
256.724381 
256.705200 
256.686016 
256.666827 
256.647635 
256.628439 
256.609240 
256.590036 
256.570829 
256.551618 
256.532403 
256.513185 
256.493962 
256.474736 
256.455506 
256.436272 
256.417034 
256.397793 
256.378547 
256.359298 
256.340045 
256.320788 
256.301528 
256.282263 
256.262995 
256.243723 
256.224447 
256.205167 
256.185883 
256.166596 
256.147305 
256.128009 
256.108710 
256.089407 
256.070101 
256.050790 
256.031476 
256.012157 
255.992835 
255.973509 
255.954179 
255.934845 
255.915508 
255.896166 
255.876821 
255.857471 
255.838118 
255.818761 
255.799400 
255.780035 
255.760666 
255.741294 
255.721917 
255.702537 
255.683153 
255.663764 
255.644372 
255.624976 
255.605576 
255.586172 
255.566764 
255.547353 
255.527937 
255.508517 
255.489094 
255.469666 
255.450235 
255.430800 
255.411361 
255.391917 
255.372470 
255.353019 
255.333564 
255.314105 
255.294643 
255.275176 
255.255705 
255.236230 
255.216752 
255.197269 
255.177782 
255.158292 
255.138797 
255.119299 
255.099796 
255.080290 
255.060779 
255.041265 
255.021746 
255.002224 
254.982698 
254.963167 
254.943633 
254.924094 
254.904552 
254.885006 
254.865455 
254.845901 
254.826343 
254.806780 
254.787214 
254.767643 
254.748069 
254.728491 
254.708908 
254.689322 
254.669731 
254.650137 
254.630538 
254.610935 
254.591329 
254.571718 
254.552103 
254.532485 
254.512862 
254.493235 
254.473604 
254.453969 
254.434330 
254.414687 
254.395040 
254.375389 
254.355733 
254.336074 
254.316411 
254.296743 
254.277071 
254.257396 
254.237716 
254.218032 
254.198344 
254.178652 
254.158956 
254.139256 
254.119552 
254.099844 
254.080131 
254.060415 
254.040694 
254.020969 
254.001240 
253.981507 
253.961770 
253.942029 
253.922284 
253.902534 
253.882781 
253.863023 
253.843261 
253.823495 
253.803725 
253.783951 
253.764172 
253.744390 
253.724603 
253.704812 
253.685017 
253.665218 
253.645414 
253.625607 
253.605795 
253.585980 
253.566160 
253.546335 
253.526507 
253.506675 
253.486838 
253.466997 
253.447152 
253.427303 
253.407449 
253.387592 
253.367730 
253.347864 
253.327994 
253.308120 
253.288241 
253.268358 
253.248471 
253.228580 
253.208684 
253.188785 
253.168881 
253.148973 
253.129061 
253.109144 
253.089223 
253.069298 
253.049369 
253.029435 
253.009498 
252.989556 
252.969610 
252.949659 
252.929704 
252.909745 
252.889782 
252.869815 
252.849843 
252.829867 
252.809887 
252.789902 
252.769913 
252.749920 
252.729923 
252.709921 
252.689915 
252.669905 
252.649890 
252.629872 
252.609848 
252.589821 
252.569789 
252.549753 
252.529713 
252.509668 
252.489619 
252.469566 
252.449509 
252.429447 
252.409381 
252.389310 
252.369235 
252.349156 
252.329072 
252.308985 
252.288892 
252.268796 
252.248695 
252.228590 
252.208480 
252.188366 
252.168248 
252.148125 
252.127998 
252.107867 
252.087731 
252.067591 
252.047446 
252.027298 
252.007144 
251.986987 
251.966825 
251.946658 
251.926488 
251.906312 
251.886133 
251.865949 
251.845761 
251.825568 
251.805371 
251.785169 
251.764963 
251.744753 
251.724538 
251.704319 
251.684095 
251.663867 
251.643634 
251.623397 
251.603156 
251.582910 
251.562660 
251.542405 
251.522146 
251.501882 
251.481614 
251.461342 
251.441065 
251.420784 
251.400498 
251.380207 
251.359912 
251.339613 
251.319309 
251.299001 
251.278688 
251.258371 
251.238050 
251.217723 
251.197393 
251.177057 
251.156718 
251.136374 
251.116025 
251.095672 
251.075314 
251.054952 
251.034585 
251.014214 
250.993838 
250.973458 
250.953073 
250.932684 
250.912290 
250.891891 
250.871489 
250.851081 
250.830669 
250.810252 
250.789831 
250.769406 
250.748975 
250.728541 
250.708101 
250.687657 
250.667209 
250.646756 
250.626298 
250.605836 
250.585369 
250.564898 
250.544422 
250.523941 
250.503456 
250.482966 
250.462472 
250.441973 
250.421469 
250.400961 
250.380448 
250.359931 
250.339409 
250.318882 
250.298351 
250.277815 
250.257274 
250.236729 
250.216179 
250.195625 
250.175066 
250.154502 
250.133934 
250.113361 
250.092783 
250.072201 
250.051614 
250.031022 
250.010426 
249.989825 
249.969219 
249.948609 
249.927994 
249.907374 
249.886750 
249.866121 
249.845487 
249.824848 
249.804205 
249.783557 
249.762905 
249.742248 
249.721586 
249.700919 
249.680248 
249.659571 
249.638891 
249.618205 
249.597515 
249.576820 
249.556120 
249.535415 
249.514706 
249.493992 
249.473273 
249.452550 
249.431822 
249.411089 
249.390351 
249.369608 
249.348861 
249.328109 
249.307352 
249.286590 
249.265824 
249.245053 
249.224277 
249.203496 
249.182710 
249.161920 
249.141125 
249.120325 
249.099520 
249.078710 
249.057896 
249.037077 
249.016253 
248.995424 
248.974590 
248.953752 
248.932908 
248.912060 
248.891207 
248.870349 
248.849487 
248.828619 
248.807747 
248.786869 
248.765987 
248.745100 
248.724208 
248.703312 
248.682410 
248.661504 
248.640592 
248.619676 
248.598755 
248.577829 
248.556898 
248.535962 
248.515022 
248.494076 
248.473125 
248.452170 
248.431210 
248.410244 
248.389274 
248.368299 
248.347319 
248.326334 
248.305344 
248.284350 
248.263350 
248.242345 
248.221336 
248.200321 
248.179301 
248.158277 
248.137247 
248.116213 
248.095174 
248.074129 
248.053080 
248.032026 
248.010966 
247.989902 
247.968833 
247.947759 
247.926679 
247.905595 
247.884506 
247.863412 
247.842312 
247.821208 
247.800099 
247.778985 
247.757865 
247.736741 
247.715612 
247.694477 
247.673338 
247.652193 
247.631044 
247.609889 
247.588730 
247.567565 
247.546395 
247.525220 
247.504040 
247.482856 
247.461666 
247.440471 
247.419270 
247.398065 
247.376855 
247.355639 
247.334419 
247.313193 
247.291963 
247.270727 
247.249486 
247.228240 
247.206989 
247.185733 
247.164471 
247.143205 
247.121933 
247.100656 
247.079374 
247.058087 
247.036795 
247.015498 
246.994195 
246.972888 
246.951575 
246.930257 
246.908934 
246.887606 
246.866272 
246.844934 
246.823590 
246.802241 
246.780887 
246.759527 
246.738163 
246.716793 
246.695418 
246.674038 
246.652653 
246.631262 
246.609866 
246.588465 
246.567059 
246.545648 
246.524231 
246.502809 
246.481382 
246.459949 
246.438512 
246.417069 
246.395621 
246.374167 
246.352709 
246.331245 
246.309776 
246.288301 
246.266821 
246.245336 
246.223846 
246.202350 
246.180849 
246.159343 
246.137832 
246.116315 
246.094793 
246.073266 
246.051733 
246.030195 
246.008651 
245.987103 
245.965549 
245.943989 
245.922425 
245.900855 
245.879279 
245.857699 
245.836113 
245.814521 
245.792924 
245.771322 
245.749715 
245.728102 
245.706484 
245.684860 
245.663231 
245.641596 
245.619957 
245.598311 
245.576661 
245.555005 
245.533343 
245.511677 
245.490004 
245.468327 
245.446644 
245.424955 
245.403261 
245.381562 
245.359857 
245.338147 
245.316431 
245.294710 
245.272983 
245.251251 
245.229514 
245.207771 
245.186023 
245.164269 
245.142509 
245.120744 
245.098974 
245.077198 
245.055417 
245.033630 
245.011838 
244.990040 
244.968236 
244.946427 
244.924613 
244.902793 
244.880968 
244.859137 
244.837300 
244.815458 
244.793611 
244.771757 
244.749899 
244.728035 
244.706165 
244.684289 
244.662408 
244.640522 
244.618630 
244.596732 
244.574829 
244.552920 
244.531006 
244.509086 
244.487160 
244.465229 
244.443292 
244.421350 
244.399402 
244.377448 
244.355489 
244.333524 
244.311553 
244.289577 
244.267595 
244.245608 
244.223614 
244.201616 
244.179611 
244.157601 
244.135585 
244.113564 
244.091537 
244.069504 
244.047465 
244.025421 
244.003371 
243.981316 
243.959255 
243.937188 
243.915115 
243.893036 
243.870952 
243.848863 
243.826767 
243.804666 
243.782559 
243.760446 
243.738327 
243.716203 
243.694073 
243.671937 
243.649796 
243.627648 
243.605495 
243.583337 
243.561172 
243.539002 
243.516825 
243.494643 
243.472456 
243.450262 
243.428063 
243.405857 
243.383646 
243.361430 
243.339207 
243.316978 
243.294744 
243.272504 
243.250258 
243.228006 
243.205749 
243.183485 
243.161216 
243.138940 
243.116659 
243.094372 
243.072079 
243.049781 
243.027476 
243.005166 
242.982849 
242.960527 
242.938199 
242.915864 
242.893524 
242.871179 
242.848827 
242.826469 
242.804105 
242.781735 
242.759360 
242.736978 
242.714591 
242.692197 
242.669798 
242.647393 
242.624981 
242.602564 
242.580141 
242.557712 
242.535276 
242.512835 
242.490388 
242.467935 
242.445475 
242.423010 
242.400539 
242.378062 
242.355578 
242.333089 
242.310594 
242.288092 
242.265585 
242.243072 
242.220552 
242.198026 
242.175495 
242.152957 
242.130413 
242.107864 
242.085308 
242.062746 
242.040178 
242.017603 
241.995023 
241.972437 
241.949844 
241.927246 
241.904641 
241.882030 
241.859413 
241.836790 
241.814161 
241.791526 
241.768884 
241.746237 
241.723583 
241.700923 
241.678257 
241.655584 
241.632906 
241.610221 
241.587530 
241.564833 
241.542130 
241.519421 
241.496705 
241.473983 
241.451255 
241.428521 
241.405781 
241.383034 
241.360281 
241.337522 
241.314757 
241.291985 
241.269207 
241.246423 
241.223632 
241.200836 
241.178033 
241.155224 
241.132408 
241.109586 
241.086758 
241.063924 
241.041083 
241.018236 
240.995383 
240.972523 
240.949657 
240.926785 
240.903906 
240.881021 
240.858130 
240.835232 
240.812328 
240.789418 
240.766501 
240.743578 
240.720649 
240.697713 
240.674771 
240.651822 
240.628867 
240.605906 
240.582938 
240.559964 
240.536983 
240.513996 
240.491003 
240.468003 
240.444997 
240.421984 
240.398965 
240.375939 
240.352907 
240.329869 
240.306824 
240.283772 
240.260714 
240.237650 
240.214579 
240.191501 
240.168417 
240.145327 
240.122230 
240.099127 
240.076017 
240.052900 
240.029777 
240.006648 
239.983512 
239.960369 
239.937220 
239.914064 
239.890902 
239.867733 
239.844558 
239.821376 
239.798187 
239.774992 
239.751790 
239.728582 
239.705367 
239.682145 
239.658917 
239.635682 
239.612441 
239.589193 
239.565938 
239.542677 
239.519409 
239.496134 
239.472853 
239.449565 
239.426270 
239.402969 
239.379661 
239.356347 
239.333025 
239.309697 
239.286363 
239.263021 
239.239673 
239.216318 
239.192957 
239.169588 
239.146213 
239.122831 
239.099443 
239.076048 
239.052646 
239.029237 
239.005821 
238.982399 
238.958970 
238.935534 
238.912091 
238.888642 
238.865186 
238.841722 
238.818253 
238.794776 
238.771292 
238.747802 
238.724305 
238.700801 
238.677290 
238.653772 
238.630247 
238.606716 
238.583178 
238.559632 
238.536080 
238.512521 
238.488955 
238.465383 
238.441803 
238.418216 
238.394623 
238.371023 
238.347415 
238.323801 
238.300180 
238.276552 
238.252916 
238.229274 
238.205625 
238.181969 
238.158306 
238.134636 
238.110960 
238.087276 
238.063585 
238.039887 
238.016182 
237.992470 
237.968751 
237.945025 
237.921292 
237.897552 
237.873805 
237.850051 
237.826289 
237.802521 
237.778746 
237.754963 
237.731174 
237.707377 
237.683573 
237.659763 
237.635945 
237.612120 
237.588288 
237.564448 
237.540602 
237.516749 
237.492888 
237.469020 
237.445145 
237.421263 
237.397374 
237.373477 
237.349574 
237.325663 
237.301745 
237.277820 
237.253887 
237.229948 
237.206001 
237.182047 
237.158086 
237.134117 
237.110141 
237.086158 
237.062168 
237.038171 
237.014166 
236.990154 
236.966134 
236.942108 
236.918074 
236.894033 
236.869984 
236.845928 
236.821865 
236.797795 
236.773717 
236.749632 
236.725540 
236.701440 
236.677333 
236.653218 
236.629096 
236.604967 
236.580831 
236.556687 
236.532535 
236.508376 
236.484210 
236.460037 
236.435855 
236.411667 
236.387471 
236.363268 
236.339057 
236.314839 
236.290613 
236.266380 
236.242139 
236.217891 
236.193636 
236.169373 
236.145102 
236.120824 
236.096539 
236.072245 
236.047945 
236.023637 
235.999321 
235.974998 
235.950667 
235.926329 
235.901983 
235.877629 
235.853268 
235.828900 
235.804524 
235.780140 
235.755748 
235.731349 
235.706943 
235.682529 
235.658107 
235.633677 
235.609240 
235.584795 
235.560343 
235.535883 
235.511415 
235.486939 
235.462456 
235.437965 
235.413467 
235.388961 
235.364447 
235.339925 
235.315395 
235.290858 
235.266313 
235.241761 
235.217200 
235.192632 
235.168056 
235.143473 
235.118881 
235.094282 
235.069675 
235.045060 
235.020437 
234.995807 
234.971169 
234.946522 
234.921868 
234.897207 
234.872537 
234.847859 
234.823174 
234.798481 
234.773780 
234.749071 
234.724354 
234.699629 
234.674896 
234.650155 
234.625407 
234.600650 
234.575886 
234.551114 
234.526333 
234.501545 
234.476749 
234.451944 
234.427132 
234.402312 
234.377484 
234.352648 
234.327803 
234.302951 
234.278091 
234.253222 
234.228346 
234.203462 
234.178569 
234.153669 
234.128760 
234.103844 
234.078919 
234.053986 
234.029045 
234.004096 
233.979139 
233.954174 
233.929200 
233.904219 
233.879229 
233.854231 
233.829225 
233.804211 
233.779189 
233.754158 
233.729120 
233.704073 
233.679018 
233.653954 
233.628883 
233.603803 
233.578715 
233.553619 
233.528514 
233.503402 
233.478281 
233.453151 
233.428014 
233.402868 
233.377714 
233.352551 
233.327381 
233.302201 
233.277014 
233.251818 
233.226614 
233.201402 
233.176181 
233.150952 
233.125714 
233.100468 
233.075214 
233.049951 
233.024680 
232.999401 
232.974113 
232.948816 
232.923512 
232.898198 
232.872877 
232.847546 
232.822208 
232.796861 
232.771505 
232.746141 
232.720768 
232.695387 
232.669998 
232.644599 
232.619193 
232.593778 
232.568354 
232.542921 
232.517481 
232.492031 
232.466573 
232.441106 
232.415631 
232.390147 
232.364655 
232.339154 
232.313644 
232.288126 
232.262598 
232.237063 
232.211518 
232.185965 
232.160404 
232.134833 
232.109254 
232.083666 
232.058070 
232.032465 
232.006851 
231.981228 
231.955597 
231.929956 
231.904307 
231.878650 
231.852983 
231.827308 
231.801624 
231.775931 
231.750229 
231.724518 
231.698799 
231.673071 
231.647334 
231.621588 
231.595833 
231.570069 
231.544297 
231.518515 
231.492725 
231.466926 
231.441117 
231.415300 
231.389474 
231.363639 
231.337795 
231.311942 
231.286080 
231.260209 
231.234330 
231.208441 
231.182543 
231.156636 
231.130720 
231.104795 
231.078861 
231.052918 
231.026966 
231.001005 
230.975034 
230.949055 
230.923067 
230.897069 
230.871062 
230.845047 
230.819022 
230.792988 
230.766944 
230.740892 
230.714830 
230.688760 
230.662680 
230.636591 
230.610492 
230.584385 
230.558268 
230.532142 
230.506007 
230.479863 
230.453709 
230.427546 
230.401374 
230.375192 
230.349001 
230.322801 
230.296592 
230.270373 
230.244145 
230.217907 
230.191660 
230.165404 
230.139139 
230.112864 
230.086579 
230.060286 
230.033983 
230.007670 
229.981348 
229.955017 
229.928676 
229.902325 
229.875966 
229.849596 
229.823218 
229.796829 
229.770432 
229.744024 
229.717608 
229.691181 
229.664745 
229.638300 
229.611845 
229.585381 
229.558906 
229.532423 
229.505929 
229.479426 
229.452914 
229.426392 
229.399860 
229.373318 
229.346767 
229.320207 
229.293636 
229.267056 
229.240466 
229.213866 
229.187257 
229.160638 
229.134009 
229.107371 
229.080723 
229.054065 
229.027397 
229.000719 
228.974032 
228.947335 
228.920628 
228.893911 
228.867184 
228.840447 
228.813701 
228.786945 
228.760179 
228.733402 
228.706617 
228.679821 
228.653015 
228.626199 
228.599373 
228.572538 
228.545692 
228.518837 
228.491971 
228.465096 
228.438210 
228.411315 
228.384409 
228.357493 
228.330568 
228.303632 
228.276686 
228.249730 
228.222764 
228.195788 
228.168802 
228.141806 
228.114800 
228.087783 
228.060756 
228.033720 
228.006672 
227.979615 
227.952548 
227.925470 
227.898382 
227.871284 
227.844176 
227.817058 
227.789929 
227.762790 
227.735640 
227.708481 
227.681311 
227.654130 
227.626940 
227.599739 
227.572528 
227.545306 
227.518074 
227.490832 
227.463579 
227.436316 
227.409042 
227.381758 
227.354464 
227.327159 
227.299843 
227.272518 
227.245181 
227.217835 
227.190477 
227.163109 
227.135731 
227.108342 
227.080943 
227.053533 
227.026112 
226.998681 
226.971240 
226.943787 
226.916324 
226.888851 
226.861367 
226.833872 
226.806366 
226.778850 
226.751323 
226.723786 
226.696237 
226.668678 
226.641109 
226.613528 
226.585937 
226.558335 
226.530722 
226.503099 
226.475464 
226.447819 
226.420163 
226.392496 
226.364819 
226.337130 
226.309431 
226.281720 
226.253999 
226.226267 
226.198524 
226.170770 
226.143005 
226.115229 
226.087442 
226.059645 
226.031836 
226.004016 
225.976185 
225.948343 
225.920490 
225.892626 
225.864751 
225.836865 
225.808968 
225.781060 
225.753141 
225.725210 
225.697268 
225.669316 
225.641352 
225.613376 
225.585390 
225.557393 
225.529384 
225.501364 
225.473333 
225.445290 
225.417236 
225.389171 
225.361095 
225.333007 
225.304908 
225.276798 
225.248677 
225.220544 
225.192399 
225.164244 
225.136077 
225.107898 
225.079708 
225.051507 
225.023294 
224.995070 
224.966834 
224.938587 
224.910329 
224.882058 
224.853777 
224.825483 
224.797179 
224.768862 
224.740534 
224.712195 
224.683844 
224.655481 
224.627107 
224.598721 
224.570323 
224.541914 
224.513493 
224.485060 
224.456616 
224.428160 
224.399692 
224.371213 
224.342721 
224.314218 
224.285703 
224.257177 
224.228638 
224.200088 
224.171526 
224.142952 
224.114366 
224.085768 
224.057159 
224.028537 
223.999904 
223.971258 
223.942601 
223.913932 
223.885250 
223.856557 
223.827852 
223.799135 
223.770405 
223.741664 
223.712910 
223.684145 
223.655367 
223.626578 
223.597776 
223.568962 
223.540136 
223.511298 
223.482447 
223.453584 
223.424710 
223.395823 
223.366923 
223.338012 
223.309088 
223.280152 
223.251204 
223.222243 
223.193270 
223.164285 
223.135287 
223.106277 
223.077255 
223.048220 
223.019173 
222.990113 
222.961041 
222.931957 
222.902860 
222.873751 
222.844629 
222.815494 
222.786347 
222.757188 
222.728016 
222.698831 
222.669634 
222.640424 
222.611202 
222.581967 
222.552719 
222.523459 
222.494186 
222.464900 
222.435602 
222.406291 
222.376967 
222.347631 
222.318281 
222.288919 
222.259544 
222.230157 
222.200756 
222.171343 
222.141916 
222.112477 
222.083025 
222.053560 
222.024083 
221.994592 
221.965088 
221.935571 
221.906042 
221.876499 
221.846943 
221.817375 
221.787793 
221.758198 
221.728590 
221.698969 
221.669335 
221.639688 
221.610028 
221.580354 
221.550667 
221.520968 
221.491255 
221.461528 
221.431789 
221.402036 
221.372270 
221.342490 
221.312698 
221.282892 
221.253073 
221.223240 
221.193394 
221.163534 
221.133662 
221.103775 
221.073876 
221.043963 
221.014036 
220.984096 
220.954142 
220.924175 
220.894195 
220.864201 
220.834193 
220.804171 
220.774136 
220.744088 
220.714026 
220.683950 
220.653860 
220.623757 
220.593640 
220.563510 
220.533365 
220.503207 
220.473035 
220.442849 
220.412650 
220.382437 
220.352209 
220.321968 
220.291713 
220.261445 
220.231162 
220.200865 
220.170555 
220.140230 
220.109891 
220.079539 
220.049172 
220.018792 
219.988397 
219.957988 
219.927565 
219.897128 
219.866677 
219.836212 
219.805733 
219.775239 
219.744731 
219.714209 
219.683673 
219.653123 
219.622558 
219.591979 
219.561386 
219.530778 
219.500156 
219.469519 
219.438869 
219.408203 
219.377524 
219.346830 
219.316121 
219.285398 
219.254661 
219.223909 
219.193142 
219.162361 
219.131566 
219.100755 
219.069931 
219.039091 
219.008237 
218.977368 
218.946485 
218.915587 
218.884674 
218.853746 
218.822804 
218.791846 
218.760874 
218.729888 
218.698886 
218.667870 
218.636838 
218.605792 
218.574731 
218.543655 
218.512563 
218.481457 
218.450336 
218.419200 
218.388049 
218.356883 
218.325702 
218.294505 
218.263294 
218.232067 
218.200826 
218.169569 
218.138297 
218.107009 
218.075707 
218.044389 
218.013056 
217.981707 
217.950344 
217.918965 
217.887570 
217.856160 
217.824735 
217.793294 
217.761838 
217.730367 
217.698880 
217.667377 
217.635859 
217.604326 
217.572777 
217.541212 
217.509631 
217.478035 
217.446424 
217.414796 
217.383153 
217.351495 
217.319820 
217.288130 
217.256424 
217.224702 
217.192965 
217.161211 
217.129442 
217.097657 
217.065855 
217.034038 
217.002205 
216.970356 
216.938491 
216.906610 
216.874713 
216.842800 
216.810871 
216.778926 
216.746964 
216.714987 
216.682993 
216.650983 
216.618957 
216.586914 
216.554856 
216.522781 
216.490689 
216.458582 
216.426458 
216.394317 
216.362161 
216.329988 
216.297798 
216.265592 
216.233369 
216.201130 
216.168875 
216.136602 
216.104314 
216.072008 
216.039686 
216.007348 
215.974992 
215.942620 
215.910232 
215.877826 
215.845404 
215.812965 
215.780509 
215.748036 
215.715546 
215.683040 
215.650517 
215.617976 
215.585419 
215.552845 
215.520253 
215.487645 
215.455020 
215.422377 
215.389718 
215.357041 
215.324347 
215.291636 
215.258908 
215.226162 
215.193399 
215.160619 
215.127822 
215.095007 
215.062175 
215.029326 
214.996459 
214.963575 
214.930673 
214.897754 
214.864817 
214.831863 
214.798891 
214.765902 
214.732895 
214.699871 
214.666828 
214.633768 
214.600691 
214.567595 
214.534482 
214.501351 
214.468203 
214.435036 
214.401852 
214.368649 
214.335429 
214.302191 
214.268935 
214.235661 
214.202369 
214.169058 
214.135730 
214.102384 
214.069019 
214.035636 
214.002236 
213.968817 
213.935379 
213.901924 
213.868450 
213.834958 
213.801447 
213.767918 
213.734371 
213.700805 
213.667221 
213.633618 
213.599997 
213.566357 
213.532699 
213.499022 
213.465327 
213.431613 
213.397880 
213.364128 
213.330358 
213.296569 
213.262761 
213.228934 
213.195089 
213.161225 
213.127341 
213.093439 
213.059518 
213.025578 
212.991619 
212.957641 
212.923643 
212.889627 
212.855591 
212.821537 
212.787463 
212.753370 
212.719257 
212.685126 
212.650975 
212.616804 
212.582615 
212.548406 
212.514177 
212.479929 
212.445662 
212.411375 
212.377068 
212.342742 
212.308397 
212.274031 
212.239646 
212.205242 
212.170817 
212.136373 
212.101909 
212.067425 
212.032921 
211.998398 
211.963854 
211.929291 
211.894708 
211.860104 
211.825481 
211.790837 
211.756174 
211.721490 
211.686786 
211.652062 
211.617317 
211.582553 
211.547768 
211.512963 
211.478137 
211.443291 
211.408425 
211.373538 
211.338630 
211.303702 
211.268754 
211.233785 
211.198795 
211.163785 
211.128754 
211.093702 
211.058630 
211.023537 
210.988423 
210.953288 
210.918132 
210.882955 
210.847758 
210.812539 
210.777299 
210.742039 
210.706757 
210.671454 
210.636130 
210.600785 
210.565418 
210.530030 
210.494621 
210.459191 
210.423739 
210.388266 
210.352772 
210.317256 
210.281718 
210.246159 
210.210578 
210.174976 
210.139352 
210.103707 
210.068040 
210.032351 
209.996640 
209.960907 
209.925153 
209.889376 
209.853578 
209.817758 
209.781916 
209.746051 
209.710165 
209.674257 
209.638326 
209.602373 
209.566398 
209.530401 
209.494382 
209.458340 
209.422275 
209.386189 
209.350080 
209.313948 
209.277794 
209.241617 
209.205418 
209.169196 
209.132952 
209.096684 
209.060394 
209.024082 
208.987746 
208.951388 
208.915006 
208.878602 
208.842175 
208.805724 
208.769251 
208.732755 
208.696235 
208.659692 
208.623126 
208.586537 
208.549924 
208.513289 
208.476629 
208.439947 
208.403241 
208.366511 
208.329758 
208.292981 
208.256181 
208.219357 
208.182509 
208.145638 
208.108743 
208.071824 
208.034881 
207.997914 
207.960924 
207.923909 
207.886870 
207.849807 
207.812721 
207.775610 
207.738474 
207.701315 
207.664131 
207.626923 
207.589691 
207.552434 
207.515152 
207.477847 
207.440516 
207.403161 
207.365782 
207.328378 
207.290949 
207.253495 
207.216017 
207.178513 
207.140985 
207.103432 
207.065854 
207.028251 
206.990623 
206.952969 
206.915291 
206.877587 
206.839859 
206.802104 
206.764325 
206.726520 
206.688690 
206.650834 
206.612953 
206.575046 
206.537113 
206.499155 
206.461171 
206.423162 
206.385127 
206.347065 
206.308978 
206.270865 
206.232726 
206.194561 
206.156370 
206.118153 
206.079909 
206.041640 
206.003344 
205.965022 
205.926673 
205.888298 
205.849897 
205.811469 
205.773014 
205.734533 
205.696025 
205.657491 
205.618929 
205.580341 
205.541726 
205.503084 
205.464416 
205.425720 
205.386997 
205.348247 
205.309470 
205.270666 
205.231834 
205.192975 
205.154089 
205.115175 
205.076234 
205.037265 
204.998269 
204.959245 
204.920194 
204.881114 
204.842007 
204.802872 
204.763710 
204.724519 
204.685300 
204.646053 
204.606779 
204.567476 
204.528145 
204.488785 
204.449397 
204.409981 
204.370537 
204.331064 
204.291562 
204.252032 
204.212473 
204.172886 
204.133269 
204.093624 
204.053951 
204.014248 
203.974516 
203.934755 
203.894965 
203.855146 
203.815298 
203.775420 
203.735514 
203.695577 
203.655612 
203.615617 
203.575592 
203.535538 
203.495454 
203.455340 
203.415197 
203.375024 
203.334820 
203.294587 
203.254324 
203.214031 
203.173708 
203.133354 
203.092970 
203.052556 
203.012112 
202.971637 
202.931132 
202.890596 
202.850029 
202.809432 
202.768804 
202.728145 
202.687455 
202.646735 
202.605983 
202.565201 
202.524387 
202.483542 
202.442666 
202.401758 
202.360819 
202.319849 
202.278847 
202.237814 
202.196749 
202.155652 
202.114524 
202.073364 
202.032172 
201.990948 
201.949692 
201.908403 
201.867083 
201.825731 
201.784346 
201.742929 
201.701479 
201.659997 
201.618482 
201.576935 
201.535355 
201.493743 
201.452097 
201.410419 
201.368707 
201.326963 
201.285186 
201.243375 
201.201531 
201.159654 
201.117743 
201.075799 
201.033822 
200.991811 
200.949766 
200.907688 
200.865575 
200.823429 
200.781249 
200.739035 
200.696787 
200.654504 
200.612188 
200.569837 
200.527451 
200.485032 
200.442577 
200.400088 
200.357565 
200.315006 
200.272413 
200.229785 
200.187122 
200.144424 
200.101691 
200.058922 
200.016118 
199.973279 
199.930405 
199.887495 
199.844549 
199.801568 
199.758550 
199.715497 
199.672409 
199.629284 
199.586123 
199.542926 
199.499692 
199.456423 
199.413117 
199.369774 
199.326395 
199.282980 
199.239527 
199.196038 
199.152512 
199.108949 
199.065349 
199.021712 
198.978038 
198.934326 
198.890577 
198.846791 
198.802967 
198.759105 
198.715206 
198.671268 
198.627293 
198.583280 
198.539229 
198.495140 
198.451012 
198.406847 
198.362642 
198.318400 
198.274119 
198.229799 
198.185440 
198.141042 
198.096606 
198.052130 
198.007616 
197.963062 
197.918469 
197.873836 
197.829164 
197.784452 
197.739701 
197.694910 
197.650079 
197.605208 
197.560297 
197.515346 
197.470355 
197.425324 
197.380252 
197.335139 
197.289986 
197.244792 
197.199558 
197.154282 
197.108966 
197.063608 
197.018209 
196.972769 
196.927288 
196.881765 
196.836200 
196.790594 
196.744946 
196.699256 
196.653524 
196.607750 
196.561934 
196.516076 
196.470175 
196.424232 
196.378246 
196.332217 
196.286146 
196.240031 
196.193874 
196.147673 
196.101430 
196.055143 
196.008812 
195.962438 
195.916020 
195.869559 
195.823054 
195.776504 
195.729911 
195.683273 
195.636591 
195.589865 
195.543094 
195.496279 
195.449418 
195.402513 
195.355563 
195.308568 
195.261528 
195.214442 
195.167311 
195.120134 
195.072912 
195.025644 
194.978330 
194.930970 
194.883564 
194.836112 
194.788613 
194.741068 
194.693476 
194.645837 
194.598152 
194.550420 
194.502640 
194.454814 
194.406940 
194.359019 
194.311050 
194.263033 
194.214969 
194.166857 
194.118696 
194.070488 
194.022231 
193.973925 
193.925572 
193.877169 
193.828718 
193.780217 
193.731668 
193.683069 
193.634421 
193.585724 
193.536977 
193.488180 
193.439333 
193.390437 
193.341490 
193.292493 
193.243445 
193.194347 
193.145199 
193.095999 
193.046749 
192.997447 
192.948095 
192.898691 
192.849235 
192.799728 
192.750169 
192.700558 
192.650895 
192.601180 
192.551412 
192.501592 
192.451720 
192.401794 
192.351816 
192.301785 
192.251700 
192.201562 
192.151371 
192.101126 
192.050827 
192.000474 
191.950067 
191.899605 
191.849090 
191.798519 
191.747894 
191.697215 
191.646480 
191.595690 
191.544844 
191.493943 
191.442987 
191.391975 
191.340906 
191.289782 
191.238601 
191.187364 
191.136070 
191.084720 
191.033312 
190.981848 
190.930326 
190.878746 
190.827110 
190.775415 
190.723662 
190.671852 
190.619983 
190.568055 
190.516069 
190.464025 
190.411921 
190.359758 
190.307536 
190.255254 
190.202913 
190.150512 
190.098051 
190.045529 
189.992948 
189.940306 
189.887603 
189.834839 
189.782014 
189.729128 
189.676180 
189.623171 
189.570100 
189.516967 
189.463771 
189.410514 
189.357193 
189.303810 
189.250364 
189.196855 
189.143283 
189.089647 
189.035947 
188.982183 
188.928356 
188.874464 
188.820507 
188.766486 
188.712399 
188.658248 
188.604031 
188.549749 
188.495401 
188.440987 
188.386507 
188.331961 
188.277348 
188.222668 
188.167921 
188.113107 
188.058226 
188.003277 
187.948260 
187.893176 
187.838022 
187.782801 
187.727511 
187.672151 
187.616723 
187.561225 
187.505658 
187.450021 
187.394314 
187.338536 
187.282688 
187.226770 
187.170780 
187.114719 
187.058587 
187.002383 
186.946107 
186.889759 
186.833339 
186.776846 
186.720280 
186.663641 
186.606929 
186.550143 
186.493283 
186.436349 
186.379341 
186.322259 
186.265101 
186.207869 
186.150561 
186.093177 
186.035718 
185.978182 
185.920571 
185.862882 
185.805117 
185.747275 
185.689355 
185.631357 
185.573282 
185.515128 
185.456896 
185.398585 
185.340195 
185.281726 
185.223177 
185.164548 
185.105840 
185.047050 
184.988180 
184.929229 
184.870197 
184.811083 
184.751888 
184.692610 
184.633250 
184.573807 
184.514281 
184.454672 
184.394979 
184.335202 
184.275341 
184.215395 
184.155365 
184.095249 
184.035048 
183.974762 
183.914389 
183.853930 
183.793384 
183.732751 
183.672030 
183.611222 
183.550326 
183.489342 
183.428269 
183.367107 
183.305856 
183.244515 
183.183085 
183.121563 
183.059952 
182.998249 
182.936455 
182.874569 
182.812591 
182.750521 
182.688358 
182.626102 
182.563752 
182.501309 
182.438772 
182.376140 
182.313413 
182.250591 
182.187673 
182.124659 
182.061549 
181.998342 
181.935038 
181.871637 
181.808137 
181.744540 
181.680843 
181.617048 
181.553153 
181.489158 
181.425063 
181.360868 
181.296571 
181.232173 
181.167673 
181.103071 
181.038366 
180.973558 
180.908646 
180.843631 
180.778511 
180.713286 
180.647957 
180.582521 
180.516980 
180.451331 
180.385576 
180.319714 
180.253743 
180.187665 
180.121477 
180.055181 
179.988775 
179.922258 
179.855631 
179.788893 
179.722043 
179.655082 
179.588008 
179.520820 
179.453520 
179.386105 
179.318576 
179.250933 
179.183173 
179.115298 
179.047307 
178.979198 
178.910972 
178.842628 
178.774166 
178.705584 
178.636883 
178.568062 
178.499121 
178.430058 
178.360874 
178.291567 
178.222138 
178.152586 
178.082909 
178.013108 
177.943183 
177.873131 
177.802954 
177.732650 
177.662218 
177.591659 
177.520971 
177.450155 
177.379208 
177.308132 
177.236924 
177.165586 
177.094115 
177.022511 
176.950774 
176.878904 
176.806898 
176.734758 
176.662481 
176.590068 
176.517518 
176.444831 
176.372004 
176.299039 
176.225934 
176.152688 
176.079301 
176.005773 
175.932102 
175.858287 
175.784329 
175.710226 
175.635978 
175.561583 
175.487042 
175.412354 
175.337517 
175.262531 
175.187395 
175.112109 
175.036671 
174.961082 
174.885339 
174.809443 
174.733393 
174.657188 
174.580826 
174.504308 
174.427632 
174.350798 
174.273805 
174.196651 
174.119337 
174.041861 
173.964222 
173.886420 
173.808454 
173.730322 
173.652024 
173.573560 
173.494927 
173.416126 
173.337155 
173.258014 
173.178701 
173.099216 
173.019557 
172.939724 
172.859716 
172.779531 
172.699169 
172.618629 
172.537910 
172.457010 
172.375930 
172.294667 
172.213221 
172.131590 
172.049774 
171.967772 
171.885583 
171.803204 
171.720637 
171.637878 
171.554928 
171.471784 
171.388447 
171.304914 
171.221185 
171.137259 
171.053134 
170.968809 
170.884283 
170.799555 
170.714623 
170.629487 
170.544144 
170.458595 
170.372837 
170.286870 
170.200691 
170.114301 
170.027696 
169.940877 
169.853842 
169.766589 
169.679117 
169.591425 
169.503511 
169.415375 
169.327013 
169.238426 
169.149611 
169.060568 
168.971294 
168.881789 
168.792050 
168.702076 
168.611867 
168.521419 
168.430732 
168.339804 
168.248633 
168.157218 
168.065557 
167.973648 
167.881491 
167.789083 
167.696422 
167.603506 
167.510335 
167.416906 
167.323218 
167.229268 
167.135055 
167.040577 
166.945832 
166.850818 
166.755534 
166.659977 
166.564146 
166.468039 
166.371653 
166.274986 
166.178038 
166.080804 
165.983284 
165.885476 
165.787377 
165.688985 
165.590297 
165.491313 
165.392029 
165.292443 
165.192553 
165.092357 
164.991852 
164.891036 
164.789907 
164.688462 
164.586698 
164.484614 
164.382207 
164.279473 
164.176412 
164.073019 
163.969293 
163.865231 
163.760830 
163.656087 
163.551000 
163.445565 
163.339780 
163.233643 
163.127149 
163.020297 
162.913083 
162.805504 
162.697557 
162.589239 
162.480547 
162.371478 
162.262028 
162.152194 
162.041973 
161.931361 
161.820356 
161.708953 
161.597149 
161.484941 
161.372324 
161.259296 
161.145852 
161.031989 
160.917703 
160.802990 
160.687846 
160.572267 
160.456250 
160.339789 
160.222881 
160.105522 
159.987707 
159.869432 
159.750693 
159.631485 
159.511803 
159.391643 
159.271000 
159.149870 
159.028247 
158.906127 
158.783505 
158.660375 
158.536733 
158.412573 
158.287890 
158.162678 
158.036932 
157.910647 
157.783816 
157.656434 
157.528495 
157.399994 
157.270923 
157.141277 
157.011050 
156.880235 
156.748826 
156.616816 
156.484198 
156.350965 
156.217111 
156.082629 
155.947510 
155.811749 
155.675337 
155.538267 
155.400530 
155.262120 
155.123028 
154.983245 
154.842764 
154.701576 
154.559672 
154.417044 
154.273682 
154.129577 
153.984719 
153.839100 
153.692709 
153.545537 
153.397573 
153.248807 
153.099228 
152.948825 
152.797588 
152.645505 
152.492564 
152.338755 
152.184064 
152.028480 
151.871989 
151.714580 
151.556239 
151.396952 
151.236706 
151.075487 
150.913281 
150.750072 
150.585846 
150.420588 
150.254280 
150.086909 
149.918456 
149.748905 
149.578239 
149.406439 
149.233488 
149.059367 
148.884056 
148.707536 
148.529787 
148.350788 
148.170518 
147.988954 
147.806075 
147.621857 
147.436276 
147.249309 
147.060930 
146.871113 
146.679832 
146.487059 
146.292767 
146.096926 
145.899507 
145.700479 
145.499809 
145.297467 
145.093417 
144.887625 
144.680056 
144.470671 
144.259434 
144.046303 
143.831239 
143.614200 
143.395140 
143.174016 
142.950780 
142.725383 
142.497776 
142.267906 
142.035719 
141.801158 
141.564166 
141.324681 
141.082641 
140.837980 
140.590630 
140.340519 
140.087575 
139.831718 
139.572870 
139.310945 
139.045857 
138.777513 
138.505817 
138.230669 
137.951964 
137.669590 
137.383433 
137.093370 
136.799275 
136.501011 
136.198438 
135.891406 
135.579758 
135.263327 
134.941937 
134.615402 
134.283525 
133.946095 
133.602891 
133.253676 
132.898196 
132.536183 
132.167349 
131.791386 
131.407964 
131.016727 
130.617294 
130.209253 
129.792159 
129.365531 
128.928845 
128.481532 
128.022972 
127.552485 
127.069326 
126.572674 
126.061623 
125.535168 
124.992191 
124.431442 
123.851516 
123.250831 
122.627587 
121.979735 
121.304915 
120.600399 
119.863005 
119.088985 
118.273883 
117.412340 
116.497827 
115.522267 
114.475493 
113.344445 
112.111922 
110.754578 
109.239513 
107.518070 
105.513482 
103.093091 
99.993428 
95.545689 
86.582249 
NaN
NaN
NaN
NaN
NaN
NaN
NaN
NaN
NaN
NaN
NaN
NaN
NaN
NaN
NaN
NaN
NaN
NaN
NaN
NaN
NaN
NaN
NaN
NaN
NaN
NaN
NaN
NaN
NaN
NaN
NaN
NaN
NaN
NaN
NaN
NaN
NaN
