330.063318 
330.051712 
330.040104 
330.028493 
330.016881 
330.005266 
329.993649 
329.982031 
329.970410 
329.958787 
329.947162 
329.935535 
329.923906 
329.912275 
329.900642 
329.889007 
329.877369 
329.865730 
329.854089 
329.842445 
329.830800 
329.819152 
329.807502 
329.795851 
329.784197 
329.772541 
329.760883 
329.749223 
329.737561 
329.725897 
329.714230 
329.702562 
329.690891 
329.679219 
329.667544 
329.655868 
329.644189 
329.632508 
329.620825 
329.609140 
329.597453 
329.585764 
329.574072 
329.562379 
329.550684 
329.538986 
329.527286 
329.515585 
329.503881 
329.492175 
329.480467 
329.468757 
329.457044 
329.445330 
329.433614 
329.421895 
329.410174 
329.398452 
329.386727 
329.375000 
329.363271 
329.351540 
329.339806 
329.328071 
329.316334 
329.304594 
329.292852 
329.281108 
329.269363 
329.257614 
329.245864 
329.234112 
329.222358 
329.210601 
329.198842 
329.187082 
329.175319 
329.163554 
329.151787 
329.140017 
329.128246 
329.116473 
329.104697 
329.092919 
329.081139 
329.069357 
329.057573 
329.045787 
329.033999 
329.022208 
329.010415 
328.998621 
328.986824 
328.975025 
328.963223 
328.951420 
328.939614 
328.927807 
328.915997 
328.904185 
328.892371 
328.880555 
328.868737 
328.856916 
328.845093 
328.833269 
328.821442 
328.809613 
328.797781 
328.785948 
328.774112 
328.762275 
328.750435 
328.738593 
328.726749 
328.714902 
328.703054 
328.691203 
328.679350 
328.667495 
328.655638 
328.643779 
328.631917 
328.620054 
328.608188 
328.596320 
328.584450 
328.572578 
328.560703 
328.548826 
328.536948 
328.525067 
328.513183 
328.501298 
328.489411 
328.477521 
328.465629 
328.453735 
328.441839 
328.429940 
328.418040 
328.406137 
328.394232 
328.382325 
328.370415 
328.358504 
328.346590 
328.334674 
328.322756 
328.310836 
328.298913 
328.286989 
328.275062 
328.263133 
328.251201 
328.239268 
328.227332 
328.215394 
328.203454 
328.191512 
328.179568 
328.167621 
328.155672 
328.143721 
328.131768 
328.119812 
328.107855 
328.095895 
328.083933 
328.071968 
328.060002 
328.048033 
328.036062 
328.024089 
328.012113 
328.000136 
327.988156 
327.976174 
327.964189 
327.952203 
327.940214 
327.928223 
327.916230 
327.904235 
327.892237 
327.880237 
327.868235 
327.856231 
327.844224 
327.832215 
327.820204 
327.808191 
327.796176 
327.784158 
327.772138 
327.760116 
327.748091 
327.736065 
327.724036 
327.712005 
327.699971 
327.687936 
327.675898 
327.663858 
327.651815 
327.639771 
327.627724 
327.615675 
327.603623 
327.591570 
327.579514 
327.567456 
327.555395 
327.543332 
327.531268 
327.519200 
327.507131 
327.495059 
327.482985 
327.470909 
327.458831 
327.446750 
327.434667 
327.422582 
327.410494 
327.398404 
327.386312 
327.374218 
327.362121 
327.350022 
327.337921 
327.325818 
327.313712 
327.301604 
327.289494 
327.277381 
327.265266 
327.253149 
327.241030 
327.228908 
327.216784 
327.204658 
327.192529 
327.180398 
327.168265 
327.156130 
327.143992 
327.131852 
327.119710 
327.107565 
327.095418 
327.083269 
327.071118 
327.058964 
327.046808 
327.034649 
327.022489 
327.010326 
326.998160 
326.985993 
326.973823 
326.961651 
326.949476 
326.937299 
326.925120 
326.912939 
326.900755 
326.888569 
326.876380 
326.864190 
326.851997 
326.839801 
326.827604 
326.815404 
326.803201 
326.790997 
326.778790 
326.766580 
326.754369 
326.742155 
326.729939 
326.717720 
326.705499 
326.693276 
326.681050 
326.668822 
326.656592 
326.644359 
326.632125 
326.619887 
326.607648 
326.595406 
326.583161 
326.570915 
326.558666 
326.546415 
326.534161 
326.521905 
326.509646 
326.497386 
326.485123 
326.472857 
326.460590 
326.448319 
326.436047 
326.423772 
326.411495 
326.399215 
326.386934 
326.374649 
326.362363 
326.350074 
326.337782 
326.325489 
326.313193 
326.300894 
326.288593 
326.276290 
326.263985 
326.251677 
326.239366 
326.227054 
326.214739 
326.202421 
326.190101 
326.177779 
326.165455 
326.153128 
326.140798 
326.128467 
326.116133 
326.103796 
326.091457 
326.079116 
326.066772 
326.054426 
326.042078 
326.029727 
326.017374 
326.005018 
325.992660 
325.980300 
325.967937 
325.955572 
325.943205 
325.930835 
325.918462 
325.906087 
325.893710 
325.881331 
325.868949 
325.856564 
325.844177 
325.831788 
325.819397 
325.807002 
325.794606 
325.782207 
325.769806 
325.757402 
325.744996 
325.732587 
325.720176 
325.707763 
325.695347 
325.682929 
325.670508 
325.658085 
325.645660 
325.633232 
325.620801 
325.608369 
325.595933 
325.583496 
325.571056 
325.558613 
325.546168 
325.533721 
325.521271 
325.508819 
325.496364 
325.483907 
325.471447 
325.458985 
325.446520 
325.434053 
325.421584 
325.409112 
325.396638 
325.384161 
325.371682 
325.359200 
325.346716 
325.334229 
325.321740 
325.309249 
325.296755 
325.284259 
325.271760 
325.259258 
325.246754 
325.234248 
325.221739 
325.209228 
325.196715 
325.184198 
325.171680 
325.159159 
325.146635 
325.134109 
325.121580 
325.109049 
325.096516 
325.083980 
325.071441 
325.058901 
325.046357 
325.033811 
325.021263 
325.008712 
324.996159 
324.983603 
324.971044 
324.958483 
324.945920 
324.933354 
324.920786 
324.908215 
324.895642 
324.883066 
324.870488 
324.857907 
324.845323 
324.832737 
324.820149 
324.807558 
324.794965 
324.782369 
324.769771 
324.757170 
324.744566 
324.731960 
324.719352 
324.706741 
324.694127 
324.681511 
324.668893 
324.656272 
324.643648 
324.631022 
324.618393 
324.605762 
324.593129 
324.580492 
324.567854 
324.555212 
324.542569 
324.529922 
324.517273 
324.504622 
324.491968 
324.479311 
324.466652 
324.453991 
324.441327 
324.428660 
324.415991 
324.403319 
324.390645 
324.377968 
324.365288 
324.352606 
324.339922 
324.327235 
324.314545 
324.301853 
324.289158 
324.276461 
324.263761 
324.251059 
324.238354 
324.225646 
324.212936 
324.200223 
324.187508 
324.174790 
324.162070 
324.149347 
324.136621 
324.123893 
324.111162 
324.098429 
324.085693 
324.072955 
324.060214 
324.047470 
324.034724 
324.021975 
324.009224 
323.996470 
323.983713 
323.970954 
323.958192 
323.945428 
323.932661 
323.919891 
323.907119 
323.894345 
323.881567 
323.868787 
323.856005 
323.843220 
323.830432 
323.817642 
323.804849 
323.792053 
323.779255 
323.766454 
323.753651 
323.740845 
323.728036 
323.715225 
323.702411 
323.689595 
323.676776 
323.663954 
323.651129 
323.638303 
323.625473 
323.612641 
323.599806 
323.586968 
323.574128 
323.561286 
323.548440 
323.535592 
323.522742 
323.509888 
323.497032 
323.484174 
323.471313 
323.458449 
323.445582 
323.432713 
323.419841 
323.406967 
323.394090 
323.381210 
323.368328 
323.355443 
323.342555 
323.329664 
323.316771 
323.303876 
323.290977 
323.278076 
323.265173 
323.252266 
323.239357 
323.226446 
323.213531 
323.200614 
323.187695 
323.174772 
323.161847 
323.148920 
323.135989 
323.123056 
323.110120 
323.097182 
323.084241 
323.071297 
323.058351 
323.045402 
323.032450 
323.019495 
323.006538 
322.993578 
322.980615 
322.967650 
322.954682 
322.941711 
322.928738 
322.915762 
322.902783 
322.889802 
322.876817 
322.863831 
322.850841 
322.837849 
322.824854 
322.811856 
322.798855 
322.785852 
322.772846 
322.759838 
322.746826 
322.733812 
322.720795 
322.707776 
322.694754 
322.681729 
322.668701 
322.655671 
322.642638 
322.629602 
322.616563 
322.603522 
322.590478 
322.577431 
322.564381 
322.551329 
322.538274 
322.525216 
322.512156 
322.499093 
322.486027 
322.472958 
322.459886 
322.446812 
322.433735 
322.420655 
322.407573 
322.394488 
322.381400 
322.368309 
322.355215 
322.342119 
322.329020 
322.315918 
322.302813 
322.289706 
322.276596 
322.263483 
322.250367 
322.237249 
322.224128 
322.211004 
322.197877 
322.184747 
322.171615 
322.158480 
322.145342 
322.132201 
322.119058 
322.105912 
322.092763 
322.079611 
322.066456 
322.053299 
322.040138 
322.026975 
322.013809 
322.000641 
321.987469 
321.974295 
321.961118 
321.947938 
321.934756 
321.921570 
321.908382 
321.895191 
321.881997 
321.868800 
321.855601 
321.842398 
321.829193 
321.815985 
321.802774 
321.789561 
321.776344 
321.763125 
321.749903 
321.736678 
321.723450 
321.710220 
321.696986 
321.683750 
321.670511 
321.657269 
321.644024 
321.630777 
321.617526 
321.604273 
321.591017 
321.577758 
321.564496 
321.551231 
321.537964 
321.524693 
321.511420 
321.498144 
321.484865 
321.471583 
321.458298 
321.445011 
321.431720 
321.418427 
321.405131 
321.391832 
321.378530 
321.365225 
321.351918 
321.338607 
321.325294 
321.311977 
321.298658 
321.285336 
321.272011 
321.258684 
321.245353 
321.232019 
321.218683 
321.205344 
321.192001 
321.178656 
321.165308 
321.151957 
321.138604 
321.125247 
321.111887 
321.098525 
321.085159 
321.071791 
321.058420 
321.045046 
321.031669 
321.018289 
321.004906 
320.991520 
320.978131 
320.964740 
320.951345 
320.937948 
320.924547 
320.911144 
320.897738 
320.884329 
320.870917 
320.857502 
320.844084 
320.830663 
320.817239 
320.803812 
320.790383 
320.776950 
320.763514 
320.750076 
320.736634 
320.723190 
320.709743 
320.696292 
320.682839 
320.669383 
320.655924 
320.642462 
320.628997 
320.615529 
320.602058 
320.588584 
320.575107 
320.561627 
320.548144 
320.534658 
320.521170 
320.507678 
320.494183 
320.480685 
320.467185 
320.453681 
320.440174 
320.426665 
320.413152 
320.399637 
320.386118 
320.372597 
320.359072 
320.345545 
320.332014 
320.318480 
320.304944 
320.291404 
320.277862 
320.264316 
320.250768 
320.237216 
320.223662 
320.210104 
320.196544 
320.182980 
320.169414 
320.155844 
320.142272 
320.128696 
320.115117 
320.101536 
320.087951 
320.074364 
320.060773 
320.047179 
320.033582 
320.019983 
320.006380 
319.992774 
319.979165 
319.965553 
319.951938 
319.938320 
319.924699 
319.911075 
319.897448 
319.883818 
319.870184 
319.856548 
319.842909 
319.829266 
319.815621 
319.801973 
319.788321 
319.774666 
319.761009 
319.747348 
319.733684 
319.720017 
319.706347 
319.692674 
319.678998 
319.665319 
319.651637 
319.637952 
319.624263 
319.610572 
319.596877 
319.583180 
319.569479 
319.555775 
319.542068 
319.528358 
319.514645 
319.500929 
319.487210 
319.473487 
319.459762 
319.446033 
319.432302 
319.418567 
319.404829 
319.391088 
319.377344 
319.363597 
319.349847 
319.336093 
319.322337 
319.308577 
319.294814 
319.281048 
319.267279 
319.253507 
319.239732 
319.225954 
319.212172 
319.198387 
319.184600 
319.170809 
319.157015 
319.143217 
319.129417 
319.115614 
319.101807 
319.087997 
319.074184 
319.060368 
319.046549 
319.032727 
319.018901 
319.005072 
318.991241 
318.977406 
318.963567 
318.949726 
318.935882 
318.922034 
318.908183 
318.894329 
318.880472 
318.866612 
318.852748 
318.838882 
318.825012 
318.811139 
318.797262 
318.783383 
318.769500 
318.755615 
318.741726 
318.727833 
318.713938 
318.700039 
318.686138 
318.672233 
318.658325 
318.644413 
318.630499 
318.616581 
318.602660 
318.588736 
318.574808 
318.560878 
318.546944 
318.533007 
318.519067 
318.505123 
318.491176 
318.477226 
318.463273 
318.449317 
318.435357 
318.421394 
318.407428 
318.393459 
318.379486 
318.365511 
318.351532 
318.337549 
318.323564 
318.309575 
318.295583 
318.281588 
318.267589 
318.253587 
318.239582 
318.225574 
318.211563 
318.197548 
318.183530 
318.169508 
318.155484 
318.141456 
318.127425 
318.113390 
318.099353 
318.085312 
318.071267 
318.057220 
318.043169 
318.029115 
318.015058 
318.000997 
317.986933 
317.972866 
317.958795 
317.944722 
317.930644 
317.916564 
317.902480 
317.888393 
317.874303 
317.860209 
317.846112 
317.832012 
317.817909 
317.803802 
317.789692 
317.775578 
317.761461 
317.747341 
317.733218 
317.719091 
317.704961 
317.690827 
317.676690 
317.662550 
317.648407 
317.634260 
317.620110 
317.605956 
317.591800 
317.577640 
317.563476 
317.549309 
317.535139 
317.520965 
317.506789 
317.492608 
317.478425 
317.464238 
317.450047 
317.435854 
317.421657 
317.407456 
317.393252 
317.379045 
317.364835 
317.350621 
317.336403 
317.322183 
317.307959 
317.293731 
317.279500 
317.265266 
317.251029 
317.236788 
317.222543 
317.208295 
317.194044 
317.179790 
317.165532 
317.151270 
317.137005 
317.122737 
317.108466 
317.094191 
317.079912 
317.065630 
317.051345 
317.037056 
317.022764 
317.008469 
316.994170 
316.979868 
316.965562 
316.951252 
316.936940 
316.922624 
316.908304 
316.893981 
316.879655 
316.865325 
316.850992 
316.836655 
316.822315 
316.807971 
316.793624 
316.779273 
316.764919 
316.750562 
316.736201 
316.721836 
316.707469 
316.693097 
316.678722 
316.664344 
316.649962 
316.635577 
316.621188 
316.606796 
316.592401 
316.578001 
316.563599 
316.549193 
316.534783 
316.520370 
316.505953 
316.491533 
316.477110 
316.462683 
316.448252 
316.433818 
316.419380 
316.404939 
316.390495 
316.376046 
316.361595 
316.347140 
316.332681 
316.318219 
316.303753 
316.289284 
316.274811 
316.260335 
316.245855 
316.231371 
316.216884 
316.202394 
316.187900 
316.173402 
316.158901 
316.144397 
316.129889 
316.115377 
316.100861 
316.086343 
316.071820 
316.057294 
316.042765 
316.028232 
316.013695 
315.999155 
315.984611 
315.970064 
315.955513 
315.940958 
315.926400 
315.911839 
315.897273 
315.882704 
315.868132 
315.853556 
315.838976 
315.824393 
315.809806 
315.795216 
315.780622 
315.766025 
315.751423 
315.736819 
315.722210 
315.707598 
315.692982 
315.678363 
315.663740 
315.649114 
315.634484 
315.619850 
315.605213 
315.590572 
315.575927 
315.561279 
315.546627 
315.531971 
315.517312 
315.502650 
315.487983 
315.473313 
315.458639 
315.443962 
315.429281 
315.414596 
315.399908 
315.385216 
315.370520 
315.355821 
315.341118 
315.326411 
315.311701 
315.296987 
315.282269 
315.267548 
315.252823 
315.238094 
315.223362 
315.208625 
315.193886 
315.179142 
315.164395 
315.149644 
315.134890 
315.120131 
315.105369 
315.090604 
315.075834 
315.061061 
315.046285 
315.031504 
315.016720 
315.001932 
314.987140 
314.972345 
314.957546 
314.942743 
314.927936 
314.913126 
314.898312 
314.883494 
314.868673 
314.853848 
314.839019 
314.824186 
314.809349 
314.794509 
314.779665 
314.764817 
314.749966 
314.735111 
314.720252 
314.705389 
314.690522 
314.675652 
314.660778 
314.645900 
314.631019 
314.616133 
314.601244 
314.586351 
314.571454 
314.556554 
314.541649 
314.526741 
314.511829 
314.496914 
314.481994 
314.467071 
314.452144 
314.437213 
314.422278 
314.407340 
314.392397 
314.377451 
314.362501 
314.347547 
314.332590 
314.317628 
314.302663 
314.287694 
314.272721 
314.257744 
314.242764 
314.227779 
314.212791 
314.197799 
314.182803 
314.167803 
314.152799 
314.137792 
314.122780 
314.107765 
314.092746 
314.077723 
314.062696 
314.047665 
314.032631 
314.017592 
314.002550 
313.987504 
313.972454 
313.957400 
313.942342 
313.927280 
313.912215 
313.897145 
313.882072 
313.866994 
313.851913 
313.836828 
313.821739 
313.806646 
313.791549 
313.776448 
313.761344 
313.746235 
313.731123 
313.716006 
313.700886 
313.685762 
313.670633 
313.655501 
313.640365 
313.625225 
313.610081 
313.594933 
313.579782 
313.564626 
313.549466 
313.534302 
313.519135 
313.503963 
313.488788 
313.473608 
313.458425 
313.443237 
313.428046 
313.412850 
313.397651 
313.382448 
313.367240 
313.352029 
313.336814 
313.321594 
313.306371 
313.291144 
313.275913 
313.260677 
313.245438 
313.230195 
313.214948 
313.199696 
313.184441 
313.169182 
313.153918 
313.138651 
313.123380 
313.108104 
313.092825 
313.077542 
313.062254 
313.046963 
313.031667 
313.016368 
313.001064 
312.985756 
312.970445 
312.955129 
312.939809 
312.924485 
312.909157 
312.893825 
312.878489 
312.863149 
312.847805 
312.832457 
312.817105 
312.801748 
312.786388 
312.771023 
312.755655 
312.740282 
312.724905 
312.709524 
312.694139 
312.678750 
312.663357 
312.647960 
312.632558 
312.617153 
312.601743 
312.586329 
312.570912 
312.555490 
312.540064 
312.524633 
312.509199 
312.493761 
312.478318 
312.462871 
312.447421 
312.431966 
312.416506 
312.401043 
312.385576 
312.370104 
312.354629 
312.339149 
312.323665 
312.308176 
312.292684 
312.277188 
312.261687 
312.246182 
312.230673 
312.215160 
312.199642 
312.184121 
312.168595 
312.153065 
312.137531 
312.121993 
312.106450 
312.090903 
312.075352 
312.059797 
312.044238 
312.028674 
312.013107 
311.997535 
311.981958 
311.966378 
311.950793 
311.935204 
311.919611 
311.904014 
311.888412 
311.872807 
311.857196 
311.841582 
311.825964 
311.810341 
311.794714 
311.779082 
311.763447 
311.747807 
311.732163 
311.716515 
311.700862 
311.685205 
311.669544 
311.653879 
311.638209 
311.622535 
311.606856 
311.591174 
311.575487 
311.559796 
311.544100 
311.528401 
311.512697 
311.496988 
311.481275 
311.465558 
311.449837 
311.434112 
311.418382 
311.402647 
311.386909 
311.371166 
311.355419 
311.339667 
311.323911 
311.308151 
311.292386 
311.276617 
311.260844 
311.245066 
311.229284 
311.213498 
311.197707 
311.181912 
311.166112 
311.150309 
311.134500 
311.118688 
311.102871 
311.087049 
311.071224 
311.055394 
311.039559 
311.023720 
311.007877 
310.992029 
310.976177 
310.960320 
310.944460 
310.928594 
310.912724 
310.896850 
310.880972 
310.865089 
310.849201 
310.833309 
310.817413 
310.801512 
310.785607 
310.769698 
310.753783 
310.737865 
310.721942 
310.706015 
310.690083 
310.674146 
310.658206 
310.642260 
310.626311 
310.610356 
310.594398 
310.578435 
310.562467 
310.546495 
310.530518 
310.514537 
310.498552 
310.482561 
310.466567 
310.450568 
310.434564 
310.418556 
310.402544 
310.386526 
310.370505 
310.354479 
310.338448 
310.322413 
310.306373 
310.290329 
310.274280 
310.258226 
310.242169 
310.226106 
310.210039 
310.193968 
310.177892 
310.161811 
310.145726 
310.129636 
310.113542 
310.097443 
310.081339 
310.065231 
310.049118 
310.033001 
310.016879 
310.000753 
309.984622 
309.968486 
309.952346 
309.936201 
309.920052 
309.903898 
309.887739 
309.871576 
309.855408 
309.839236 
309.823059 
309.806877 
309.790690 
309.774499 
309.758304 
309.742104 
309.725899 
309.709689 
309.693475 
309.677256 
309.661032 
309.644804 
309.628571 
309.612334 
309.596092 
309.579845 
309.563593 
309.547337 
309.531076 
309.514810 
309.498540 
309.482265 
309.465986 
309.449701 
309.433412 
309.417118 
309.400820 
309.384517 
309.368209 
309.351896 
309.335579 
309.319257 
309.302930 
309.286598 
309.270262 
309.253921 
309.237575 
309.221225 
309.204869 
309.188509 
309.172145 
309.155775 
309.139401 
309.123022 
309.106638 
309.090249 
309.073856 
309.057458 
309.041055 
309.024647 
309.008234 
308.991817 
308.975395 
308.958968 
308.942536 
308.926100 
308.909659 
308.893212 
308.876761 
308.860306 
308.843845 
308.827380 
308.810909 
308.794434 
308.777954 
308.761470 
308.744980 
308.728485 
308.711986 
308.695482 
308.678973 
308.662459 
308.645940 
308.629417 
308.612888 
308.596355 
308.579817 
308.563273 
308.546725 
308.530172 
308.513615 
308.497052 
308.480484 
308.463912 
308.447334 
308.430752 
308.414165 
308.397573 
308.380976 
308.364374 
308.347767 
308.331155 
308.314538 
308.297916 
308.281289 
308.264658 
308.248021 
308.231380 
308.214733 
308.198082 
308.181425 
308.164764 
308.148098 
308.131426 
308.114750 
308.098069 
308.081382 
308.064691 
308.047995 
308.031294 
308.014587 
307.997876 
307.981160 
307.964439 
307.947712 
307.930981 
307.914245 
307.897503 
307.880757 
307.864005 
307.847249 
307.830487 
307.813721 
307.796949 
307.780173 
307.763391 
307.746604 
307.729812 
307.713015 
307.696214 
307.679406 
307.662594 
307.645777 
307.628955 
307.612128 
307.595295 
307.578458 
307.561615 
307.544767 
307.527914 
307.511056 
307.494193 
307.477325 
307.460452 
307.443573 
307.426690 
307.409801 
307.392907 
307.376008 
307.359104 
307.342195 
307.325280 
307.308361 
307.291436 
307.274506 
307.257571 
307.240631 
307.223685 
307.206735 
307.189779 
307.172818 
307.155852 
307.138880 
307.121904 
307.104922 
307.087935 
307.070943 
307.053945 
307.036943 
307.019935 
307.002922 
306.985903 
306.968880 
306.951851 
306.934817 
306.917778 
306.900733 
306.883684 
306.866629 
306.849568 
306.832503 
306.815432 
306.798356 
306.781275 
306.764188 
306.747096 
306.729999 
306.712896 
306.695788 
306.678675 
306.661557 
306.644433 
306.627304 
306.610170 
306.593030 
306.575885 
306.558735 
306.541579 
306.524418 
306.507252 
306.490080 
306.472903 
306.455721 
306.438533 
306.421340 
306.404142 
306.386938 
306.369729 
306.352514 
306.335294 
306.318069 
306.300838 
306.283602 
306.266361 
306.249114 
306.231861 
306.214604 
306.197341 
306.180072 
306.162798 
306.145519 
306.128234 
306.110944 
306.093648 
306.076347 
306.059040 
306.041728 
306.024411 
306.007088 
305.989759 
305.972425 
305.955086 
305.937741 
305.920391 
305.903035 
305.885674 
305.868307 
305.850935 
305.833557 
305.816174 
305.798785 
305.781391 
305.763991 
305.746585 
305.729175 
305.711758 
305.694336 
305.676909 
305.659476 
305.642037 
305.624593 
305.607143 
305.589688 
305.572227 
305.554761 
305.537289 
305.519812 
305.502328 
305.484840 
305.467346 
305.449846 
305.432340 
305.414829 
305.397312 
305.379790 
305.362262 
305.344729 
305.327190 
305.309645 
305.292094 
305.274538 
305.256977 
305.239409 
305.221836 
305.204258 
305.186673 
305.169083 
305.151488 
305.133886 
305.116279 
305.098667 
305.081048 
305.063424 
305.045795 
305.028159 
305.010518 
304.992871 
304.975219 
304.957560 
304.939896 
304.922227 
304.904551 
304.886870 
304.869183 
304.851490 
304.833792 
304.816088 
304.798378 
304.780662 
304.762941 
304.745213 
304.727480 
304.709741 
304.691997 
304.674246 
304.656490 
304.638728 
304.620961 
304.603187 
304.585408 
304.567622 
304.549831 
304.532034 
304.514232 
304.496423 
304.478609 
304.460789 
304.442963 
304.425131 
304.407293 
304.389449 
304.371600 
304.353744 
304.335883 
304.318016 
304.300143 
304.282264 
304.264379 
304.246488 
304.228592 
304.210689 
304.192781 
304.174866 
304.156946 
304.139020 
304.121088 
304.103149 
304.085205 
304.067255 
304.049299 
304.031338 
304.013370 
303.995396 
303.977416 
303.959430 
303.941438 
303.923441 
303.905437 
303.887427 
303.869411 
303.851390 
303.833362 
303.815328 
303.797288 
303.779242 
303.761191 
303.743133 
303.725069 
303.706999 
303.688923 
303.670841 
303.652752 
303.634658 
303.616558 
303.598452 
303.580339 
303.562221 
303.544096 
303.525965 
303.507829 
303.489686 
303.471537 
303.453381 
303.435220 
303.417053 
303.398879 
303.380700 
303.362514 
303.344322 
303.326124 
303.307920 
303.289709 
303.271493 
303.253270 
303.235041 
303.216806 
303.198565 
303.180317 
303.162064 
303.143804 
303.125538 
303.107266 
303.088987 
303.070703 
303.052412 
303.034115 
303.015811 
302.997502 
302.979186 
302.960864 
302.942535 
302.924201 
302.905860 
302.887513 
302.869159 
302.850799 
302.832433 
302.814061 
302.795682 
302.777298 
302.758906 
302.740509 
302.722105 
302.703695 
302.685278 
302.666856 
302.648426 
302.629991 
302.611549 
302.593101 
302.574646 
302.556185 
302.537718 
302.519244 
302.500764 
302.482278 
302.463785 
302.445286 
302.426780 
302.408268 
302.389750 
302.371225 
302.352693 
302.334156 
302.315611 
302.297061 
302.278504 
302.259940 
302.241370 
302.222794 
302.204211 
302.185622 
302.167026 
302.148423 
302.129815 
302.111199 
302.092578 
302.073949 
302.055314 
302.036673 
302.018025 
301.999371 
301.980710 
301.962042 
301.943368 
301.924688 
301.906001 
301.887307 
301.868607 
301.849900 
301.831187 
301.812467 
301.793740 
301.775007 
301.756267 
301.737521 
301.718768 
301.700008 
301.681242 
301.662469 
301.643690 
301.624904 
301.606111 
301.587311 
301.568505 
301.549693 
301.530873 
301.512047 
301.493214 
301.474375 
301.455529 
301.436676 
301.417817 
301.398950 
301.380077 
301.361198 
301.342311 
301.323418 
301.304519 
301.285612 
301.266699 
301.247778 
301.228852 
301.209918 
301.190978 
301.172030 
301.153077 
301.134116 
301.115148 
301.096174 
301.077193 
301.058205 
301.039210 
301.020209 
301.001200 
300.982185 
300.963163 
300.944134 
300.925098 
300.906055 
300.887006 
300.867949 
300.848886 
300.829816 
300.810739 
300.791655 
300.772564 
300.753467 
300.734362 
300.715250 
300.696132 
300.677006 
300.657874 
300.638735 
300.619588 
300.600435 
300.581275 
300.562108 
300.542934 
300.523753 
300.504564 
300.485369 
300.466167 
300.446958 
300.427742 
300.408519 
300.389289 
300.370052 
300.350808 
300.331556 
300.312298 
300.293033 
300.273760 
300.254481 
300.235194 
300.215901 
300.196600 
300.177292 
300.157977 
300.138655 
300.119326 
300.099990 
300.080646 
300.061296 
300.041938 
300.022574 
300.003202 
299.983823 
299.964436 
299.945043 
299.925642 
299.906235 
299.886820 
299.867398 
299.847968 
299.828532 
299.809088 
299.789637 
299.770179 
299.750713 
299.731241 
299.711761 
299.692274 
299.672779 
299.653278 
299.633769 
299.614252 
299.594729 
299.575198 
299.555660 
299.536115 
299.516562 
299.497002 
299.477434 
299.457860 
299.438278 
299.418688 
299.399092 
299.379488 
299.359876 
299.340257 
299.320631 
299.300998 
299.281357 
299.261708 
299.242053 
299.222389 
299.202719 
299.183041 
299.163355 
299.143663 
299.123962 
299.104255 
299.084539 
299.064817 
299.045087 
299.025349 
299.005604 
298.985851 
298.966091 
298.946324 
298.926548 
298.906766 
298.886976 
298.867178 
298.847373 
298.827560 
298.807740 
298.787912 
298.768076 
298.748233 
298.728383 
298.708524 
298.688659 
298.668785 
298.648904 
298.629016 
298.609119 
298.589215 
298.569304 
298.549385 
298.529458 
298.509524 
298.489581 
298.469632 
298.449674 
298.429709 
298.409736 
298.389756 
298.369767 
298.349771 
298.329768 
298.309756 
298.289737 
298.269710 
298.249676 
298.229633 
298.209583 
298.189525 
298.169459 
298.149386 
298.129304 
298.109215 
298.089118 
298.069014 
298.048901 
298.028781 
298.008652 
297.988516 
297.968372 
297.948221 
297.928061 
297.907894 
297.887718 
297.867535 
297.847344 
297.827144 
297.806937 
297.786723 
297.766500 
297.746269 
297.726030 
297.705783 
297.685529 
297.665266 
297.644996 
297.624717 
297.604431 
297.584136 
297.563833 
297.543523 
297.523204 
297.502878 
297.482543 
297.462200 
297.441850 
297.421491 
297.401124 
297.380749 
297.360366 
297.339975 
297.319576 
297.299169 
297.278753 
297.258330 
297.237898 
297.217459 
297.197011 
297.176555 
297.156091 
297.135618 
297.115138 
297.094649 
297.074152 
297.053647 
297.033134 
297.012612 
296.992083 
296.971545 
296.950998 
296.930444 
296.909881 
296.889310 
296.868731 
296.848144 
296.827548 
296.806944 
296.786332 
296.765711 
296.745082 
296.724445 
296.703799 
296.683145 
296.662483 
296.641812 
296.621133 
296.600446 
296.579750 
296.559046 
296.538333 
296.517613 
296.496883 
296.476145 
296.455399 
296.434645 
296.413881 
296.393110 
296.372330 
296.351541 
296.330745 
296.309939 
296.289125 
296.268303 
296.247472 
296.226632 
296.205784 
296.184928 
296.164063 
296.143189 
296.122307 
296.101416 
296.080517 
296.059609 
296.038693 
296.017767 
295.996834 
295.975891 
295.954940 
295.933981 
295.913013 
295.892036 
295.871050 
295.850056 
295.829053 
295.808041 
295.787021 
295.765992 
295.744954 
295.723908 
295.702853 
295.681789 
295.660716 
295.639635 
295.618544 
295.597445 
295.576338 
295.555221 
295.534096 
295.512962 
295.491819 
295.470667 
295.449506 
295.428337 
295.407158 
295.385971 
295.364775 
295.343570 
295.322356 
295.301133 
295.279902 
295.258661 
295.237412 
295.216153 
295.194886 
295.173609 
295.152324 
295.131030 
295.109727 
295.088414 
295.067093 
295.045763 
295.024423 
295.003075 
294.981718 
294.960351 
294.938976 
294.917592 
294.896198 
294.874795 
294.853384 
294.831963 
294.810533 
294.789094 
294.767645 
294.746188 
294.724722 
294.703246 
294.681761 
294.660267 
294.638764 
294.617252 
294.595730 
294.574199 
294.552659 
294.531110 
294.509552 
294.487984 
294.466407 
294.444821 
294.423225 
294.401620 
294.380006 
294.358383 
294.336750 
294.315108 
294.293457 
294.271796 
294.250126 
294.228446 
294.206758 
294.185059 
294.163352 
294.141635 
294.119908 
294.098172 
294.076427 
294.054672 
294.032908 
294.011135 
293.989351 
293.967559 
293.945757 
293.923945 
293.902124 
293.880293 
293.858453 
293.836604 
293.814744 
293.792875 
293.770997 
293.749109 
293.727212 
293.705304 
293.683388 
293.661461 
293.639525 
293.617579 
293.595624 
293.573659 
293.551684 
293.529700 
293.507706 
293.485702 
293.463689 
293.441666 
293.419633 
293.397590 
293.375538 
293.353475 
293.331403 
293.309322 
293.287230 
293.265129 
293.243017 
293.220896 
293.198766 
293.176625 
293.154474 
293.132314 
293.110144 
293.087963 
293.065773 
293.043573 
293.021363 
292.999143 
292.976914 
292.954674 
292.932424 
292.910164 
292.887895 
292.865615 
292.843325 
292.821026 
292.798716 
292.776396 
292.754066 
292.731726 
292.709376 
292.687016 
292.664646 
292.642266 
292.619875 
292.597475 
292.575064 
292.552643 
292.530213 
292.507771 
292.485320 
292.462859 
292.440387 
292.417905 
292.395413 
292.372910 
292.350398 
292.327875 
292.305342 
292.282798 
292.260244 
292.237680 
292.215106 
292.192521 
292.169926 
292.147321 
292.124705 
292.102079 
292.079442 
292.056795 
292.034138 
292.011470 
291.988792 
291.966104 
291.943405 
291.920695 
291.897975 
291.875244 
291.852503 
291.829752 
291.806990 
291.784217 
291.761434 
291.738641 
291.715836 
291.693022 
291.670196 
291.647360 
291.624513 
291.601656 
291.578788 
291.555910 
291.533021 
291.510121 
291.487210 
291.464289 
291.441357 
291.418414 
291.395461 
291.372496 
291.349521 
291.326536 
291.303539 
291.280532 
291.257514 
291.234485 
291.211445 
291.188394 
291.165333 
291.142261 
291.119177 
291.096083 
291.072978 
291.049862 
291.026735 
291.003598 
290.980449 
290.957289 
290.934118 
290.910937 
290.887744 
290.864540 
290.841325 
290.818100 
290.794863 
290.771615 
290.748356 
290.725086 
290.701804 
290.678512 
290.655209 
290.631894 
290.608568 
290.585231 
290.561883 
290.538524 
290.515154 
290.491772 
290.468379 
290.444975 
290.421559 
290.398132 
290.374694 
290.351245 
290.327784 
290.304313 
290.280829 
290.257335 
290.233829 
290.210311 
290.186782 
290.163242 
290.139691 
290.116128 
290.092553 
290.068967 
290.045370 
290.021761 
289.998141 
289.974509 
289.950865 
289.927211 
289.903544 
289.879866 
289.856176 
289.832475 
289.808762 
289.785038 
289.761302 
289.737554 
289.713795 
289.690024 
289.666241 
289.642447 
289.618641 
289.594823 
289.570993 
289.547152 
289.523299 
289.499434 
289.475557 
289.451669 
289.427768 
289.403856 
289.379932 
289.355996 
289.332049 
289.308089 
289.284117 
289.260134 
289.236139 
289.212131 
289.188112 
289.164081 
289.140037 
289.115982 
289.091915 
289.067835 
289.043744 
289.019641 
288.995525 
288.971397 
288.947258 
288.923106 
288.898942 
288.874766 
288.850577 
288.826377 
288.802164 
288.777939 
288.753702 
288.729453 
288.705191 
288.680917 
288.656631 
288.632333 
288.608022 
288.583699 
288.559363 
288.535016 
288.510655 
288.486283 
288.461898 
288.437500 
288.413091 
288.388668 
288.364234 
288.339786 
288.315327 
288.290855 
288.266370 
288.241873 
288.217363 
288.192840 
288.168305 
288.143758 
288.119198 
288.094625 
288.070039 
288.045441 
288.020830 
287.996207 
287.971571 
287.946922 
287.922260 
287.897586 
287.872898 
287.848198 
287.823486 
287.798760 
287.774022 
287.749270 
287.724506 
287.699729 
287.674939 
287.650136 
287.625320 
287.600492 
287.575650 
287.550795 
287.525928 
287.501047 
287.476153 
287.451246 
287.426327 
287.401394 
287.376448 
287.351489 
287.326516 
287.301531 
287.276532 
287.251521 
287.226496 
287.201458 
287.176406 
287.151342 
287.126264 
287.101173 
287.076069 
287.050951 
287.025820 
287.000675 
286.975518 
286.950347 
286.925162 
286.899964 
286.874753 
286.849528 
286.824290 
286.799038 
286.773773 
286.748494 
286.723202 
286.697896 
286.672577 
286.647244 
286.621897 
286.596537 
286.571163 
286.545776 
286.520375 
286.494960 
286.469531 
286.444089 
286.418633 
286.393164 
286.367680 
286.342183 
286.316672 
286.291147 
286.265608 
286.240055 
286.214489 
286.188908 
286.163314 
286.137706 
286.112084 
286.086447 
286.060797 
286.035133 
286.009455 
285.983763 
285.958056 
285.932336 
285.906601 
285.880853 
285.855090 
285.829313 
285.803522 
285.777717 
285.751897 
285.726064 
285.700216 
285.674353 
285.648477 
285.622586 
285.596681 
285.570761 
285.544828 
285.518879 
285.492917 
285.466940 
285.440948 
285.414942 
285.388922 
285.362887 
285.336838 
285.310774 
285.284695 
285.258602 
285.232495 
285.206372 
285.180235 
285.154084 
285.127918 
285.101737 
285.075541 
285.049331 
285.023106 
284.996866 
284.970611 
284.944342 
284.918058 
284.891759 
284.865445 
284.839116 
284.812772 
284.786413 
284.760040 
284.733651 
284.707248 
284.680829 
284.654395 
284.627947 
284.601483 
284.575004 
284.548510 
284.522001 
284.495477 
284.468938 
284.442383 
284.415813 
284.389228 
284.362628 
284.336013 
284.309382 
284.282736 
284.256074 
284.229397 
284.202705 
284.175998 
284.149275 
284.122536 
284.095782 
284.069013 
284.042228 
284.015428 
283.988612 
283.961780 
283.934933 
283.908070 
283.881192 
283.854298 
283.827388 
283.800463 
283.773521 
283.746565 
283.719592 
283.692603 
283.665599 
283.638579 
283.611543 
283.584491 
283.557424 
283.530340 
283.503241 
283.476125 
283.448994 
283.421846 
283.394683 
283.367503 
283.340307 
283.313096 
283.285868 
283.258624 
283.231363 
283.204087 
283.176795 
283.149486 
283.122161 
283.094819 
283.067462 
283.040088 
283.012697 
282.985291 
282.957867 
282.930428 
282.902972 
282.875500 
282.848011 
282.820505 
282.792983 
282.765445 
282.737890 
282.710318 
282.682729 
282.655124 
282.627503 
282.599864 
282.572209 
282.544537 
282.516849 
282.489143 
282.461421 
282.433682 
282.405926 
282.378153 
282.350363 
282.322556 
282.294733 
282.266892 
282.239034 
282.211160 
282.183268 
282.155359 
282.127433 
282.099490 
282.071529 
282.043552 
282.015557 
281.987545 
281.959516 
281.931469 
281.903405 
281.875324 
281.847225 
281.819109 
281.790976 
281.762825 
281.734657 
281.706471 
281.678267 
281.650046 
281.621808 
281.593552 
281.565278 
281.536987 
281.508678 
281.480351 
281.452006 
281.423644 
281.395264 
281.366866 
281.338451 
281.310017 
281.281566 
281.253096 
281.224609 
281.196104 
281.167580 
281.139039 
281.110480 
281.081902 
281.053307 
281.024693 
280.996061 
280.967411 
280.938743 
280.910057 
280.881352 
280.852629 
280.823888 
280.795128 
280.766350 
280.737553 
280.708738 
280.679905 
280.651053 
280.622183 
280.593294 
280.564386 
280.535460 
280.506515 
280.477552 
280.448570 
280.419569 
280.390549 
280.361511 
280.332453 
280.303377 
280.274283 
280.245169 
280.216036 
280.186884 
280.157714 
280.128524 
280.099315 
280.070088 
280.040841 
280.011575 
279.982290 
279.952985 
279.923662 
279.894319 
279.864957 
279.835576 
279.806175 
279.776755 
279.747315 
279.717857 
279.688378 
279.658880 
279.629363 
279.599826 
279.570270 
279.540694 
279.511098 
279.481482 
279.451847 
279.422193 
279.392518 
279.362824 
279.333109 
279.303375 
279.273621 
279.243847 
279.214054 
279.184240 
279.154406 
279.124552 
279.094678 
279.064784 
279.034870 
279.004935 
278.974981 
278.945006 
278.915011 
278.884995 
278.854959 
278.824903 
278.794827 
278.764730 
278.734612 
278.704474 
278.674316 
278.644137 
278.613937 
278.583717 
278.553476 
278.523214 
278.492932 
278.462628 
278.432304 
278.401960 
278.371594 
278.341207 
278.310800 
278.280371 
278.249922 
278.219451 
278.188960 
278.158447 
278.127913 
278.097358 
278.066782 
278.036184 
278.005565 
277.974925 
277.944264 
277.913581 
277.882877 
277.852151 
277.821404 
277.790635 
277.759844 
277.729033 
277.698199 
277.667344 
277.636467 
277.605568 
277.574648 
277.543705 
277.512741 
277.481755 
277.450747 
277.419717 
277.388665 
277.357591 
277.326495 
277.295377 
277.264236 
277.233074 
277.201889 
277.170682 
277.139453 
277.108201 
277.076927 
277.045631 
277.014312 
276.982971 
276.951607 
276.920220 
276.888811 
276.857379 
276.825925 
276.794448 
276.762948 
276.731425 
276.699880 
276.668312 
276.636720 
276.605106 
276.573469 
276.541809 
276.510125 
276.478419 
276.446689 
276.414936 
276.383160 
276.351361 
276.319538 
276.287692 
276.255823 
276.223930 
276.192014 
276.160074 
276.128111 
276.096124 
276.064113 
276.032079 
276.000021 
275.967940 
275.935834 
275.903705 
275.871551 
275.839374 
275.807173 
275.774948 
275.742699 
275.710425 
275.678128 
275.645806 
275.613460 
275.581090 
275.548696 
275.516277 
275.483834 
275.451366 
275.418874 
275.386357 
275.353816 
275.321250 
275.288659 
275.256044 
275.223404 
275.190739 
275.158050 
275.125335 
275.092596 
275.059832 
275.027042 
274.994228 
274.961388 
274.928523 
274.895633 
274.862718 
274.829778 
274.796812 
274.763821 
274.730804 
274.697762 
274.664695 
274.631602 
274.598483 
274.565338 
274.532168 
274.498972 
274.465751 
274.432503 
274.399230 
274.365930 
274.332605 
274.299254 
274.265876 
274.232472 
274.199043 
274.165587 
274.132104 
274.098596 
274.065061 
274.031499 
273.997911 
273.964297 
273.930656 
273.896988 
273.863294 
273.829573 
273.795825 
273.762050 
273.728249 
273.694420 
273.660565 
273.626683 
273.592773 
273.558836 
273.524873 
273.490882 
273.456863 
273.422818 
273.388745 
273.354644 
273.320516 
273.286361 
273.252178 
273.217967 
273.183728 
273.149462 
273.115168 
273.080846 
273.046497 
273.012119 
272.977713 
272.943279 
272.908817 
272.874327 
272.839809 
272.805262 
272.770687 
272.736084 
272.701452 
272.666792 
272.632103 
272.597385 
272.562639 
272.527864 
272.493061 
272.458228 
272.423367 
272.388476 
272.353557 
272.318608 
272.283631 
272.248624 
272.213588 
272.178523 
272.143428 
272.108304 
272.073150 
272.037967 
272.002755 
271.967512 
271.932240 
271.896938 
271.861607 
271.826245 
271.790854 
271.755432 
271.719981 
271.684499 
271.648988 
271.613446 
271.577873 
271.542271 
271.506637 
271.470974 
271.435280 
271.399555 
271.363799 
271.328013 
271.292196 
271.256348 
271.220470 
271.184560 
271.148619 
271.112647 
271.076644 
271.040610 
271.004544 
270.968448 
270.932319 
270.896159 
270.859968 
270.823745 
270.787490 
270.751204 
270.714885 
270.678535 
270.642153 
270.605739 
270.569293 
270.532814 
270.496304 
270.459761 
270.423186 
270.386578 
270.349938 
270.313265 
270.276560 
270.239822 
270.203052 
270.166248 
270.129412 
270.092542 
270.055640 
270.018704 
269.981736 
269.944734 
269.907698 
269.870630 
269.833528 
269.796392 
269.759223 
269.722020 
269.684784 
269.647513 
269.610209 
269.572871 
269.535499 
269.498092 
269.460652 
269.423177 
269.385668 
269.348124 
269.310546 
269.272934 
269.235287 
269.197605 
269.159889 
269.122137 
269.084351 
269.046530 
269.008673 
268.970782 
268.932855 
268.894893 
268.856896 
268.818863 
268.780794 
268.742690 
268.704551 
268.666375 
268.628164 
268.589917 
268.551633 
268.513314 
268.474959 
268.436567 
268.398139 
268.359674 
268.321174 
268.282636 
268.244062 
268.205451 
268.166803 
268.128119 
268.089397 
268.050639 
268.011843 
267.973010 
267.934140 
267.895232 
267.856287 
267.817304 
267.778284 
267.739226 
267.700130 
267.660996 
267.621824 
267.582614 
267.543366 
267.504080 
267.464755 
267.425392 
267.385991 
267.346551 
267.307072 
267.267554 
267.227998 
267.188402 
267.148768 
267.109094 
267.069381 
267.029629 
266.989837 
266.950006 
266.910135 
266.870225 
266.830274 
266.790284 
266.750254 
266.710184 
266.670074 
266.629923 
266.589732 
266.549501 
266.509229 
266.468917 
266.428564 
266.388170 
266.347735 
266.307259 
266.266741 
266.226183 
266.185584 
266.144943 
266.104260 
266.063536 
266.022770 
265.981962 
265.941113 
265.900221 
265.859287 
265.818311 
265.777293 
265.736233 
265.695129 
265.653984 
265.612795 
265.571564 
265.530289 
265.488972 
265.447612 
265.406208 
265.364761 
265.323270 
265.281736 
265.240158 
265.198537 
265.156871 
265.115162 
265.073408 
265.031610 
264.989768 
264.947882 
264.905950 
264.863975 
264.821954 
264.779889 
264.737778 
264.695623 
264.653422 
264.611176 
264.568884 
264.526547 
264.484164 
264.441736 
264.399261 
264.356741 
264.314174 
264.271561 
264.228902 
264.186196 
264.143443 
264.100644 
264.057798 
264.014905 
263.971965 
263.928978 
263.885943 
263.842861 
263.799731 
263.756554 
263.713328 
263.670055 
263.626734 
263.583365 
263.539947 
263.496481 
263.452966 
263.409402 
263.365790 
263.322128 
263.278418 
263.234658 
263.190849 
263.146991 
263.103083 
263.059125 
263.015117 
262.971060 
262.926952 
262.882794 
262.838585 
262.794326 
262.750016 
262.705656 
262.661244 
262.616782 
262.572268 
262.527703 
262.483086 
262.438418 
262.393698 
262.348926 
262.304101 
262.259225 
262.214297 
262.169316 
262.124282 
262.079195 
262.034056 
261.988863 
261.943618 
261.898319 
261.852966 
261.807560 
261.762100 
261.716586 
261.671018 
261.625396 
261.579719 
261.533988 
261.488202 
261.442361 
261.396465 
261.350514 
261.304508 
261.258446 
261.212329 
261.166156 
261.119927 
261.073642 
261.027300 
260.980902 
260.934448 
260.887937 
260.841368 
260.794743 
260.748061 
260.701321 
260.654524 
260.607669 
260.560756 
260.513785 
260.466755 
260.419668 
260.372522 
260.325317 
260.278053 
260.230730 
260.183348 
260.135906 
260.088405 
260.040844 
259.993223 
259.945542 
259.897801 
259.849999 
259.802137 
259.754214 
259.706229 
259.658184 
259.610077 
259.561909 
259.513678 
259.465386 
259.417032 
259.368616 
259.320137 
259.271595 
259.222991 
259.174323 
259.125592 
259.076798 
259.027940 
258.979018 
258.930033 
258.880983 
258.831868 
258.782689 
258.733445 
258.684137 
258.634763 
258.585323 
258.535818 
258.486248 
258.436611 
258.386908 
258.337138 
258.287302 
258.237399 
258.187429 
258.137392 
258.087287 
258.037115 
257.986875 
257.936566 
257.886190 
257.835744 
257.785230 
257.734647 
257.683995 
257.633273 
257.582482 
257.531621 
257.480690 
257.429688 
257.378616 
257.327474 
257.276260 
257.224975 
257.173618 
257.122190 
257.070690 
257.019118 
256.967473 
256.915756 
256.863966 
256.812103 
256.760166 
256.708156 
256.656072 
256.603915 
256.551682 
256.499375 
256.446994 
256.394537 
256.342005 
256.289397 
256.236714 
256.183955 
256.131119 
256.078206 
256.025217 
255.972151 
255.919007 
255.865786 
255.812487 
255.759110 
255.705654 
255.652120 
255.598506 
255.544814 
255.491042 
255.437190 
255.383258 
255.329246 
255.275153 
255.220979 
255.166724 
255.112388 
255.057970 
255.003470 
254.948888 
254.894223 
254.839475 
254.784644 
254.729730 
254.674732 
254.619649 
254.564483 
254.509231 
254.453895 
254.398474 
254.342967 
254.287374 
254.231695 
254.175929 
254.120077 
254.064137 
254.008110 
253.951995 
253.895793 
253.839501 
253.783121 
253.726653 
253.670094 
253.613446 
253.556708 
253.499880 
253.442961 
253.385950 
253.328849 
253.271656 
253.214370 
253.156993 
253.099522 
253.041959 
252.984302 
252.926551 
252.868706 
252.810767 
252.752732 
252.694603 
252.636378 
252.578057 
252.519639 
252.461125 
252.402514 
252.343806 
252.284999 
252.226095 
252.167092 
252.107990 
252.048788 
251.989487 
251.930086 
251.870584 
251.810982 
251.751278 
251.691472 
251.631565 
251.571554 
251.511441 
251.451225 
251.390905 
251.330480 
251.269951 
251.209318 
251.148578 
251.087733 
251.026782 
250.965724 
250.904559 
250.843286 
250.781905 
250.720416 
250.658818 
250.597111 
250.535294 
250.473366 
250.411328 
250.349179 
250.286918 
250.224545 
250.162060 
250.099462 
250.036750 
249.973924 
249.910984 
249.847928 
249.784758 
249.721471 
249.658068 
249.594549 
249.530911 
249.467156 
249.403283 
249.339291 
249.275179 
249.210947 
249.146595 
249.082122 
249.017527 
248.952810 
248.887971 
248.823009 
248.757923 
248.692713 
248.627378 
248.561918 
248.496332 
248.430619 
248.364780 
248.298813 
248.232718 
248.166494 
248.100141 
248.033658 
247.967045 
247.900300 
247.833424 
247.766416 
247.699275 
247.632001 
247.564592 
247.497049 
247.429370 
247.361556 
247.293605 
247.225517 
247.157291 
247.088926 
247.020423 
246.951779 
246.882995 
246.814070 
246.745004 
246.675794 
246.606442 
246.536946 
246.467305 
246.397519 
246.327588 
246.257509 
246.187284 
246.116910 
246.046388 
245.975716 
245.904894 
245.833920 
245.762796 
245.691518 
245.620088 
245.548504 
245.476765 
245.404870 
245.332819 
245.260611 
245.188245 
245.115721 
245.043037 
244.970193 
244.897188 
244.824021 
244.750691 
244.677197 
244.603539 
244.529716 
244.455727 
244.381571 
244.307247 
244.232754 
244.158092 
244.083259 
244.008255 
243.933078 
243.857728 
243.782204 
243.706505 
243.630630 
243.554578 
243.478348 
243.401940 
243.325351 
243.248582 
243.171630 
243.094496 
243.017179 
242.939676 
242.861988 
242.784112 
242.706049 
242.627797 
242.549355 
242.470722 
242.391897 
242.312879 
242.233666 
242.154258 
242.074653 
241.994851 
241.914850 
241.834649 
241.754247 
241.673643 
241.592836 
241.511824 
241.430606 
241.349181 
241.267548 
241.185705 
241.103652 
241.021387 
240.938909 
240.856217 
240.773308 
240.690183 
240.606840 
240.523276 
240.439492 
240.355485 
240.271255 
240.186800 
240.102118 
240.017209 
239.932070 
239.846701 
239.761099 
239.675264 
239.589194 
239.502887 
239.416342 
239.329558 
239.242533 
239.155265 
239.067753 
238.979995 
238.891990 
238.803737 
238.715232 
238.626476 
238.537465 
238.448199 
238.358676 
238.268894 
238.178852 
238.088547 
237.997978 
237.907143 
237.816041 
237.724669 
237.633025 
237.541109 
237.448918 
237.356449 
237.263702 
237.170674 
237.077363 
236.983768 
236.889885 
236.795715 
236.701253 
236.606498 
236.511449 
236.416103 
236.320457 
236.224510 
236.128260 
236.031704 
235.934840 
235.837666 
235.740179 
235.642377 
235.544259 
235.445821 
235.347061 
235.247977 
235.148566 
235.048826 
234.948754 
234.848348 
234.747606 
234.646524 
234.545099 
234.443331 
234.341214 
234.238748 
234.135929 
234.032754 
233.929221 
233.825327 
233.721068 
233.616442 
233.511446 
233.406078 
233.300332 
233.194208 
233.087702 
232.980809 
232.873529 
232.765856 
232.657788 
232.549321 
232.440453 
232.331179 
232.221497 
232.111402 
232.000891 
231.889961 
231.778608 
231.666828 
231.554617 
231.441973 
231.328890 
231.215364 
231.101393 
230.986972 
230.872096 
230.756762 
230.640966 
230.524703 
230.407969 
230.290760 
230.173071 
230.054897 
229.936235 
229.817079 
229.697424 
229.577267 
229.456602 
229.335424 
229.213729 
229.091510 
228.968764 
228.845485 
228.721667 
228.597305 
228.472394 
228.346928 
228.220901 
228.094309 
227.967144 
227.839401 
227.711074 
227.582157 
227.452644 
227.322528 
227.191804 
227.060463 
226.928501 
226.795910 
226.662682 
226.528813 
226.394293 
226.259116 
226.123275 
225.986762 
225.849570 
225.711690 
225.573116 
225.433838 
225.293850 
225.153142 
225.011706 
224.869533 
224.726615 
224.582943 
224.438507 
224.293299 
224.147309 
224.000528 
223.852945 
223.704550 
223.555334 
223.405286 
223.254395 
223.102651 
222.950043 
222.796559 
222.642187 
222.486917 
222.330736 
222.173632 
222.015593 
221.856606 
221.696657 
221.535734 
221.373823 
221.210911 
221.046982 
220.882024 
220.716020 
220.548956 
220.380816 
220.211585 
220.041246 
219.869783 
219.697179 
219.523416 
219.348478 
219.172345 
218.994999 
218.816421 
218.636592 
218.455492 
218.273100 
218.089395 
217.904355 
217.717959 
217.530183 
217.341006 
217.150402 
216.958347 
216.764816 
216.569783 
216.373222 
216.175105 
215.975404 
215.774091 
215.571136 
215.366508 
215.160175 
214.952107 
214.742268 
214.530625 
214.317143 
214.101785 
213.884514 
213.665291 
213.444076 
213.220827 
212.995503 
212.768059 
212.538450 
212.306629 
212.072548 
211.836155 
211.597400 
211.356229 
211.112585 
210.866411 
210.617648 
210.366233 
210.112102 
209.855188 
209.595422 
209.332732 
209.067042 
208.798275 
208.526349 
208.251181 
207.972681 
207.690759 
207.405318 
207.116259 
206.823476 
206.526861 
206.226300 
205.921672 
205.612853 
205.299711 
204.982108 
204.659900 
204.332933 
204.001049 
203.664079 
203.321845 
202.974159 
202.620823 
202.261628 
201.896353 
201.524762 
201.146607 
200.761623 
200.369527 
199.970022 
199.562785 
199.147477 
198.723730 
198.291153 
197.849326 
197.397796 
196.936075 
196.463636 
195.979909 
195.484277 
194.976068 
194.454548 
193.918918 
193.368300 
192.801730 
192.218143 
191.616363 
190.995081 
190.352839 
189.688000 
188.998725 
188.282932 
187.538250 
186.761967 
185.950955 
185.101584 
184.209599 
183.269976 
182.276709 
181.222545 
180.098593 
178.893793 
177.594126 
176.181440 
174.631605 
172.911513 
170.973875 
168.747562 
166.117818 
162.880003 
158.607175 
152.107906 
134.988198 
NaN
NaN
NaN
NaN
NaN
NaN
NaN
NaN
NaN
NaN
NaN
NaN
NaN
NaN
NaN
NaN
NaN
NaN
NaN
NaN
NaN
NaN
NaN
NaN
NaN
NaN
NaN
NaN
NaN
NaN
NaN
NaN
NaN
NaN
NaN
NaN
NaN
NaN
NaN
