330.035673 
330.028887 
330.022100 
330.015313 
330.008525 
330.001737 
329.994948 
329.988159 
329.981369 
329.974579 
329.967788 
329.960996 
329.954204 
329.947411 
329.940618 
329.933824 
329.927030 
329.920235 
329.913439 
329.906643 
329.899847 
329.893050 
329.886252 
329.879454 
329.872655 
329.865856 
329.859056 
329.852255 
329.845454 
329.838652 
329.831850 
329.825048 
329.818244 
329.811440 
329.804636 
329.797831 
329.791026 
329.784219 
329.777413 
329.770606 
329.763798 
329.756990 
329.750181 
329.743371 
329.736561 
329.729751 
329.722939 
329.716128 
329.709316 
329.702503 
329.695689 
329.688875 
329.682061 
329.675246 
329.668430 
329.661614 
329.654797 
329.647980 
329.641162 
329.634344 
329.627525 
329.620705 
329.613885 
329.607064 
329.600243 
329.593421 
329.586599 
329.579776 
329.572952 
329.566128 
329.559304 
329.552479 
329.545653 
329.538827 
329.532000 
329.525172 
329.518344 
329.511516 
329.504686 
329.497857 
329.491026 
329.484196 
329.477364 
329.470532 
329.463700 
329.456867 
329.450033 
329.443199 
329.436364 
329.429529 
329.422693 
329.415856 
329.409019 
329.402181 
329.395343 
329.388504 
329.381665 
329.374825 
329.367985 
329.361144 
329.354302 
329.347460 
329.340617 
329.333774 
329.326930 
329.320086 
329.313241 
329.306395 
329.299549 
329.292702 
329.285855 
329.279007 
329.272159 
329.265310 
329.258460 
329.251610 
329.244759 
329.237908 
329.231056 
329.224204 
329.217351 
329.210497 
329.203643 
329.196788 
329.189933 
329.183077 
329.176221 
329.169364 
329.162506 
329.155648 
329.148790 
329.141930 
329.135070 
329.128210 
329.121349 
329.114488 
329.107625 
329.100763 
329.093899 
329.087036 
329.080171 
329.073306 
329.066441 
329.059575 
329.052708 
329.045841 
329.038973 
329.032104 
329.025235 
329.018366 
329.011496 
329.004625 
328.997754 
328.990882 
328.984009 
328.977136 
328.970263 
328.963389 
328.956514 
328.949639 
328.942763 
328.935886 
328.929009 
328.922132 
328.915253 
328.908375 
328.901495 
328.894615 
328.887735 
328.880854 
328.873972 
328.867090 
328.860207 
328.853324 
328.846440 
328.839555 
328.832670 
328.825785 
328.818898 
328.812012 
328.805124 
328.798236 
328.791348 
328.784458 
328.777569 
328.770678 
328.763788 
328.756896 
328.750004 
328.743111 
328.736218 
328.729324 
328.722430 
328.715535 
328.708640 
328.701744 
328.694847 
328.687950 
328.681052 
328.674153 
328.667254 
328.660355 
328.653455 
328.646554 
328.639653 
328.632751 
328.625848 
328.618945 
328.612042 
328.605137 
328.598233 
328.591327 
328.584421 
328.577515 
328.570608 
328.563700 
328.556792 
328.549883 
328.542973 
328.536063 
328.529153 
328.522241 
328.515330 
328.508417 
328.501504 
328.494591 
328.487677 
328.480762 
328.473847 
328.466931 
328.460014 
328.453097 
328.446180 
328.439262 
328.432343 
328.425423 
328.418504 
328.411583 
328.404662 
328.397740 
328.390818 
328.383895 
328.376971 
328.370047 
328.363123 
328.356198 
328.349272 
328.342345 
328.335418 
328.328491 
328.321563 
328.314634 
328.307705 
328.300775 
328.293844 
328.286913 
328.279981 
328.273049 
328.266116 
328.259183 
328.252249 
328.245314 
328.238379 
328.231443 
328.224507 
328.217570 
328.210632 
328.203694 
328.196755 
328.189816 
328.182876 
328.175936 
328.168995 
328.162053 
328.155111 
328.148168 
328.141224 
328.134280 
328.127336 
328.120390 
328.113445 
328.106498 
328.099551 
328.092604 
328.085656 
328.078707 
328.071757 
328.064807 
328.057857 
328.050906 
328.043954 
328.037002 
328.030049 
328.023095 
328.016141 
328.009187 
328.002231 
327.995275 
327.988319 
327.981362 
327.974404 
327.967446 
327.960487 
327.953528 
327.946568 
327.939607 
327.932646 
327.925684 
327.918722 
327.911759 
327.904795 
327.897831 
327.890866 
327.883901 
327.876935 
327.869968 
327.863001 
327.856033 
327.849065 
327.842096 
327.835127 
327.828156 
327.821186 
327.814214 
327.807243 
327.800270 
327.793297 
327.786323 
327.779349 
327.772374 
327.765398 
327.758422 
327.751446 
327.744468 
327.737491 
327.730512 
327.723533 
327.716553 
327.709573 
327.702592 
327.695611 
327.688629 
327.681646 
327.674663 
327.667679 
327.660694 
327.653709 
327.646724 
327.639737 
327.632750 
327.625763 
327.618775 
327.611786 
327.604797 
327.597807 
327.590817 
327.583826 
327.576834 
327.569842 
327.562849 
327.555855 
327.548861 
327.541866 
327.534871 
327.527875 
327.520879 
327.513882 
327.506884 
327.499886 
327.492887 
327.485887 
327.478887 
327.471887 
327.464885 
327.457883 
327.450881 
327.443878 
327.436874 
327.429870 
327.422865 
327.415859 
327.408853 
327.401847 
327.394839 
327.387831 
327.380823 
327.373814 
327.366804 
327.359793 
327.352782 
327.345771 
327.338759 
327.331746 
327.324733 
327.317719 
327.310704 
327.303689 
327.296673 
327.289657 
327.282640 
327.275622 
327.268604 
327.261585 
327.254565 
327.247545 
327.240525 
327.233503 
327.226482 
327.219459 
327.212436 
327.205412 
327.198388 
327.191363 
327.184338 
327.177311 
327.170285 
327.163257 
327.156229 
327.149201 
327.142172 
327.135142 
327.128111 
327.121080 
327.114049 
327.107017 
327.099984 
327.092950 
327.085916 
327.078882 
327.071846 
327.064810 
327.057774 
327.050737 
327.043699 
327.036661 
327.029622 
327.022582 
327.015542 
327.008501 
327.001460 
326.994418 
326.987375 
326.980332 
326.973288 
326.966244 
326.959199 
326.952153 
326.945107 
326.938060 
326.931013 
326.923964 
326.916916 
326.909866 
326.902816 
326.895766 
326.888715 
326.881663 
326.874610 
326.867557 
326.860504 
326.853449 
326.846394 
326.839339 
326.832283 
326.825226 
326.818169 
326.811111 
326.804052 
326.796993 
326.789933 
326.782873 
326.775812 
326.768750 
326.761688 
326.754625 
326.747562 
326.740497 
326.733433 
326.726367 
326.719301 
326.712235 
326.705168 
326.698100 
326.691031 
326.683962 
326.676893 
326.669822 
326.662751 
326.655680 
326.648608 
326.641535 
326.634461 
326.627387 
326.620313 
326.613238 
326.606162 
326.599085 
326.592008 
326.584930 
326.577852 
326.570773 
326.563693 
326.556613 
326.549532 
326.542451 
326.535369 
326.528286 
326.521203 
326.514119 
326.507034 
326.499949 
326.492863 
326.485777 
326.478690 
326.471602 
326.464514 
326.457425 
326.450335 
326.443245 
326.436154 
326.429063 
326.421971 
326.414878 
326.407785 
326.400691 
326.393597 
326.386502 
326.379406 
326.372309 
326.365212 
326.358115 
326.351016 
326.343917 
326.336818 
326.329718 
326.322617 
326.315516 
326.308414 
326.301311 
326.294208 
326.287104 
326.279999 
326.272894 
326.265788 
326.258682 
326.251575 
326.244467 
326.237359 
326.230250 
326.223140 
326.216030 
326.208919 
326.201808 
326.194696 
326.187583 
326.180470 
326.173356 
326.166241 
326.159126 
326.152010 
326.144894 
326.137777 
326.130659 
326.123541 
326.116422 
326.109302 
326.102182 
326.095061 
326.087940 
326.080818 
326.073695 
326.066571 
326.059447 
326.052323 
326.045197 
326.038072 
326.030945 
326.023818 
326.016690 
326.009562 
326.002433 
325.995303 
325.988172 
325.981042 
325.973910 
325.966778 
325.959645 
325.952511 
325.945377 
325.938242 
325.931107 
325.923971 
325.916834 
325.909697 
325.902559 
325.895421 
325.888281 
325.881142 
325.874001 
325.866860 
325.859718 
325.852576 
325.845433 
325.838289 
325.831145 
325.824000 
325.816854 
325.809708 
325.802561 
325.795414 
325.788266 
325.781117 
325.773968 
325.766818 
325.759667 
325.752516 
325.745364 
325.738211 
325.731058 
325.723904 
325.716750 
325.709595 
325.702439 
325.695283 
325.688126 
325.680968 
325.673810 
325.666651 
325.659491 
325.652331 
325.645170 
325.638009 
325.630847 
325.623684 
325.616520 
325.609356 
325.602192 
325.595026 
325.587860 
325.580694 
325.573527 
325.566359 
325.559190 
325.552021 
325.544851 
325.537681 
325.530510 
325.523338 
325.516165 
325.508992 
325.501819 
325.494644 
325.487469 
325.480294 
325.473118 
325.465941 
325.458763 
325.451585 
325.444406 
325.437227 
325.430047 
325.422866 
325.415685 
325.408503 
325.401320 
325.394137 
325.386953 
325.379768 
325.372583 
325.365397 
325.358210 
325.351023 
325.343835 
325.336647 
325.329458 
325.322268 
325.315078 
325.307886 
325.300695 
325.293502 
325.286309 
325.279116 
325.271921 
325.264726 
325.257531 
325.250335 
325.243138 
325.235940 
325.228742 
325.221543 
325.214344 
325.207144 
325.199943 
325.192741 
325.185539 
325.178337 
325.171133 
325.163929 
325.156725 
325.149519 
325.142313 
325.135107 
325.127899 
325.120691 
325.113483 
325.106274 
325.099064 
325.091853 
325.084642 
325.077430 
325.070218 
325.063005 
325.055791 
325.048576 
325.041361 
325.034146 
325.026929 
325.019712 
325.012495 
325.005276 
324.998057 
324.990838 
324.983617 
324.976396 
324.969175 
324.961952 
324.954729 
324.947506 
324.940282 
324.933057 
324.925831 
324.918605 
324.911378 
324.904151 
324.896923 
324.889694 
324.882464 
324.875234 
324.868003 
324.860772 
324.853540 
324.846307 
324.839074 
324.831840 
324.824605 
324.817370 
324.810134 
324.802897 
324.795660 
324.788422 
324.781183 
324.773944 
324.766704 
324.759463 
324.752222 
324.744980 
324.737737 
324.730494 
324.723250 
324.716005 
324.708760 
324.701514 
324.694268 
324.687020 
324.679773 
324.672524 
324.665275 
324.658025 
324.650774 
324.643523 
324.636271 
324.629019 
324.621766 
324.614512 
324.607257 
324.600002 
324.592747 
324.585490 
324.578233 
324.570975 
324.563717 
324.556458 
324.549198 
324.541937 
324.534676 
324.527414 
324.520152 
324.512889 
324.505625 
324.498361 
324.491096 
324.483830 
324.476564 
324.469296 
324.462029 
324.454760 
324.447491 
324.440222 
324.432951 
324.425680 
324.418408 
324.411136 
324.403863 
324.396589 
324.389315 
324.382040 
324.374764 
324.367488 
324.360211 
324.352933 
324.345654 
324.338375 
324.331096 
324.323815 
324.316534 
324.309252 
324.301970 
324.294687 
324.287403 
324.280119 
324.272834 
324.265548 
324.258262 
324.250975 
324.243687 
324.236398 
324.229109 
324.221820 
324.214529 
324.207238 
324.199946 
324.192654 
324.185361 
324.178067 
324.170773 
324.163477 
324.156182 
324.148885 
324.141588 
324.134290 
324.126992 
324.119693 
324.112393 
324.105092 
324.097791 
324.090489 
324.083187 
324.075884 
324.068580 
324.061275 
324.053970 
324.046664 
324.039358 
324.032050 
324.024743 
324.017434 
324.010125 
324.002815 
323.995504 
323.988193 
323.980881 
323.973568 
323.966255 
323.958941 
323.951626 
323.944311 
323.936995 
323.929678 
323.922361 
323.915043 
323.907724 
323.900405 
323.893085 
323.885764 
323.878443 
323.871121 
323.863798 
323.856475 
323.849150 
323.841826 
323.834500 
323.827174 
323.819847 
323.812520 
323.805192 
323.797863 
323.790533 
323.783203 
323.775872 
323.768540 
323.761208 
323.753875 
323.746542 
323.739207 
323.731872 
323.724537 
323.717200 
323.709863 
323.702526 
323.695187 
323.687848 
323.680508 
323.673168 
323.665827 
323.658485 
323.651142 
323.643799 
323.636455 
323.629111 
323.621766 
323.614420 
323.607073 
323.599726 
323.592378 
323.585029 
323.577680 
323.570330 
323.562979 
323.555628 
323.548276 
323.540923 
323.533570 
323.526216 
323.518861 
323.511505 
323.504149 
323.496792 
323.489435 
323.482077 
323.474718 
323.467358 
323.459998 
323.452637 
323.445275 
323.437913 
323.430550 
323.423186 
323.415822 
323.408457 
323.401091 
323.393724 
323.386357 
323.378989 
323.371621 
323.364252 
323.356882 
323.349511 
323.342140 
323.334768 
323.327395 
323.320022 
323.312648 
323.305273 
323.297898 
323.290522 
323.283145 
323.275767 
323.268389 
323.261010 
323.253631 
323.246250 
323.238869 
323.231488 
323.224105 
323.216722 
323.209339 
323.201954 
323.194569 
323.187183 
323.179797 
323.172410 
323.165022 
323.157633 
323.150244 
323.142854 
323.135463 
323.128072 
323.120680 
323.113287 
323.105894 
323.098500 
323.091105 
323.083709 
323.076313 
323.068916 
323.061519 
323.054120 
323.046721 
323.039322 
323.031921 
323.024520 
323.017118 
323.009716 
323.002313 
322.994909 
322.987504 
322.980099 
322.972693 
322.965286 
322.957879 
322.950471 
322.943062 
322.935653 
322.928243 
322.920832 
322.913420 
322.906008 
322.898595 
322.891181 
322.883767 
322.876352 
322.868936 
322.861520 
322.854103 
322.846685 
322.839266 
322.831847 
322.824427 
322.817006 
322.809585 
322.802163 
322.794740 
322.787317 
322.779893 
322.772468 
322.765042 
322.757616 
322.750189 
322.742761 
322.735333 
322.727904 
322.720474 
322.713044 
322.705612 
322.698180 
322.690748 
322.683315 
322.675881 
322.668446 
322.661010 
322.653574 
322.646137 
322.638700 
322.631262 
322.623823 
322.616383 
322.608943 
322.601502 
322.594060 
322.586617 
322.579174 
322.571730 
322.564286 
322.556840 
322.549394 
322.541948 
322.534500 
322.527052 
322.519603 
322.512154 
322.504703 
322.497252 
322.489801 
322.482348 
322.474895 
322.467441 
322.459987 
322.452532 
322.445076 
322.437619 
322.430162 
322.422704 
322.415245 
322.407785 
322.400325 
322.392864 
322.385403 
322.377940 
322.370477 
322.363013 
322.355549 
322.348084 
322.340618 
322.333151 
322.325684 
322.318216 
322.310747 
322.303278 
322.295808 
322.288337 
322.280865 
322.273393 
322.265920 
322.258446 
322.250971 
322.243496 
322.236020 
322.228544 
322.221067 
322.213588 
322.206110 
322.198630 
322.191150 
322.183669 
322.176188 
322.168705 
322.161222 
322.153738 
322.146254 
322.138769 
322.131283 
322.123796 
322.116309 
322.108821 
322.101332 
322.093842 
322.086352 
322.078861 
322.071370 
322.063877 
322.056384 
322.048890 
322.041396 
322.033900 
322.026405 
322.018908 
322.011410 
322.003912 
321.996413 
321.988914 
321.981414 
321.973912 
321.966411 
321.958908 
321.951405 
321.943901 
321.936397 
321.928891 
321.921385 
321.913878 
321.906371 
321.898863 
321.891354 
321.883844 
321.876333 
321.868822 
321.861310 
321.853798 
321.846285 
321.838771 
321.831256 
321.823740 
321.816224 
321.808707 
321.801189 
321.793671 
321.786152 
321.778632 
321.771112 
321.763590 
321.756068 
321.748545 
321.741022 
321.733498 
321.725973 
321.718447 
321.710921 
321.703394 
321.695866 
321.688337 
321.680808 
321.673278 
321.665747 
321.658216 
321.650684 
321.643151 
321.635617 
321.628083 
321.620548 
321.613012 
321.605475 
321.597938 
321.590400 
321.582861 
321.575321 
321.567781 
321.560240 
321.552699 
321.545156 
321.537613 
321.530069 
321.522524 
321.514979 
321.507433 
321.499886 
321.492339 
321.484790 
321.477241 
321.469692 
321.462141 
321.454590 
321.447038 
321.439485 
321.431932 
321.424378 
321.416823 
321.409267 
321.401711 
321.394154 
321.386596 
321.379037 
321.371478 
321.363918 
321.356357 
321.348796 
321.341233 
321.333670 
321.326107 
321.318542 
321.310977 
321.303411 
321.295844 
321.288277 
321.280709 
321.273140 
321.265570 
321.258000 
321.250429 
321.242857 
321.235284 
321.227711 
321.220137 
321.212562 
321.204987 
321.197410 
321.189833 
321.182256 
321.174677 
321.167098 
321.159518 
321.151937 
321.144356 
321.136773 
321.129190 
321.121607 
321.114022 
321.106437 
321.098851 
321.091265 
321.083677 
321.076089 
321.068500 
321.060911 
321.053320 
321.045729 
321.038137 
321.030545 
321.022951 
321.015357 
321.007762 
321.000167 
320.992570 
320.984973 
320.977375 
320.969777 
320.962178 
320.954578 
320.946977 
320.939375 
320.931773 
320.924170 
320.916566 
320.908961 
320.901356 
320.893750 
320.886143 
320.878536 
320.870928 
320.863319 
320.855709 
320.848098 
320.840487 
320.832875 
320.825262 
320.817649 
320.810034 
320.802419 
320.794804 
320.787187 
320.779570 
320.771952 
320.764333 
320.756713 
320.749093 
320.741472 
320.733850 
320.726228 
320.718605 
320.710981 
320.703356 
320.695730 
320.688104 
320.680477 
320.672849 
320.665220 
320.657591 
320.649961 
320.642330 
320.634699 
320.627066 
320.619433 
320.611799 
320.604165 
320.596530 
320.588893 
320.581257 
320.573619 
320.565981 
320.558342 
320.550702 
320.543061 
320.535420 
320.527777 
320.520135 
320.512491 
320.504846 
320.497201 
320.489555 
320.481909 
320.474261 
320.466613 
320.458964 
320.451314 
320.443664 
320.436013 
320.428361 
320.420708 
320.413054 
320.405400 
320.397745 
320.390089 
320.382433 
320.374775 
320.367117 
320.359458 
320.351799 
320.344138 
320.336477 
320.328815 
320.321153 
320.313489 
320.305825 
320.298160 
320.290494 
320.282828 
320.275161 
320.267493 
320.259824 
320.252155 
320.244484 
320.236813 
320.229141 
320.221469 
320.213795 
320.206121 
320.198446 
320.190771 
320.183094 
320.175417 
320.167739 
320.160061 
320.152381 
320.144701 
320.137020 
320.129338 
320.121656 
320.113972 
320.106288 
320.098603 
320.090918 
320.083231 
320.075544 
320.067856 
320.060168 
320.052478 
320.044788 
320.037097 
320.029405 
320.021713 
320.014019 
320.006325 
319.998630 
319.990935 
319.983238 
319.975541 
319.967843 
319.960145 
319.952445 
319.944745 
319.937044 
319.929342 
319.921640 
319.913936 
319.906232 
319.898527 
319.890822 
319.883115 
319.875408 
319.867700 
319.859991 
319.852282 
319.844572 
319.836861 
319.829149 
319.821436 
319.813723 
319.806009 
319.798294 
319.790578 
319.782861 
319.775144 
319.767426 
319.759707 
319.751988 
319.744267 
319.736546 
319.728824 
319.721101 
319.713378 
319.705654 
319.697929 
319.690203 
319.682476 
319.674749 
319.667021 
319.659292 
319.651562 
319.643832 
319.636100 
319.628368 
319.620635 
319.612902 
319.605167 
319.597432 
319.589696 
319.581960 
319.574222 
319.566484 
319.558745 
319.551005 
319.543264 
319.535523 
319.527780 
319.520037 
319.512294 
319.504549 
319.496804 
319.489058 
319.481311 
319.473563 
319.465815 
319.458065 
319.450315 
319.442564 
319.434813 
319.427060 
319.419307 
319.411553 
319.403798 
319.396043 
319.388287 
319.380529 
319.372771 
319.365013 
319.357253 
319.349493 
319.341732 
319.333970 
319.326207 
319.318444 
319.310680 
319.302915 
319.295149 
319.287382 
319.279615 
319.271847 
319.264078 
319.256308 
319.248538 
319.240766 
319.232994 
319.225221 
319.217448 
319.209673 
319.201898 
319.194122 
319.186345 
319.178567 
319.170789 
319.163010 
319.155230 
319.147449 
319.139667 
319.131885 
319.124102 
319.116318 
319.108533 
319.100747 
319.092961 
319.085174 
319.077386 
319.069597 
319.061807 
319.054017 
319.046226 
319.038434 
319.030641 
319.022848 
319.015053 
319.007258 
318.999462 
318.991666 
318.983868 
318.976070 
318.968271 
318.960471 
318.952670 
318.944869 
318.937066 
318.929263 
318.921459 
318.913655 
318.905849 
318.898043 
318.890236 
318.882428 
318.874619 
318.866810 
318.858999 
318.851188 
318.843376 
318.835564 
318.827750 
318.819936 
318.812121 
318.804305 
318.796488 
318.788670 
318.780852 
318.773033 
318.765213 
318.757392 
318.749571 
318.741749 
318.733925 
318.726101 
318.718277 
318.710451 
318.702625 
318.694798 
318.686970 
318.679141 
318.671311 
318.663481 
318.655650 
318.647818 
318.639985 
318.632151 
318.624317 
318.616482 
318.608646 
318.600809 
318.592971 
318.585133 
318.577293 
318.569453 
318.561612 
318.553771 
318.545928 
318.538085 
318.530241 
318.522396 
318.514550 
318.506704 
318.498856 
318.491008 
318.483159 
318.475309 
318.467459 
318.459607 
318.451755 
318.443902 
318.436048 
318.428193 
318.420338 
318.412482 
318.404625 
318.396767 
318.388908 
318.381048 
318.373188 
318.365327 
318.357465 
318.349602 
318.341738 
318.333874 
318.326009 
318.318143 
318.310276 
318.302408 
318.294540 
318.286670 
318.278800 
318.270929 
318.263057 
318.255185 
318.247311 
318.239437 
318.231562 
318.223686 
318.215810 
318.207932 
318.200054 
318.192175 
318.184295 
318.176414 
318.168532 
318.160650 
318.152767 
318.144883 
318.136998 
318.129112 
318.121225 
318.113338 
318.105450 
318.097561 
318.089671 
318.081781 
318.073889 
318.065997 
318.058104 
318.050210 
318.042315 
318.034420 
318.026523 
318.018626 
318.010728 
318.002829 
317.994929 
317.987029 
317.979128 
317.971225 
317.963322 
317.955419 
317.947514 
317.939608 
317.931702 
317.923795 
317.915887 
317.907978 
317.900069 
317.892158 
317.884247 
317.876335 
317.868422 
317.860508 
317.852594 
317.844678 
317.836762 
317.828845 
317.820927 
317.813009 
317.805089 
317.797169 
317.789247 
317.781325 
317.773403 
317.765479 
317.757554 
317.749629 
317.741703 
317.733776 
317.725848 
317.717919 
317.709990 
317.702059 
317.694128 
317.686196 
317.678263 
317.670330 
317.662395 
317.654460 
317.646524 
317.638587 
317.630649 
317.622710 
317.614771 
317.606830 
317.598889 
317.590947 
317.583004 
317.575060 
317.567116 
317.559170 
317.551224 
317.543277 
317.535329 
317.527381 
317.519431 
317.511481 
317.503529 
317.495577 
317.487624 
317.479671 
317.471716 
317.463761 
317.455804 
317.447847 
317.439889 
317.431930 
317.423971 
317.416010 
317.408049 
317.400087 
317.392124 
317.384160 
317.376195 
317.368230 
317.360263 
317.352296 
317.344328 
317.336359 
317.328389 
317.320419 
317.312447 
317.304475 
317.296502 
317.288528 
317.280553 
317.272578 
317.264601 
317.256624 
317.248646 
317.240667 
317.232687 
317.224706 
317.216724 
317.208742 
317.200759 
317.192775 
317.184790 
317.176804 
317.168817 
317.160830 
317.152841 
317.144852 
317.136862 
317.128871 
317.120879 
317.112887 
317.104893 
317.096899 
317.088904 
317.080908 
317.072911 
317.064913 
317.056915 
317.048915 
317.040915 
317.032914 
317.024912 
317.016909 
317.008905 
317.000901 
316.992896 
316.984889 
316.976882 
316.968874 
316.960865 
316.952856 
316.944845 
316.936834 
316.928822 
316.920809 
316.912795 
316.904780 
316.896764 
316.888748 
316.880730 
316.872712 
316.864693 
316.856673 
316.848653 
316.840631 
316.832608 
316.824585 
316.816561 
316.808536 
316.800510 
316.792483 
316.784455 
316.776427 
316.768398 
316.760367 
316.752336 
316.744304 
316.736271 
316.728238 
316.720203 
316.712168 
316.704132 
316.696095 
316.688057 
316.680018 
316.671978 
316.663937 
316.655896 
316.647854 
316.639811 
316.631767 
316.623722 
316.615676 
316.607629 
316.599582 
316.591533 
316.583484 
316.575434 
316.567383 
316.559331 
316.551279 
316.543225 
316.535171 
316.527116 
316.519059 
316.511002 
316.502945 
316.494886 
316.486826 
316.478766 
316.470704 
316.462642 
316.454579 
316.446515 
316.438450 
316.430385 
316.422318 
316.414251 
316.406182 
316.398113 
316.390043 
316.381972 
316.373900 
316.365828 
316.357754 
316.349680 
316.341604 
316.333528 
316.325451 
316.317373 
316.309295 
316.301215 
316.293134 
316.285053 
316.276971 
316.268888 
316.260804 
316.252719 
316.244633 
316.236546 
316.228459 
316.220370 
316.212281 
316.204191 
316.196100 
316.188008 
316.179915 
316.171822 
316.163727 
316.155632 
316.147535 
316.139438 
316.131340 
316.123241 
316.115141 
316.107041 
316.098939 
316.090837 
316.082733 
316.074629 
316.066524 
316.058418 
316.050311 
316.042204 
316.034095 
316.025985 
316.017875 
316.009764 
316.001652 
315.993539 
315.985425 
315.977310 
315.969194 
315.961078 
315.952960 
315.944842 
315.936723 
315.928603 
315.920482 
315.912360 
315.904237 
315.896113 
315.887989 
315.879863 
315.871737 
315.863610 
315.855482 
315.847353 
315.839223 
315.831092 
315.822961 
315.814828 
315.806695 
315.798560 
315.790425 
315.782289 
315.774152 
315.766014 
315.757876 
315.749736 
315.741595 
315.733454 
315.725312 
315.717168 
315.709024 
315.700879 
315.692733 
315.684587 
315.676439 
315.668290 
315.660141 
315.651991 
315.643839 
315.635687 
315.627534 
315.619380 
315.611226 
315.603070 
315.594913 
315.586756 
315.578597 
315.570438 
315.562278 
315.554117 
315.545955 
315.537792 
315.529628 
315.521463 
315.513298 
315.505131 
315.496964 
315.488796 
315.480627 
315.472457 
315.464286 
315.456114 
315.447941 
315.439767 
315.431593 
315.423417 
315.415241 
315.407064 
315.398885 
315.390706 
315.382526 
315.374345 
315.366164 
315.357981 
315.349797 
315.341613 
315.333428 
315.325241 
315.317054 
315.308866 
315.300677 
315.292487 
315.284296 
315.276104 
315.267912 
315.259718 
315.251524 
315.243329 
315.235132 
315.226935 
315.218737 
315.210538 
315.202338 
315.194137 
315.185936 
315.177733 
315.169530 
315.161325 
315.153120 
315.144914 
315.136706 
315.128498 
315.120289 
315.112080 
315.103869 
315.095657 
315.087444 
315.079231 
315.071016 
315.062801 
315.054585 
315.046368 
315.038150 
315.029931 
315.021711 
315.013490 
315.005268 
314.997045 
314.988822 
314.980597 
314.972372 
314.964146 
314.955918 
314.947690 
314.939461 
314.931231 
314.923000 
314.914768 
314.906536 
314.898302 
314.890068 
314.881832 
314.873596 
314.865358 
314.857120 
314.848881 
314.840641 
314.832400 
314.824158 
314.815915 
314.807671 
314.799427 
314.791181 
314.782935 
314.774687 
314.766439 
314.758190 
314.749939 
314.741688 
314.733436 
314.725183 
314.716929 
314.708674 
314.700419 
314.692162 
314.683904 
314.675646 
314.667387 
314.659126 
314.650865 
314.642603 
314.634340 
314.626075 
314.617810 
314.609545 
314.601278 
314.593010 
314.584741 
314.576472 
314.568201 
314.559930 
314.551657 
314.543384 
314.535110 
314.526834 
314.518558 
314.510281 
314.502003 
314.493724 
314.485444 
314.477164 
314.468882 
314.460599 
314.452316 
314.444031 
314.435746 
314.427459 
314.419172 
314.410884 
314.402595 
314.394305 
314.386014 
314.377722 
314.369429 
314.361135 
314.352840 
314.344544 
314.336248 
314.327950 
314.319652 
314.311352 
314.303052 
314.294750 
314.286448 
314.278145 
314.269841 
314.261536 
314.253230 
314.244923 
314.236615 
314.228306 
314.219996 
314.211686 
314.203374 
314.195061 
314.186748 
314.178433 
314.170118 
314.161802 
314.153484 
314.145166 
314.136847 
314.128527 
314.120206 
314.111884 
314.103561 
314.095237 
314.086912 
314.078586 
314.070260 
314.061932 
314.053603 
314.045274 
314.036943 
314.028612 
314.020279 
314.011946 
314.003612 
313.995277 
313.986940 
313.978603 
313.970265 
313.961926 
313.953586 
313.945245 
313.936903 
313.928561 
313.920217 
313.911872 
313.903526 
313.895180 
313.886832 
313.878484 
313.870134 
313.861784 
313.853433 
313.845080 
313.836727 
313.828373 
313.820018 
313.811661 
313.803304 
313.794946 
313.786587 
313.778227 
313.769866 
313.761505 
313.753142 
313.744778 
313.736413 
313.728048 
313.719681 
313.711313 
313.702945 
313.694575 
313.686205 
313.677834 
313.669461 
313.661088 
313.652714 
313.644338 
313.635962 
313.627585 
313.619207 
313.610828 
313.602448 
313.594067 
313.585685 
313.577302 
313.568918 
313.560533 
313.552147 
313.543761 
313.535373 
313.526984 
313.518595 
313.510204 
313.501812 
313.493420 
313.485026 
313.476632 
313.468236 
313.459840 
313.451443 
313.443044 
313.434645 
313.426245 
313.417844 
313.409441 
313.401038 
313.392634 
313.384229 
313.375823 
313.367416 
313.359008 
313.350599 
313.342189 
313.333778 
313.325366 
313.316954 
313.308540 
313.300125 
313.291709 
313.283292 
313.274875 
313.266456 
313.258037 
313.249616 
313.241194 
313.232772 
313.224348 
313.215924 
313.207498 
313.199072 
313.190644 
313.182216 
313.173787 
313.165356 
313.156925 
313.148493 
313.140060 
313.131625 
313.123190 
313.114754 
313.106317 
313.097879 
313.089439 
313.080999 
313.072558 
313.064116 
313.055673 
313.047229 
313.038784 
313.030338 
313.021891 
313.013443 
313.004994 
312.996545 
312.988094 
312.979642 
312.971189 
312.962735 
312.954280 
312.945825 
312.937368 
312.928910 
312.920451 
312.911992 
312.903531 
312.895069 
312.886607 
312.878143 
312.869678 
312.861213 
312.852746 
312.844279 
312.835810 
312.827341 
312.818870 
312.810398 
312.801926 
312.793452 
312.784978 
312.776502 
312.768026 
312.759549 
312.751070 
312.742591 
312.734110 
312.725629 
312.717146 
312.708663 
312.700179 
312.691693 
312.683207 
312.674720 
312.666231 
312.657742 
312.649252 
312.640760 
312.632268 
312.623775 
312.615280 
312.606785 
312.598289 
312.589791 
312.581293 
312.572794 
312.564293 
312.555792 
312.547290 
312.538787 
312.530282 
312.521777 
312.513271 
312.504764 
312.496255 
312.487746 
312.479236 
312.470725 
312.462212 
312.453699 
312.445185 
312.436670 
312.428153 
312.419636 
312.411118 
312.402599 
312.394078 
312.385557 
312.377035 
312.368512 
312.359987 
312.351462 
312.342936 
312.334409 
312.325880 
312.317351 
312.308821 
312.300289 
312.291757 
312.283224 
312.274690 
312.266154 
312.257618 
312.249081 
312.240542 
312.232003 
312.223463 
312.214921 
312.206379 
312.197836 
312.189291 
312.180746 
312.172199 
312.163652 
312.155104 
312.146554 
312.138004 
312.129452 
312.120900 
312.112346 
312.103792 
312.095236 
312.086680 
312.078122 
312.069564 
312.061004 
312.052444 
312.043882 
312.035320 
312.026756 
312.018191 
312.009626 
312.001059 
311.992491 
311.983923 
311.975353 
311.966782 
311.958211 
311.949638 
311.941064 
311.932489 
311.923914 
311.915337 
311.906759 
311.898180 
311.889600 
311.881019 
311.872437 
311.863854 
311.855270 
311.846685 
311.838099 
311.829512 
311.820924 
311.812335 
311.803745 
311.795154 
311.786562 
311.777969 
311.769375 
311.760779 
311.752183 
311.743586 
311.734988 
311.726388 
311.717788 
311.709187 
311.700584 
311.691981 
311.683376 
311.674771 
311.666164 
311.657557 
311.648948 
311.640339 
311.631728 
311.623117 
311.614504 
311.605890 
311.597276 
311.588660 
311.580043 
311.571425 
311.562806 
311.554186 
311.545566 
311.536944 
311.528321 
311.519697 
311.511072 
311.502445 
311.493818 
311.485190 
311.476561 
311.467931 
311.459300 
311.450667 
311.442034 
311.433400 
311.424764 
311.416128 
311.407490 
311.398852 
311.390212 
311.381572 
311.372930 
311.364287 
311.355644 
311.346999 
311.338353 
311.329706 
311.321058 
311.312410 
311.303760 
311.295109 
311.286457 
311.277804 
311.269149 
311.260494 
311.251838 
311.243181 
311.234523 
311.225863 
311.217203 
311.208541 
311.199879 
311.191216 
311.182551 
311.173885 
311.165219 
311.156551 
311.147882 
311.139213 
311.130542 
311.121870 
311.113197 
311.104523 
311.095848 
311.087172 
311.078495 
311.069817 
311.061137 
311.052457 
311.043776 
311.035093 
311.026410 
311.017725 
311.009040 
311.000353 
310.991666 
310.982977 
310.974287 
310.965597 
310.956905 
310.948212 
310.939518 
310.930823 
310.922127 
310.913430 
310.904731 
310.896032 
310.887332 
310.878631 
310.869928 
310.861225 
310.852520 
310.843815 
310.835108 
310.826400 
310.817692 
310.808982 
310.800271 
310.791559 
310.782846 
310.774132 
310.765417 
310.756701 
310.747983 
310.739265 
310.730546 
310.721825 
310.713104 
310.704381 
310.695658 
310.686933 
310.678207 
310.669480 
310.660753 
310.652024 
310.643294 
310.634562 
310.625830 
310.617097 
310.608363 
310.599628 
310.590891 
310.582154 
310.573415 
310.564675 
310.555935 
310.547193 
310.538450 
310.529706 
310.520961 
310.512215 
310.503468 
310.494720 
310.485971 
310.477220 
310.468469 
310.459717 
310.450963 
310.442208 
310.433453 
310.424696 
310.415938 
310.407179 
310.398419 
310.389658 
310.380896 
310.372133 
310.363369 
310.354603 
310.345837 
310.337069 
310.328301 
310.319531 
310.310760 
310.301988 
310.293215 
310.284442 
310.275666 
310.266890 
310.258113 
310.249335 
310.240555 
310.231775 
310.222993 
310.214211 
310.205427 
310.196642 
310.187856 
310.179069 
310.170281 
310.161492 
310.152702 
310.143910 
310.135118 
310.126325 
310.117530 
310.108734 
310.099938 
310.091140 
310.082341 
310.073541 
310.064740 
310.055938 
310.047134 
310.038330 
310.029525 
310.020718 
310.011910 
310.003102 
309.994292 
309.985481 
309.976669 
309.967856 
309.959042 
309.950226 
309.941410 
309.932593 
309.923774 
309.914954 
309.906134 
309.897312 
309.888489 
309.879665 
309.870840 
309.862013 
309.853186 
309.844358 
309.835528 
309.826698 
309.817866 
309.809033 
309.800199 
309.791364 
309.782528 
309.773691 
309.764853 
309.756013 
309.747173 
309.738331 
309.729488 
309.720645 
309.711800 
309.702954 
309.694107 
309.685258 
309.676409 
309.667559 
309.658707 
309.649854 
309.641001 
309.632146 
309.623290 
309.614433 
309.605575 
309.596715 
309.587855 
309.578994 
309.570131 
309.561267 
309.552403 
309.543537 
309.534670 
309.525801 
309.516932 
309.508062 
309.499190 
309.490318 
309.481444 
309.472569 
309.463693 
309.454816 
309.445938 
309.437059 
309.428179 
309.419297 
309.410415 
309.401531 
309.392646 
309.383760 
309.374873 
309.365985 
309.357096 
309.348205 
309.339314 
309.330421 
309.321527 
309.312633 
309.303737 
309.294840 
309.285941 
309.277042 
309.268141 
309.259240 
309.250337 
309.241433 
309.232528 
309.223622 
309.214715 
309.205807 
309.196897 
309.187987 
309.179075 
309.170162 
309.161248 
309.152333 
309.143417 
309.134500 
309.125582 
309.116662 
309.107741 
309.098819 
309.089897 
309.080973 
309.072047 
309.063121 
309.054194 
309.045265 
309.036335 
309.027404 
309.018472 
309.009539 
309.000605 
308.991670 
308.982733 
308.973796 
308.964857 
308.955917 
308.946976 
308.938034 
308.929091 
308.920146 
308.911201 
308.902254 
308.893306 
308.884357 
308.875407 
308.866456 
308.857504 
308.848550 
308.839595 
308.830640 
308.821683 
308.812725 
308.803765 
308.794805 
308.785844 
308.776881 
308.767917 
308.758952 
308.749986 
308.741019 
308.732051 
308.723081 
308.714111 
308.705139 
308.696166 
308.687192 
308.678217 
308.669241 
308.660263 
308.651285 
308.642305 
308.633324 
308.624342 
308.615359 
308.606374 
308.597389 
308.588402 
308.579414 
308.570426 
308.561435 
308.552444 
308.543452 
308.534458 
308.525464 
308.516468 
308.507471 
308.498473 
308.489473 
308.480473 
308.471471 
308.462469 
308.453465 
308.444460 
308.435453 
308.426446 
308.417438 
308.408428 
308.399417 
308.390405 
308.381392 
308.372378 
308.363362 
308.354346 
308.345328 
308.336309 
308.327289 
308.318268 
308.309245 
308.300222 
308.291197 
308.282171 
308.273144 
308.264116 
308.255086 
308.246056 
308.237024 
308.227991 
308.218957 
308.209922 
308.200886 
308.191848 
308.182810 
308.173770 
308.164729 
308.155687 
308.146643 
308.137599 
308.128553 
308.119506 
308.110458 
308.101409 
308.092359 
308.083307 
308.074255 
308.065201 
308.056146 
308.047090 
308.038032 
308.028974 
308.019914 
308.010853 
308.001791 
307.992728 
307.983663 
307.974598 
307.965531 
307.956463 
307.947394 
307.938324 
307.929252 
307.920180 
307.911106 
307.902031 
307.892955 
307.883878 
307.874799 
307.865719 
307.856638 
307.847556 
307.838473 
307.829389 
307.820303 
307.811216 
307.802129 
307.793039 
307.783949 
307.774858 
307.765765 
307.756671 
307.747576 
307.738480 
307.729382 
307.720284 
307.711184 
307.702083 
307.692981 
307.683878 
307.674773 
307.665667 
307.656561 
307.647452 
307.638343 
307.629233 
307.620121 
307.611008 
307.601894 
307.592779 
307.583663 
307.574545 
307.565426 
307.556306 
307.547185 
307.538063 
307.528939 
307.519814 
307.510688 
307.501561 
307.492433 
307.483303 
307.474173 
307.465041 
307.455908 
307.446773 
307.437638 
307.428501 
307.419363 
307.410224 
307.401084 
307.391942 
307.382800 
307.373656 
307.364511 
307.355364 
307.346217 
307.337068 
307.327918 
307.318767 
307.309615 
307.300461 
307.291307 
307.282151 
307.272994 
307.263835 
307.254676 
307.245515 
307.236353 
307.227190 
307.218026 
307.208860 
307.199693 
307.190525 
307.181356 
307.172186 
307.163014 
307.153841 
307.144667 
307.135492 
307.126316 
307.117138 
307.107959 
307.098779 
307.089598 
307.080415 
307.071232 
307.062047 
307.052861 
307.043673 
307.034485 
307.025295 
307.016104 
307.006912 
306.997718 
306.988524 
306.979328 
306.970131 
306.960932 
306.951733 
306.942532 
306.933330 
306.924127 
306.914923 
306.905717 
306.896510 
306.887302 
306.878093 
306.868882 
306.859671 
306.850458 
306.841244 
306.832028 
306.822812 
306.813594 
306.804375 
306.795154 
306.785933 
306.776710 
306.767486 
306.758261 
306.749034 
306.739807 
306.730578 
306.721348 
306.712116 
306.702884 
306.693650 
306.684415 
306.675179 
306.665941 
306.656703 
306.647463 
306.638221 
306.628979 
306.619735 
306.610491 
306.601244 
306.591997 
306.582748 
306.573499 
306.564248 
306.554995 
306.545742 
306.536487 
306.527231 
306.517974 
306.508715 
306.499456 
306.490195 
306.480932 
306.471669 
306.462404 
306.453138 
306.443871 
306.434603 
306.425333 
306.416062 
306.406790 
306.397517 
306.388242 
306.378966 
306.369689 
306.360411 
306.351131 
306.341850 
306.332568 
306.323285 
306.314000 
306.304714 
306.295427 
306.286139 
306.276849 
306.267559 
306.258267 
306.248973 
306.239679 
306.230383 
306.221086 
306.211787 
306.202488 
306.193187 
306.183885 
306.174582 
306.165277 
306.155971 
306.146664 
306.137356 
306.128046 
306.118735 
306.109423 
306.100110 
306.090795 
306.081479 
306.072162 
306.062843 
306.053524 
306.044203 
306.034881 
306.025557 
306.016232 
306.006906 
305.997579 
305.988251 
305.978921 
305.969590 
305.960258 
305.950924 
305.941589 
305.932253 
305.922916 
305.913577 
305.904237 
305.894896 
305.885554 
305.876210 
305.866865 
305.857519 
305.848171 
305.838823 
305.829472 
305.820121 
305.810769 
305.801415 
305.792060 
305.782703 
305.773346 
305.763987 
305.754626 
305.745265 
305.735902 
305.726538 
305.717173 
305.707806 
305.698438 
305.689069 
305.679699 
305.670327 
305.660954 
305.651580 
305.642204 
305.632828 
305.623450 
305.614070 
305.604690 
305.595308 
305.585924 
305.576540 
305.567154 
305.557767 
305.548379 
305.538989 
305.529598 
305.520206 
305.510813 
305.501418 
305.492022 
305.482625 
305.473226 
305.463826 
305.454425 
305.445022 
305.435619 
305.426214 
305.416807 
305.407400 
305.397991 
305.388580 
305.379169 
305.369756 
305.360342 
305.350927 
305.341510 
305.332092 
305.322673 
305.313252 
305.303830 
305.294407 
305.284983 
305.275557 
305.266130 
305.256702 
305.247272 
305.237841 
305.228409 
305.218975 
305.209541 
305.200104 
305.190667 
305.181228 
305.171788 
305.162347 
305.152904 
305.143460 
305.134015 
305.124569 
305.115121 
305.105672 
305.096221 
305.086770 
305.077316 
305.067862 
305.058406 
305.048949 
305.039491 
305.030032 
305.020571 
305.011108 
305.001645 
304.992180 
304.982714 
304.973247 
304.963778 
304.954308 
304.944836 
304.935364 
304.925890 
304.916414 
304.906938 
304.897460 
304.887980 
304.878500 
304.869018 
304.859535 
304.850050 
304.840564 
304.831077 
304.821589 
304.812099 
304.802608 
304.793115 
304.783622 
304.774127 
304.764630 
304.755132 
304.745633 
304.736133 
304.726631 
304.717128 
304.707624 
304.698118 
304.688611 
304.679103 
304.669593 
304.660082 
304.650570 
304.641057 
304.631542 
304.622025 
304.612508 
304.602989 
304.593469 
304.583947 
304.574424 
304.564900 
304.555374 
304.545847 
304.536319 
304.526789 
304.517259 
304.507726 
304.498193 
304.488658 
304.479122 
304.469584 
304.460045 
304.450505 
304.440963 
304.431420 
304.421876 
304.412330 
304.402784 
304.393235 
304.383686 
304.374135 
304.364582 
304.355029 
304.345474 
304.335917 
304.326360 
304.316801 
304.307240 
304.297679 
304.288116 
304.278551 
304.268986 
304.259418 
304.249850 
304.240280 
304.230709 
304.221137 
304.211563 
304.201988 
304.192411 
304.182833 
304.173254 
304.163673 
304.154092 
304.144508 
304.134924 
304.125338 
304.115750 
304.106162 
304.096572 
304.086980 
304.077388 
304.067793 
304.058198 
304.048601 
304.039003 
304.029403 
304.019803 
304.010200 
304.000597 
303.990992 
303.981385 
303.971778 
303.962169 
303.952558 
303.942946 
303.933333 
303.923719 
303.914103 
303.904486 
303.894867 
303.885247 
303.875626 
303.866003 
303.856379 
303.846754 
303.837127 
303.827499 
303.817869 
303.808238 
303.798606 
303.788972 
303.779337 
303.769701 
303.760063 
303.750424 
303.740784 
303.731142 
303.721499 
303.711854 
303.702208 
303.692561 
303.682912 
303.673262 
303.663610 
303.653958 
303.644303 
303.634648 
303.624991 
303.615332 
303.605673 
303.596011 
303.586349 
303.576685 
303.567020 
303.557353 
303.547685 
303.538016 
303.528345 
303.518673 
303.508999 
303.499324 
303.489648 
303.479970 
303.470291 
303.460610 
303.450929 
303.441245 
303.431561 
303.421875 
303.412187 
303.402498 
303.392808 
303.383116 
303.373423 
303.363729 
303.354033 
303.344336 
303.334637 
303.324937 
303.315236 
303.305533 
303.295829 
303.286124 
303.276417 
303.266708 
303.256999 
303.247287 
303.237575 
303.227861 
303.218146 
303.208429 
303.198711 
303.188991 
303.179270 
303.169548 
303.159824 
303.150099 
303.140372 
303.130644 
303.120915 
303.111184 
303.101452 
303.091719 
303.081984 
303.072247 
303.062509 
303.052770 
303.043030 
303.033288 
303.023544 
303.013799 
303.004053 
302.994305 
302.984556 
302.974806 
302.965054 
302.955301 
302.945546 
302.935790 
302.926032 
302.916273 
302.906513 
302.896751 
302.886988 
302.877223 
302.867457 
302.857689 
302.847921 
302.838150 
302.828378 
302.818605 
302.808831 
302.799055 
302.789277 
302.779498 
302.769718 
302.759936 
302.750153 
302.740369 
302.730583 
302.720795 
302.711007 
302.701216 
302.691425 
302.681631 
302.671837 
302.662041 
302.652244 
302.642445 
302.632644 
302.622843 
302.613040 
302.603235 
302.593429 
302.583622 
302.573813 
302.564003 
302.554191 
302.544378 
302.534563 
302.524747 
302.514930 
302.505111 
302.495290 
302.485468 
302.475645 
302.465821 
302.455994 
302.446167 
302.436338 
302.426508 
302.416676 
302.406842 
302.397008 
302.387171 
302.377334 
302.367495 
302.357654 
302.347812 
302.337969 
302.328124 
302.318277 
302.308430 
302.298580 
302.288730 
302.278878 
302.269024 
302.259169 
302.249313 
302.239455 
302.229595 
302.219734 
302.209872 
302.200008 
302.190143 
302.180276 
302.170408 
302.160539 
302.150668 
302.140795 
302.130921 
302.121046 
302.111169 
302.101291 
302.091411 
302.081530 
302.071647 
302.061763 
302.051877 
302.041990 
302.032102 
302.022212 
302.012320 
302.002427 
301.992533 
301.982637 
301.972740 
301.962841 
301.952940 
301.943039 
301.933135 
301.923231 
301.913325 
301.903417 
301.893508 
301.883597 
301.873685 
301.863772 
301.853857 
301.843940 
301.834022 
301.824103 
301.814182 
301.804260 
301.794336 
301.784410 
301.774484 
301.764555 
301.754626 
301.744694 
301.734762 
301.724827 
301.714892 
301.704955 
301.695016 
301.685076 
301.675134 
301.665191 
301.655246 
301.645300 
301.635353 
301.625404 
301.615453 
301.605501 
301.595548 
301.585593 
301.575636 
301.565678 
301.555719 
301.545758 
301.535795 
301.525831 
301.515866 
301.505899 
301.495931 
301.485961 
301.475989 
301.466016 
301.456042 
301.446066 
301.436089 
301.426110 
301.416129 
301.406148 
301.396164 
301.386179 
301.376193 
301.366205 
301.356216 
301.346225 
301.336232 
301.326238 
301.316243 
301.306246 
301.296248 
301.286248 
301.276246 
301.266243 
301.256239 
301.246233 
301.236226 
301.226217 
301.216206 
301.206194 
301.196181 
301.186166 
301.176149 
301.166131 
301.156112 
301.146090 
301.136068 
301.126044 
301.116018 
301.105991 
301.095962 
301.085932 
301.075901 
301.065867 
301.055833 
301.045796 
301.035759 
301.025719 
301.015679 
301.005636 
300.995592 
300.985547 
300.975500 
300.965452 
300.955402 
300.945350 
300.935297 
300.925243 
300.915187 
300.905129 
300.895070 
300.885010 
300.874947 
300.864884 
300.854818 
300.844752 
300.834683 
300.824614 
300.814542 
300.804469 
300.794395 
300.784319 
300.774242 
300.764163 
300.754082 
300.744000 
300.733916 
300.723831 
300.713744 
300.703656 
300.693566 
300.683475 
300.673382 
300.663288 
300.653192 
300.643094 
300.632995 
300.622895 
300.612792 
300.602689 
300.592584 
300.582477 
300.572368 
300.562259 
300.552147 
300.542034 
300.531920 
300.521804 
300.511686 
300.501567 
300.491446 
300.481324 
300.471200 
300.461075 
300.450948 
300.440819 
300.430689 
300.420557 
300.410424 
300.400290 
300.390153 
300.380015 
300.369876 
300.359735 
300.349593 
300.339449 
300.329303 
300.319156 
300.309007 
300.298857 
300.288705 
300.278551 
300.268396 
300.258240 
300.248081 
300.237922 
300.227760 
300.217598 
300.207433 
300.197267 
300.187100 
300.176930 
300.166760 
300.156587 
300.146414 
300.136238 
300.126061 
300.115882 
300.105702 
300.095521 
300.085337 
300.075152 
300.064966 
300.054778 
300.044588 
300.034397 
300.024204 
300.014010 
300.003814 
299.993616 
299.983417 
299.973217 
299.963014 
299.952810 
299.942605 
299.932398 
299.922189 
299.911979 
299.901767 
299.891554 
299.881339 
299.871122 
299.860904 
299.850684 
299.840463 
299.830240 
299.820016 
299.809790 
299.799562 
299.789333 
299.779102 
299.768869 
299.758635 
299.748399 
299.738162 
299.727923 
299.717683 
299.707441 
299.697197 
299.686952 
299.676705 
299.666456 
299.656206 
299.645954 
299.635701 
299.625446 
299.615190 
299.604932 
299.594672 
299.584411 
299.574148 
299.563883 
299.553617 
299.543349 
299.533080 
299.522809 
299.512536 
299.502262 
299.491986 
299.481709 
299.471430 
299.461149 
299.450867 
299.440583 
299.430297 
299.420010 
299.409721 
299.399431 
299.389139 
299.378845 
299.368550 
299.358253 
299.347955 
299.337655 
299.327353 
299.317050 
299.306745 
299.296438 
299.286130 
299.275820 
299.265509 
299.255195 
299.244881 
299.234564 
299.224246 
299.213927 
299.203605 
299.193283 
299.182958 
299.172632 
299.162304 
299.151975 
299.141644 
299.131311 
299.120977 
299.110641 
299.100303 
299.089964 
299.079623 
299.069280 
299.058936 
299.048590 
299.038243 
299.027894 
299.017543 
299.007191 
298.996837 
298.986481 
298.976124 
298.965765 
298.955404 
298.945042 
298.934678 
298.924313 
298.913945 
298.903577 
298.893206 
298.882834 
298.872460 
298.862085 
298.851708 
298.841329 
298.830948 
298.820566 
298.810183 
298.799797 
298.789410 
298.779021 
298.768631 
298.758239 
298.747845 
298.737450 
298.727053 
298.716654 
298.706254 
298.695852 
298.685448 
298.675043 
298.664636 
298.654227 
298.643817 
298.633405 
298.622991 
298.612576 
298.602159 
298.591741 
298.581320 
298.570898 
298.560475 
298.550049 
298.539622 
298.529193 
298.518763 
298.508331 
298.497897 
298.487462 
298.477025 
298.466586 
298.456146 
298.445703 
298.435260 
298.424814 
298.414367 
298.403918 
298.393468 
298.383015 
298.372562 
298.362106 
298.351649 
298.341190 
298.330729 
298.320267 
298.309803 
298.299337 
298.288870 
298.278401 
298.267930 
298.257457 
298.246983 
298.236507 
298.226030 
298.215550 
298.205070 
298.194587 
298.184103 
298.173617 
298.163129 
298.152639 
298.142148 
298.131655 
298.121161 
298.110665 
298.100167 
298.089667 
298.079166 
298.068663 
298.058158 
298.047651 
298.037143 
298.026633 
298.016122 
298.005609 
297.995094 
297.984577 
297.974058 
297.963538 
297.953016 
297.942493 
297.931968 
297.921441 
297.910912 
297.900381 
297.889849 
297.879315 
297.868780 
297.858243 
297.847704 
297.837163 
297.826620 
297.816076 
297.805530 
297.794983 
297.784433 
297.773882 
297.763330 
297.752775 
297.742219 
297.731661 
297.721101 
297.710540 
297.699977 
297.689412 
297.678845 
297.668277 
297.657707 
297.647135 
297.636561 
297.625986 
297.615409 
297.604830 
297.594250 
297.583667 
297.573084 
297.562498 
297.551910 
297.541321 
297.530730 
297.520138 
297.509543 
297.498947 
297.488349 
297.477749 
297.467148 
297.456545 
297.445940 
297.435333 
297.424725 
297.414115 
297.403503 
297.392890 
297.382274 
297.371657 
297.361038 
297.350418 
297.339795 
297.329171 
297.318545 
297.307917 
297.297288 
297.286657 
297.276024 
297.265389 
297.254753 
297.244115 
297.233475 
297.222833 
297.212189 
297.201544 
297.190897 
297.180248 
297.169598 
297.158946 
297.148291 
297.137636 
297.126978 
297.116319 
297.105657 
297.094995 
297.084330 
297.073663 
297.062995 
297.052325 
297.041653 
297.030980 
297.020304 
297.009627 
296.998948 
296.988268 
296.977585 
296.966901 
296.956215 
296.945527 
296.934838 
296.924146 
296.913453 
296.902758 
296.892062 
296.881363 
296.870663 
296.859961 
296.849257 
296.838551 
296.827844 
296.817134 
296.806423 
296.795711 
296.784996 
296.774280 
296.763561 
296.752841 
296.742120 
296.731396 
296.720671 
296.709944 
296.699215 
296.688484 
296.677751 
296.667017 
296.656281 
296.645543 
296.634803 
296.624061 
296.613318 
296.602573 
296.591826 
296.581077 
296.570326 
296.559574 
296.548820 
296.538064 
296.527306 
296.516546 
296.505785 
296.495021 
296.484256 
296.473489 
296.462721 
296.451950 
296.441178 
296.430403 
296.419627 
296.408850 
296.398070 
296.387289 
296.376505 
296.365720 
296.354933 
296.344144 
296.333354 
296.322561 
296.311767 
296.300971 
296.290173 
296.279374 
296.268572 
296.257769 
296.246963 
296.236156 
296.225348 
296.214537 
296.203724 
296.192910 
296.182094 
296.171276 
296.160456 
296.149634 
296.138811 
296.127985 
296.117158 
296.106329 
296.095498 
296.084665 
296.073831 
296.062994 
296.052156 
296.041316 
296.030474 
296.019630 
296.008784 
295.997937 
295.987087 
295.976236 
295.965383 
295.954528 
295.943671 
295.932813 
295.921952 
295.911090 
295.900225 
295.889359 
295.878491 
295.867622 
295.856750 
295.845877 
295.835001 
295.824124 
295.813245 
295.802364 
295.791481 
295.780596 
295.769710 
295.758821 
295.747931 
295.737039 
295.726145 
295.715249 
295.704351 
295.693452 
295.682550 
295.671647 
295.660742 
295.649834 
295.638925 
295.628015 
295.617102 
295.606187 
295.595271 
295.584352 
295.573432 
295.562510 
295.551586 
295.540660 
295.529732 
295.518802 
295.507871 
295.496937 
295.486002 
295.475065 
295.464126 
295.453185 
295.442242 
295.431297 
295.420350 
295.409402 
295.398451 
295.387499 
295.376545 
295.365588 
295.354630 
295.343670 
295.332709 
295.321745 
295.310779 
295.299812 
295.288842 
295.277871 
295.266898 
295.255922 
295.244945 
295.233966 
295.222986 
295.212003 
295.201018 
295.190031 
295.179043 
295.168053 
295.157060 
295.146066 
295.135070 
295.124072 
295.113072 
295.102070 
295.091066 
295.080060 
295.069053 
295.058043 
295.047031 
295.036018 
295.025003 
295.013985 
295.002966 
294.991945 
294.980922 
294.969897 
294.958870 
294.947841 
294.936811 
294.925778 
294.914743 
294.903707 
294.892668 
294.881628 
294.870586 
294.859541 
294.848495 
294.837447 
294.826397 
294.815345 
294.804291 
294.793235 
294.782177 
294.771117 
294.760056 
294.748992 
294.737926 
294.726859 
294.715789 
294.704718 
294.693645 
294.682569 
294.671492 
294.660413 
294.649332 
294.638248 
294.627163 
294.616076 
294.604987 
294.593896 
294.582803 
294.571708 
294.560612 
294.549513 
294.538412 
294.527309 
294.516205 
294.505098 
294.493990 
294.482879 
294.471766 
294.460652 
294.449535 
294.438417 
294.427297 
294.416174 
294.405050 
294.393924 
294.382795 
294.371665 
294.360533 
294.349399 
294.338263 
294.327124 
294.315984 
294.304842 
294.293698 
294.282552 
294.271404 
294.260254 
294.249102 
294.237948 
294.226792 
294.215634 
294.204474 
294.193312 
294.182148 
294.170982 
294.159815 
294.148645 
294.137473 
294.126299 
294.115123 
294.103945 
294.092765 
294.081584 
294.070400 
294.059214 
294.048026 
294.036836 
294.025644 
294.014451 
294.003255 
293.992057 
293.980857 
293.969655 
293.958451 
293.947245 
293.936038 
293.924828 
293.913616 
293.902402 
293.891186 
293.879968 
293.868748 
293.857526 
293.846302 
293.835076 
293.823848 
293.812618 
293.801386 
293.790152 
293.778916 
293.767678 
293.756438 
293.745196 
293.733952 
293.722705 
293.711457 
293.700207 
293.688955 
293.677700 
293.666444 
293.655186 
293.643925 
293.632663 
293.621399 
293.610132 
293.598864 
293.587593 
293.576320 
293.565046 
293.553769 
293.542490 
293.531210 
293.519927 
293.508642 
293.497355 
293.486066 
293.474775 
293.463482 
293.452187 
293.440890 
293.429591 
293.418290 
293.406987 
293.395681 
293.384374 
293.373065 
293.361753 
293.350440 
293.339124 
293.327806 
293.316487 
293.305165 
293.293841 
293.282515 
293.271187 
293.259857 
293.248525 
293.237191 
293.225855 
293.214517 
293.203177 
293.191834 
293.180490 
293.169143 
293.157795 
293.146444 
293.135091 
293.123736 
293.112380 
293.101021 
293.089660 
293.078296 
293.066931 
293.055564 
293.044195 
293.032823 
293.021450 
293.010074 
292.998696 
292.987317 
292.975935 
292.964551 
292.953165 
292.941777 
292.930386 
292.918994 
292.907600 
292.896203 
292.884805 
292.873404 
292.862001 
292.850596 
292.839189 
292.827780 
292.816369 
292.804956 
292.793540 
292.782123 
292.770703 
292.759282 
292.747858 
292.736432 
292.725004 
292.713574 
292.702142 
292.690707 
292.679271 
292.667832 
292.656392 
292.644949 
292.633504 
292.622057 
292.610608 
292.599156 
292.587703 
292.576248 
292.564790 
292.553330 
292.541868 
292.530404 
292.518938 
292.507470 
292.496000 
292.484527 
292.473052 
292.461576 
292.450097 
292.438616 
292.427133 
292.415647 
292.404160 
292.392670 
292.381179 
292.369685 
292.358189 
292.346691 
292.335191 
292.323688 
292.312184 
292.300677 
292.289168 
292.277657 
292.266144 
292.254629 
292.243111 
292.231592 
292.220070 
292.208546 
292.197020 
292.185492 
292.173962 
292.162429 
292.150894 
292.139358 
292.127819 
292.116277 
292.104734 
292.093189 
292.081641 
292.070091 
292.058539 
292.046985 
292.035429 
292.023871 
292.012310 
292.000747 
291.989182 
291.977615 
291.966046 
291.954474 
291.942901 
291.931325 
291.919747 
291.908167 
291.896584 
291.885000 
291.873413 
291.861824 
291.850233 
291.838640 
291.827044 
291.815446 
291.803847 
291.792245 
291.780640 
291.769034 
291.757425 
291.745814 
291.734201 
291.722586 
291.710969 
291.699349 
291.687727 
291.676103 
291.664477 
291.652849 
291.641218 
291.629586 
291.617951 
291.606313 
291.594674 
291.583032 
291.571388 
291.559742 
291.548094 
291.536444 
291.524791 
291.513136 
291.501479 
291.489820 
291.478158 
291.466494 
291.454828 
291.443160 
291.431490 
291.419817 
291.408142 
291.396465 
291.384786 
291.373104 
291.361421 
291.349735 
291.338046 
291.326356 
291.314663 
291.302968 
291.291271 
291.279572 
291.267870 
291.256166 
291.244460 
291.232752 
291.221041 
291.209328 
291.197613 
291.185896 
291.174176 
291.162455 
291.150731 
291.139004 
291.127276 
291.115545 
291.103812 
291.092077 
291.080339 
291.068599 
291.056857 
291.045113 
291.033366 
291.021617 
291.009866 
290.998113 
290.986357 
290.974599 
290.962839 
290.951077 
290.939312 
290.927545 
290.915776 
290.904004 
290.892231 
290.880455 
290.868676 
290.856896 
290.845113 
290.833328 
290.821540 
290.809751 
290.797959 
290.786164 
290.774368 
290.762569 
290.750768 
290.738964 
290.727159 
290.715351 
290.703541 
290.691728 
290.679913 
290.668096 
290.656277 
290.644455 
290.632631 
290.620805 
290.608976 
290.597145 
290.585312 
290.573476 
290.561638 
290.549798 
290.537956 
290.526111 
290.514264 
290.502415 
290.490563 
290.478709 
290.466853 
290.454994 
290.443134 
290.431270 
290.419405 
290.407537 
290.395667 
290.383794 
290.371920 
290.360042 
290.348163 
290.336281 
290.324397 
290.312511 
290.300622 
290.288731 
290.276837 
290.264942 
290.253044 
290.241143 
290.229241 
290.217335 
290.205428 
290.193518 
290.181606 
290.169692 
290.157775 
290.145856 
290.133935 
290.122011 
290.110085 
290.098156 
290.086225 
290.074292 
290.062357 
290.050419 
290.038479 
290.026536 
290.014591 
290.002644 
289.990694 
289.978742 
289.966788 
289.954831 
289.942872 
289.930910 
289.918947 
289.906980 
289.895012 
289.883041 
289.871068 
289.859092 
289.847114 
289.835134 
289.823151 
289.811166 
289.799178 
289.787188 
289.775196 
289.763201 
289.751204 
289.739205 
289.727203 
289.715199 
289.703192 
289.691183 
289.679172 
289.667158 
289.655142 
289.643124 
289.631103 
289.619080 
289.607054 
289.595026 
289.582995 
289.570962 
289.558927 
289.546889 
289.534849 
289.522807 
289.510762 
289.498715 
289.486665 
289.474613 
289.462558 
289.450501 
289.438442 
289.426380 
289.414316 
289.402250 
289.390181 
289.378109 
289.366035 
289.353959 
289.341880 
289.329799 
289.317716 
289.305630 
289.293542 
289.281451 
289.269358 
289.257262 
289.245164 
289.233063 
289.220960 
289.208855 
289.196747 
289.184637 
289.172524 
289.160409 
289.148291 
289.136171 
289.124049 
289.111924 
289.099797 
289.087667 
289.075535 
289.063400 
289.051263 
289.039123 
289.026981 
289.014837 
289.002690 
288.990540 
288.978388 
288.966234 
288.954077 
288.941918 
288.929756 
288.917592 
288.905425 
288.893256 
288.881085 
288.868911 
288.856734 
288.844555 
288.832374 
288.820190 
288.808003 
288.795814 
288.783623 
288.771429 
288.759233 
288.747034 
288.734833 
288.722629 
288.710423 
288.698214 
288.686003 
288.673789 
288.661573 
288.649354 
288.637133 
288.624909 
288.612683 
288.600454 
288.588223 
288.575989 
288.563753 
288.551515 
288.539273 
288.527030 
288.514783 
288.502535 
288.490284 
288.478030 
288.465774 
288.453515 
288.441254 
288.428990 
288.416724 
288.404455 
288.392183 
288.379910 
288.367633 
288.355354 
288.343073 
288.330789 
288.318502 
288.306213 
288.293922 
288.281628 
288.269331 
288.257032 
288.244730 
288.232426 
288.220120 
288.207810 
288.195498 
288.183184 
288.170867 
288.158548 
288.146226 
288.133901 
288.121574 
288.109245 
288.096912 
288.084578 
288.072240 
288.059901 
288.047558 
288.035213 
288.022866 
288.010516 
287.998163 
287.985808 
287.973450 
287.961090 
287.948727 
287.936362 
287.923994 
287.911623 
287.899250 
287.886874 
287.874496 
287.862115 
287.849732 
287.837345 
287.824957 
287.812566 
287.800172 
287.787776 
287.775377 
287.762975 
287.750571 
287.738164 
287.725755 
287.713343 
287.700929 
287.688512 
287.676092 
287.663670 
287.651245 
287.638817 
287.626387 
287.613955 
287.601519 
287.589082 
287.576641 
287.564198 
287.551752 
287.539304 
287.526853 
287.514400 
287.501944 
287.489485 
287.477023 
287.464559 
287.452093 
287.439624 
287.427152 
287.414677 
287.402200 
287.389720 
287.377238 
287.364753 
287.352266 
287.339775 
287.327282 
287.314787 
287.302289 
287.289788 
287.277285 
287.264778 
287.252270 
287.239758 
287.227244 
287.214728 
287.202208 
287.189687 
287.177162 
287.164635 
287.152105 
287.139572 
287.127037 
287.114499 
287.101959 
287.089416 
287.076870 
287.064321 
287.051770 
287.039216 
287.026660 
287.014100 
287.001539 
286.988974 
286.976407 
286.963837 
286.951265 
286.938689 
286.926111 
286.913531 
286.900948 
286.888362 
286.875773 
286.863182 
286.850588 
286.837991 
286.825392 
286.812790 
286.800185 
286.787577 
286.774967 
286.762355 
286.749739 
286.737121 
286.724500 
286.711876 
286.699250 
286.686621 
286.673989 
286.661355 
286.648717 
286.636077 
286.623435 
286.610790 
286.598142 
286.585491 
286.572837 
286.560181 
286.547522 
286.534861 
286.522196 
286.509529 
286.496859 
286.484187 
286.471511 
286.458833 
286.446153 
286.433469 
286.420783 
286.408094 
286.395402 
286.382708 
286.370011 
286.357311 
286.344608 
286.331903 
286.319195 
286.306484 
286.293770 
286.281054 
286.268335 
286.255613 
286.242888 
286.230161 
286.217430 
286.204697 
286.191962 
286.179223 
286.166482 
286.153738 
286.140991 
286.128242 
286.115489 
286.102734 
286.089976 
286.077216 
286.064452 
286.051686 
286.038917 
286.026145 
286.013371 
286.000593 
285.987813 
285.975030 
285.962245 
285.949456 
285.936665 
285.923871 
285.911074 
285.898274 
285.885472 
285.872667 
285.859858 
285.847048 
285.834234 
285.821417 
285.808598 
285.795776 
285.782951 
285.770123 
285.757293 
285.744459 
285.731623 
285.718784 
285.705942 
285.693098 
285.680250 
285.667400 
285.654547 
285.641691 
285.628832 
285.615971 
285.603106 
285.590239 
285.577369 
285.564496 
285.551620 
285.538741 
285.525860 
285.512976 
285.500088 
285.487198 
285.474305 
285.461410 
285.448511 
285.435610 
285.422706 
285.409798 
285.396888 
285.383976 
285.371060 
285.358141 
285.345220 
285.332296 
285.319368 
285.306438 
285.293505 
285.280570 
285.267631 
285.254690 
285.241745 
285.228798 
285.215848 
285.202895 
285.189939 
285.176980 
285.164018 
285.151054 
285.138086 
285.125116 
285.112142 
285.099166 
285.086187 
285.073205 
285.060220 
285.047233 
285.034242 
285.021249 
285.008252 
284.995253 
284.982250 
284.969245 
284.956237 
284.943226 
284.930212 
284.917195 
284.904176 
284.891153 
284.878127 
284.865099 
284.852067 
284.839033 
284.825996 
284.812955 
284.799912 
284.786866 
284.773817 
284.760765 
284.747710 
284.734652 
284.721591 
284.708528 
284.695461 
284.682391 
284.669319 
284.656243 
284.643165 
284.630083 
284.616999 
284.603911 
284.590821 
284.577728 
284.564632 
284.551532 
284.538430 
284.525325 
284.512217 
284.499106 
284.485992 
284.472875 
284.459755 
284.446632 
284.433506 
284.420377 
284.407245 
284.394110 
284.380973 
284.367832 
284.354688 
284.341541 
284.328391 
284.315238 
284.302082 
284.288924 
284.275762 
284.262597 
284.249429 
284.236258 
284.223085 
284.209908 
284.196728 
284.183545 
284.170359 
284.157170 
284.143978 
284.130784 
284.117586 
284.104385 
284.091181 
284.077974 
284.064764 
284.051551 
284.038335 
284.025115 
284.011893 
283.998668 
283.985440 
283.972209 
283.958974 
283.945737 
283.932497 
283.919253 
283.906007 
283.892757 
283.879505 
283.866249 
283.852990 
283.839729 
283.826464 
283.813196 
283.799925 
283.786651 
283.773374 
283.760094 
283.746811 
283.733525 
283.720235 
283.706943 
283.693647 
283.680349 
283.667047 
283.653743 
283.640435 
283.627124 
283.613810 
283.600493 
283.587173 
283.573850 
283.560523 
283.547194 
283.533861 
283.520526 
283.507187 
283.493845 
283.480501 
283.467153 
283.453801 
283.440447 
283.427090 
283.413729 
283.400366 
283.386999 
283.373629 
283.360257 
283.346881 
283.333501 
283.320119 
283.306734 
283.293345 
283.279954 
283.266559 
283.253161 
283.239760 
283.226356 
283.212948 
283.199538 
283.186124 
283.172707 
283.159287 
283.145864 
283.132438 
283.119009 
283.105576 
283.092141 
283.078702 
283.065260 
283.051815 
283.038366 
283.024915 
283.011460 
282.998002 
282.984541 
282.971077 
282.957610 
282.944139 
282.930666 
282.917189 
282.903709 
282.890226 
282.876739 
282.863249 
282.849757 
282.836261 
282.822762 
282.809259 
282.795754 
282.782245 
282.768733 
282.755218 
282.741699 
282.728178 
282.714653 
282.701125 
282.687594 
282.674059 
282.660522 
282.646981 
282.633437 
282.619889 
282.606339 
282.592785 
282.579228 
282.565668 
282.552104 
282.538538 
282.524968 
282.511395 
282.497818 
282.484239 
282.470656 
282.457070 
282.443480 
282.429888 
282.416292 
282.402693 
282.389090 
282.375485 
282.361876 
282.348264 
282.334648 
282.321030 
282.307408 
282.293783 
282.280154 
282.266522 
282.252887 
282.239249 
282.225608 
282.211963 
282.198315 
282.184663 
282.171009 
282.157351 
282.143689 
282.130025 
282.116357 
282.102686 
282.089011 
282.075334 
282.061653 
282.047968 
282.034281 
282.020590 
282.006895 
281.993198 
281.979497 
281.965793 
281.952085 
281.938374 
281.924660 
281.910943 
281.897222 
281.883498 
281.869770 
281.856040 
281.842306 
281.828568 
281.814827 
281.801083 
281.787336 
281.773585 
281.759831 
281.746073 
281.732312 
281.718548 
281.704781 
281.691010 
281.677235 
281.663458 
281.649677 
281.635892 
281.622105 
281.608314 
281.594519 
281.580721 
281.566920 
281.553116 
281.539308 
281.525496 
281.511682 
281.497864 
281.484042 
281.470217 
281.456389 
281.442557 
281.428722 
281.414884 
281.401042 
281.387197 
281.373348 
281.359496 
281.345641 
281.331782 
281.317920 
281.304054 
281.290185 
281.276312 
281.262436 
281.248557 
281.234674 
281.220788 
281.206898 
281.193005 
281.179109 
281.165209 
281.151306 
281.137399 
281.123489 
281.109575 
281.095658 
281.081737 
281.067813 
281.053886 
281.039955 
281.026021 
281.012083 
280.998142 
280.984197 
280.970249 
280.956297 
280.942342 
280.928383 
280.914421 
280.900456 
280.886487 
280.872514 
280.858538 
280.844559 
280.830576 
280.816589 
280.802599 
280.788606 
280.774609 
280.760609 
280.746605 
280.732597 
280.718587 
280.704572 
280.690554 
280.676533 
280.662508 
280.648479 
280.634448 
280.620412 
280.606373 
280.592331 
280.578285 
280.564235 
280.550182 
280.536125 
280.522065 
280.508002 
280.493934 
280.479864 
280.465789 
280.451711 
280.437630 
280.423545 
280.409457 
280.395365 
280.381269 
280.367170 
280.353067 
280.338961 
280.324851 
280.310738 
280.296621 
280.282500 
280.268376 
280.254249 
280.240117 
280.225982 
280.211844 
280.197702 
280.183557 
280.169407 
280.155255 
280.141098 
280.126938 
280.112775 
280.098608 
280.084437 
280.070263 
280.056085 
280.041903 
280.027718 
280.013529 
279.999337 
279.985141 
279.970941 
279.956738 
279.942531 
279.928321 
279.914107 
279.899889 
279.885667 
279.871442 
279.857214 
279.842981 
279.828745 
279.814506 
279.800263 
279.786016 
279.771765 
279.757511 
279.743253 
279.728992 
279.714727 
279.700458 
279.686185 
279.671909 
279.657629 
279.643346 
279.629059 
279.614768 
279.600473 
279.586175 
279.571873 
279.557568 
279.543258 
279.528945 
279.514629 
279.500308 
279.485984 
279.471657 
279.457325 
279.442990 
279.428651 
279.414308 
279.399962 
279.385612 
279.371258 
279.356901 
279.342540 
279.328175 
279.313806 
279.299434 
279.285058 
279.270678 
279.256295 
279.241907 
279.227516 
279.213122 
279.198723 
279.184321 
279.169915 
279.155505 
279.141092 
279.126674 
279.112253 
279.097828 
279.083400 
279.068968 
279.054531 
279.040092 
279.025648 
279.011200 
278.996749 
278.982294 
278.967835 
278.953373 
278.938907 
278.924436 
278.909963 
278.895485 
278.881003 
278.866518 
278.852029 
278.837536 
278.823039 
278.808539 
278.794034 
278.779526 
278.765014 
278.750498 
278.735978 
278.721455 
278.706928 
278.692396 
278.677861 
278.663323 
278.648780 
278.634233 
278.619683 
278.605129 
278.590571 
278.576009 
278.561443 
278.546874 
278.532300 
278.517723 
278.503142 
278.488557 
278.473968 
278.459375 
278.444778 
278.430178 
278.415573 
278.400965 
278.386353 
278.371737 
278.357117 
278.342493 
278.327865 
278.313233 
278.298598 
278.283958 
278.269315 
278.254668 
278.240017 
278.225361 
278.210702 
278.196040 
278.181373 
278.166702 
278.152027 
278.137349 
278.122666 
278.107980 
278.093289 
278.078595 
278.063896 
278.049194 
278.034488 
278.019778 
278.005064 
277.990346 
277.975624 
277.960898 
277.946168 
277.931434 
277.916696 
277.901954 
277.887208 
277.872459 
277.857705 
277.842947 
277.828185 
277.813420 
277.798650 
277.783876 
277.769099 
277.754317 
277.739531 
277.724742 
277.709948 
277.695150 
277.680348 
277.665543 
277.650733 
277.635919 
277.621101 
277.606280 
277.591454 
277.576624 
277.561790 
277.546952 
277.532110 
277.517264 
277.502414 
277.487560 
277.472702 
277.457840 
277.442974 
277.428103 
277.413229 
277.398350 
277.383468 
277.368581 
277.353691 
277.338796 
277.323897 
277.308995 
277.294088 
277.279177 
277.264261 
277.249342 
277.234419 
277.219492 
277.204560 
277.189625 
277.174685 
277.159741 
277.144793 
277.129841 
277.114885 
277.099925 
277.084961 
277.069992 
277.055020 
277.040043 
277.025062 
277.010077 
276.995088 
276.980095 
276.965097 
276.950096 
276.935090 
276.920080 
276.905066 
276.890048 
276.875026 
276.859999 
276.844969 
276.829934 
276.814895 
276.799852 
276.784804 
276.769753 
276.754697 
276.739637 
276.724573 
276.709505 
276.694432 
276.679356 
276.664275 
276.649190 
276.634101 
276.619007 
276.603910 
276.588808 
276.573702 
276.558591 
276.543477 
276.528358 
276.513235 
276.498108 
276.482976 
276.467841 
276.452701 
276.437556 
276.422408 
276.407255 
276.392098 
276.376937 
276.361772 
276.346602 
276.331428 
276.316250 
276.301067 
276.285881 
276.270690 
276.255494 
276.240295 
276.225091 
276.209883 
276.194670 
276.179453 
276.164232 
276.149007 
276.133777 
276.118543 
276.103305 
276.088063 
276.072816 
276.057564 
276.042309 
276.027049 
276.011785 
275.996516 
275.981244 
275.965966 
275.950685 
275.935399 
275.920109 
275.904814 
275.889515 
275.874212 
275.858905 
275.843593 
275.828276 
275.812956 
275.797630 
275.782301 
275.766967 
275.751629 
275.736286 
275.720940 
275.705588 
275.690232 
275.674872 
275.659508 
275.644139 
275.628766 
275.613388 
275.598006 
275.582619 
275.567228 
275.551833 
275.536433 
275.521029 
275.505620 
275.490207 
275.474790 
275.459368 
275.443941 
275.428510 
275.413075 
275.397635 
275.382191 
275.366743 
275.351289 
275.335832 
275.320370 
275.304903 
275.289432 
275.273957 
275.258477 
275.242993 
275.227504 
275.212010 
275.196512 
275.181010 
275.165503 
275.149992 
275.134476 
275.118956 
275.103431 
275.087901 
275.072367 
275.056829 
275.041286 
275.025739 
275.010187 
274.994630 
274.979069 
274.963503 
274.947933 
274.932358 
274.916779 
274.901195 
274.885607 
274.870014 
274.854417 
274.838815 
274.823208 
274.807597 
274.791981 
274.776361 
274.760736 
274.745106 
274.729472 
274.713833 
274.698190 
274.682542 
274.666890 
274.651233 
274.635571 
274.619905 
274.604234 
274.588558 
274.572878 
274.557193 
274.541504 
274.525810 
274.510111 
274.494408 
274.478700 
274.462987 
274.447270 
274.431548 
274.415821 
274.400090 
274.384354 
274.368614 
274.352868 
274.337118 
274.321364 
274.305605 
274.289841 
274.274072 
274.258299 
274.242521 
274.226738 
274.210951 
274.195159 
274.179362 
274.163560 
274.147754 
274.131943 
274.116127 
274.100307 
274.084482 
274.068652 
274.052817 
274.036978 
274.021134 
274.005285 
273.989431 
273.973573 
273.957710 
273.941842 
273.925970 
273.910092 
273.894210 
273.878323 
273.862432 
273.846535 
273.830634 
273.814728 
273.798817 
273.782901 
273.766981 
273.751056 
273.735126 
273.719191 
273.703251 
273.687307 
273.671357 
273.655403 
273.639444 
273.623481 
273.607512 
273.591539 
273.575560 
273.559577 
273.543589 
273.527596 
273.511599 
273.495596 
273.479589 
273.463576 
273.447559 
273.431537 
273.415510 
273.399479 
273.383442 
273.367401 
273.351354 
273.335303 
273.319247 
273.303185 
273.287119 
273.271048 
273.254973 
273.238892 
273.222806 
273.206715 
273.190620 
273.174519 
273.158414 
273.142304 
273.126188 
273.110068 
273.093943 
273.077813 
273.061678 
273.045538 
273.029393 
273.013243 
272.997088 
272.980928 
272.964763 
272.948593 
272.932418 
272.916238 
272.900053 
272.883863 
272.867668 
272.851468 
272.835263 
272.819053 
272.802838 
272.786618 
272.770393 
272.754163 
272.737928 
272.721688 
272.705443 
272.689193 
272.672938 
272.656677 
272.640412 
272.624142 
272.607866 
272.591586 
272.575300 
272.559009 
272.542713 
272.526413 
272.510107 
272.493796 
272.477479 
272.461158 
272.444832 
272.428500 
272.412164 
272.395822 
272.379475 
272.363123 
272.346766 
272.330404 
272.314037 
272.297664 
272.281287 
272.264904 
272.248516 
272.232123 
272.215725 
272.199321 
272.182913 
272.166499 
272.150080 
272.133656 
272.117227 
272.100793 
272.084353 
272.067908 
272.051458 
272.035003 
272.018542 
272.002077 
271.985606 
271.969130 
271.952649 
271.936162 
271.919670 
271.903173 
271.886671 
271.870163 
271.853651 
271.837133 
271.820610 
271.804081 
271.787547 
271.771008 
271.754464 
271.737914 
271.721359 
271.704799 
271.688234 
271.671663 
271.655087 
271.638506 
271.621919 
271.605327 
271.588730 
271.572127 
271.555519 
271.538906 
271.522288 
271.505664 
271.489035 
271.472400 
271.455760 
271.439115 
271.422464 
271.405808 
271.389147 
271.372480 
271.355808 
271.339131 
271.322448 
271.305759 
271.289066 
271.272367 
271.255662 
271.238953 
271.222237 
271.205517 
271.188791 
271.172059 
271.155322 
271.138580 
271.121832 
271.105079 
271.088320 
271.071556 
271.054787 
271.038012 
271.021231 
271.004445 
270.987654 
270.970857 
270.954055 
270.937247 
270.920434 
270.903615 
270.886790 
270.869961 
270.853125 
270.836285 
270.819438 
270.802587 
270.785729 
270.768866 
270.751998 
270.735124 
270.718245 
270.701360 
270.684469 
270.667573 
270.650671 
270.633764 
270.616851 
270.599933 
270.583009 
270.566079 
270.549144 
270.532204 
270.515257 
270.498305 
270.481348 
270.464385 
270.447416 
270.430442 
270.413462 
270.396476 
270.379485 
270.362489 
270.345486 
270.328478 
270.311464 
270.294445 
270.277420 
270.260389 
270.243353 
270.226311 
270.209263 
270.192210 
270.175151 
270.158086 
270.141015 
270.123939 
270.106857 
270.089770 
270.072677 
270.055578 
270.038473 
270.021362 
270.004246 
269.987124 
269.969997 
269.952863 
269.935724 
269.918579 
269.901429 
269.884272 
269.867110 
269.849942 
269.832769 
269.815589 
269.798404 
269.781213 
269.764016 
269.746813 
269.729605 
269.712390 
269.695170 
269.677944 
269.660713 
269.643475 
269.626232 
269.608982 
269.591727 
269.574466 
269.557199 
269.539927 
269.522648 
269.505364 
269.488074 
269.470777 
269.453475 
269.436167 
269.418854 
269.401534 
269.384208 
269.366877 
269.349539 
269.332196 
269.314847 
269.297491 
269.280130 
269.262763 
269.245390 
269.228011 
269.210626 
269.193235 
269.175839 
269.158436 
269.141027 
269.123612 
269.106191 
269.088765 
269.071332 
269.053893 
269.036449 
269.018998 
269.001541 
268.984078 
268.966609 
268.949135 
268.931654 
268.914167 
268.896674 
268.879175 
268.861670 
268.844159 
268.826642 
268.809118 
268.791589 
268.774054 
268.756512 
268.738965 
268.721411 
268.703851 
268.686286 
268.668714 
268.651135 
268.633551 
268.615961 
268.598364 
268.580762 
268.563153 
268.545538 
268.527917 
268.510290 
268.492657 
268.475017 
268.457371 
268.439720 
268.422061 
268.404397 
268.386727 
268.369050 
268.351367 
268.333678 
268.315983 
268.298281 
268.280574 
268.262860 
268.245140 
268.227413 
268.209680 
268.191942 
268.174196 
268.156445 
268.138687 
268.120923 
268.103153 
268.085376 
268.067593 
268.049804 
268.032009 
268.014207 
267.996399 
267.978585 
267.960764 
267.942937 
267.925103 
267.907264 
267.889418 
267.871565 
267.853706 
267.835841 
267.817970 
267.800092 
267.782208 
267.764317 
267.746420 
267.728516 
267.710607 
267.692690 
267.674768 
267.656839 
267.638903 
267.620961 
267.603013 
267.585058 
267.567097 
267.549129 
267.531155 
267.513174 
267.495187 
267.477194 
267.459194 
267.441187 
267.423174 
267.405155 
267.387128 
267.369096 
267.351057 
267.333011 
267.314959 
267.296901 
267.278835 
267.260764 
267.242685 
267.224601 
267.206509 
267.188411 
267.170307 
267.152196 
267.134078 
267.115954 
267.097823 
267.079685 
267.061541 
267.043391 
267.025233 
267.007069 
266.988899 
266.970722 
266.952538 
266.934347 
266.916150 
266.897946 
266.879736 
266.861519 
266.843295 
266.825064 
266.806827 
266.788583 
266.770333 
266.752075 
266.733811 
266.715541 
266.697263 
266.678979 
266.660688 
266.642390 
266.624086 
266.605775 
266.587457 
266.569132 
266.550801 
266.532462 
266.514117 
266.495765 
266.477407 
266.459041 
266.440669 
266.422290 
266.403904 
266.385511 
266.367112 
266.348705 
266.330292 
266.311872 
266.293445 
266.275011 
266.256570 
266.238122 
266.219668 
266.201207 
266.182738 
266.164263 
266.145781 
266.127292 
266.108796 
266.090293 
266.071783 
266.053266 
266.034743 
266.016212 
265.997674 
265.979130 
265.960578 
265.942020 
265.923454 
265.904881 
265.886302 
265.867715 
265.849122 
265.830521 
265.811914 
265.793299 
265.774677 
265.756048 
265.737413 
265.718770 
265.700120 
265.681463 
265.662799 
265.644128 
265.625449 
265.606764 
265.588072 
265.569372 
265.550665 
265.531952 
265.513231 
265.494503 
265.475767 
265.457025 
265.438275 
265.419519 
265.400755 
265.381984 
265.363206 
265.344420 
265.325628 
265.306828 
265.288021 
265.269207 
265.250385 
265.231556 
265.212720 
265.193877 
265.175027 
265.156169 
265.137304 
265.118432 
265.099552 
265.080666 
265.061771 
265.042870 
265.023961 
265.005045 
264.986122 
264.967191 
264.948253 
264.929308 
264.910355 
264.891395 
264.872428 
264.853453 
264.834471 
264.815481 
264.796484 
264.777480 
264.758468 
264.739449 
264.720423 
264.701389 
264.682347 
264.663298 
264.644242 
264.625178 
264.606107 
264.587028 
264.567942 
264.548849 
264.529747 
264.510639 
264.491523 
264.472399 
264.453268 
264.434129 
264.414983 
264.395829 
264.376668 
264.357499 
264.338323 
264.319139 
264.299947 
264.280748 
264.261541 
264.242327 
264.223105 
264.203875 
264.184638 
264.165394 
264.146141 
264.126881 
264.107613 
264.088338 
264.069055 
264.049764 
264.030466 
264.011160 
263.991846 
263.972525 
263.953195 
263.933858 
263.914514 
263.895161 
263.875801 
263.856434 
263.837058 
263.817675 
263.798284 
263.778885 
263.759478 
263.740063 
263.720641 
263.701211 
263.681773 
263.662328 
263.642874 
263.623413 
263.603943 
263.584466 
263.564981 
263.545489 
263.525988 
263.506479 
263.486963 
263.467439 
263.447906 
263.428366 
263.408818 
263.389262 
263.369698 
263.350126 
263.330546 
263.310958 
263.291363 
263.271759 
263.252147 
263.232527 
263.212900 
263.193264 
263.173620 
263.153968 
263.134308 
263.114641 
263.094965 
263.075281 
263.055589 
263.035889 
263.016180 
262.996464 
262.976740 
262.957007 
262.937267 
262.917518 
262.897761 
262.877996 
262.858223 
262.838442 
262.818652 
262.798855 
262.779049 
262.759235 
262.739413 
262.719582 
262.699744 
262.679897 
262.660042 
262.640178 
262.620307 
262.600427 
262.580539 
262.560643 
262.540738 
262.520825 
262.500904 
262.480975 
262.461037 
262.441091 
262.421136 
262.401174 
262.381202 
262.361223 
262.341235 
262.321239 
262.301234 
262.281221 
262.261200 
262.241170 
262.221132 
262.201086 
262.181030 
262.160967 
262.140895 
262.120815 
262.100726 
262.080629 
262.060523 
262.040408 
262.020286 
262.000154 
261.980015 
261.959866 
261.939709 
261.919544 
261.899370 
261.879187 
261.858996 
261.838797 
261.818588 
261.798371 
261.778146 
261.757912 
261.737669 
261.717418 
261.697158 
261.676889 
261.656612 
261.636326 
261.616031 
261.595728 
261.575416 
261.555095 
261.534766 
261.514428 
261.494081 
261.473725 
261.453361 
261.432988 
261.412606 
261.392215 
261.371816 
261.351407 
261.330990 
261.310564 
261.290130 
261.269686 
261.249234 
261.228773 
261.208302 
261.187823 
261.167336 
261.146839 
261.126333 
261.105819 
261.085295 
261.064763 
261.044222 
261.023671 
261.003112 
260.982544 
260.961967 
260.941381 
260.920786 
260.900182 
260.879568 
260.858946 
260.838315 
260.817675 
260.797026 
260.776367 
260.755700 
260.735023 
260.714338 
260.693643 
260.672939 
260.652227 
260.631504 
260.610773 
260.590033 
260.569284 
260.548525 
260.527757 
260.506980 
260.486194 
260.465399 
260.444594 
260.423780 
260.402957 
260.382125 
260.361283 
260.340433 
260.319572 
260.298703 
260.277824 
260.256936 
260.236039 
260.215133 
260.194217 
260.173291 
260.152357 
260.131413 
260.110459 
260.089496 
260.068524 
260.047543 
260.026552 
260.005551 
259.984541 
259.963522 
259.942493 
259.921455 
259.900407 
259.879350 
259.858284 
259.837207 
259.816122 
259.795026 
259.773922 
259.752807 
259.731683 
259.710550 
259.689407 
259.668254 
259.647092 
259.625920 
259.604738 
259.583547 
259.562347 
259.541136 
259.519916 
259.498686 
259.477447 
259.456198 
259.434939 
259.413670 
259.392392 
259.371104 
259.349806 
259.328498 
259.307181 
259.285854 
259.264517 
259.243170 
259.221814 
259.200447 
259.179071 
259.157685 
259.136289 
259.114883 
259.093467 
259.072042 
259.050606 
259.029161 
259.007705 
258.986240 
258.964765 
258.943280 
258.921785 
258.900279 
258.878764 
258.857239 
258.835704 
258.814159 
258.792603 
258.771038 
258.749463 
258.727877 
258.706282 
258.684676 
258.663060 
258.641435 
258.619799 
258.598152 
258.576496 
258.554830 
258.533153 
258.511466 
258.489769 
258.468062 
258.446344 
258.424617 
258.402879 
258.381131 
258.359372 
258.337603 
258.315824 
258.294035 
258.272235 
258.250425 
258.228605 
258.206774 
258.184933 
258.163082 
258.141220 
258.119348 
258.097465 
258.075572 
258.053668 
258.031754 
258.009830 
257.987895 
257.965950 
257.943994 
257.922028 
257.900051 
257.878063 
257.856065 
257.834057 
257.812038 
257.790008 
257.767968 
257.745917 
257.723855 
257.701783 
257.679700 
257.657607 
257.635503 
257.613388 
257.591262 
257.569126 
257.546979 
257.524821 
257.502653 
257.480474 
257.458284 
257.436083 
257.413872 
257.391649 
257.369416 
257.347172 
257.324917 
257.302652 
257.280375 
257.258088 
257.235789 
257.213480 
257.191160 
257.168829 
257.146487 
257.124134 
257.101770 
257.079395 
257.057009 
257.034612 
257.012204 
256.989785 
256.967354 
256.944913 
256.922461 
256.899998 
256.877523 
256.855038 
256.832541 
256.810033 
256.787514 
256.764984 
256.742442 
256.719890 
256.697326 
256.674751 
256.652165 
256.629567 
256.606958 
256.584338 
256.561707 
256.539064 
256.516410 
256.493745 
256.471068 
256.448380 
256.425681 
256.402970 
256.380248 
256.357514 
256.334769 
256.312012 
256.289244 
256.266465 
256.243674 
256.220872 
256.198058 
256.175232 
256.152395 
256.129547 
256.106686 
256.083815 
256.060931 
256.038036 
256.015130 
255.992212 
255.969282 
255.946340 
255.923387 
255.900422 
255.877445 
255.854457 
255.831457 
255.808445 
255.785421 
255.762386 
255.739338 
255.716279 
255.693209 
255.670126 
255.647031 
255.623925 
255.600806 
255.577676 
255.554534 
255.531380 
255.508214 
255.485036 
255.461846 
255.438644 
255.415430 
255.392203 
255.368965 
255.345715 
255.322453 
255.299179 
255.275892 
255.252594 
255.229283 
255.205960 
255.182625 
255.159278 
255.135919 
255.112548 
255.089164 
255.065768 
255.042360 
255.018939 
254.995506 
254.972061 
254.948604 
254.925134 
254.901652 
254.878158 
254.854651 
254.831132 
254.807600 
254.784056 
254.760500 
254.736931 
254.713349 
254.689755 
254.666149 
254.642530 
254.618899 
254.595255 
254.571598 
254.547929 
254.524247 
254.500553 
254.476846 
254.453126 
254.429394 
254.405649 
254.381891 
254.358121 
254.334338 
254.310542 
254.286733 
254.262912 
254.239078 
254.215231 
254.191371 
254.167498 
254.143613 
254.119714 
254.095803 
254.071879 
254.047941 
254.023991 
254.000028 
253.976052 
253.952063 
253.928061 
253.904046 
253.880018 
253.855976 
253.831922 
253.807855 
253.783774 
253.759681 
253.735574 
253.711454 
253.687321 
253.663174 
253.639015 
253.614842 
253.590656 
253.566456 
253.542244 
253.518018 
253.493779 
253.469526 
253.445260 
253.420981 
253.396688 
253.372382 
253.348062 
253.323729 
253.299382 
253.275022 
253.250649 
253.226262 
253.201861 
253.177447 
253.153020 
253.128578 
253.104123 
253.079655 
253.055173 
253.030677 
253.006167 
252.981644 
252.957107 
252.932556 
252.907992 
252.883414 
252.858821 
252.834216 
252.809596 
252.784962 
252.760315 
252.735654 
252.710978 
252.686289 
252.661586 
252.636869 
252.612138 
252.587393 
252.562634 
252.537861 
252.513074 
252.488272 
252.463457 
252.438628 
252.413784 
252.388926 
252.364054 
252.339168 
252.314268 
252.289353 
252.264424 
252.239481 
252.214524 
252.189552 
252.164566 
252.139565 
252.114551 
252.089521 
252.064478 
252.039420 
252.014347 
251.989260 
251.964159 
251.939043 
251.913912 
251.888767 
251.863608 
251.838434 
251.813245 
251.788041 
251.762823 
251.737590 
251.712343 
251.687080 
251.661804 
251.636512 
251.611205 
251.585884 
251.560548 
251.535197 
251.509831 
251.484450 
251.459055 
251.433644 
251.408219 
251.382778 
251.357323 
251.331852 
251.306367 
251.280866 
251.255351 
251.229820 
251.204274 
251.178713 
251.153137 
251.127546 
251.101939 
251.076318 
251.050681 
251.025028 
250.999361 
250.973678 
250.947980 
250.922266 
250.896537 
250.870793 
250.845033 
250.819258 
250.793467 
250.767661 
250.741839 
250.716002 
250.690150 
250.664281 
250.638397 
250.612498 
250.586583 
250.560652 
250.534705 
250.508743 
250.482765 
250.456771 
250.430761 
250.404736 
250.378695 
250.352638 
250.326565 
250.300476 
250.274371 
250.248251 
250.222114 
250.195961 
250.169793 
250.143608 
250.117407 
250.091190 
250.064957 
250.038708 
250.012443 
249.986161 
249.959864 
249.933550 
249.907220 
249.880873 
249.854511 
249.828132 
249.801736 
249.775324 
249.748896 
249.722452 
249.695991 
249.669513 
249.643019 
249.616508 
249.589981 
249.563438 
249.536877 
249.510301 
249.483707 
249.457097 
249.430470 
249.403826 
249.377166 
249.350489 
249.323795 
249.297084 
249.270356 
249.243612 
249.216851 
249.190072 
249.163277 
249.136465 
249.109636 
249.082789 
249.055926 
249.029046 
249.002148 
248.975234 
248.948302 
248.921353 
248.894387 
248.867403 
248.840402 
248.813384 
248.786349 
248.759297 
248.732227 
248.705139 
248.678034 
248.650912 
248.623772 
248.596615 
248.569440 
248.542248 
248.515038 
248.487810 
248.460565 
248.433302 
248.406022 
248.378724 
248.351408 
248.324074 
248.296722 
248.269353 
248.241965 
248.214560 
248.187137 
248.159696 
248.132237 
248.104760 
248.077265 
248.049752 
248.022221 
247.994671 
247.967104 
247.939518 
247.911914 
247.884292 
247.856652 
247.828993 
247.801316 
247.773621 
247.745908 
247.718176 
247.690425 
247.662656 
247.634869 
247.607063 
247.579238 
247.551395 
247.523533 
247.495653 
247.467754 
247.439836 
247.411900 
247.383945 
247.355971 
247.327978 
247.299966 
247.271936 
247.243886 
247.215818 
247.187731 
247.159624 
247.131499 
247.103354 
247.075191 
247.047008 
247.018806 
246.990585 
246.962345 
246.934086 
246.905807 
246.877509 
246.849191 
246.820854 
246.792498 
246.764123 
246.735727 
246.707313 
246.678879 
246.650425 
246.621951 
246.593458 
246.564946 
246.536413 
246.507861 
246.479290 
246.450698 
246.422086 
246.393455 
246.364804 
246.336133 
246.307442 
246.278730 
246.249999 
246.221248 
246.192477 
246.163685 
246.134874 
246.106042 
246.077190 
246.048318 
246.019425 
245.990512 
245.961579 
245.932625 
245.903651 
245.874657 
245.845642 
245.816606 
245.787550 
245.758473 
245.729375 
245.700257 
245.671119 
245.641959 
245.612779 
245.583577 
245.554355 
245.525112 
245.495849 
245.466564 
245.437258 
245.407931 
245.378583 
245.349214 
245.319824 
245.290413 
245.260980 
245.231526 
245.202051 
245.172555 
245.143037 
245.113498 
245.083937 
245.054355 
245.024752 
244.995126 
244.965480 
244.935811 
244.906121 
244.876410 
244.846676 
244.816921 
244.787144 
244.757345 
244.727524 
244.697682 
244.667817 
244.637930 
244.608021 
244.578091 
244.548138 
244.518163 
244.488165 
244.458146 
244.428104 
244.398040 
244.367954 
244.337845 
244.307714 
244.277560 
244.247383 
244.217185 
244.186963 
244.156719 
244.126452 
244.096163 
244.065851 
244.035516 
244.005158 
243.974777 
243.944374 
243.913947 
243.883497 
243.853025 
243.822529 
243.792010 
243.761468 
243.730903 
243.700314 
243.669702 
243.639067 
243.608409 
243.577727 
243.547021 
243.516292 
243.485540 
243.454764 
243.423964 
243.393141 
243.362293 
243.331423 
243.300528 
243.269609 
243.238667 
243.207700 
243.176710 
243.145696 
243.114657 
243.083594 
243.052508 
243.021397 
242.990261 
242.959102 
242.927918 
242.896709 
242.865477 
242.834219 
242.802938 
242.771631 
242.740300 
242.708945 
242.677564 
242.646159 
242.614729 
242.583275 
242.551795 
242.520290 
242.488761 
242.457206 
242.425626 
242.394021 
242.362391 
242.330736 
242.299055 
242.267349 
242.235618 
242.203861 
242.172079 
242.140272 
242.108438 
242.076579 
242.044695 
242.012785 
241.980849 
241.948887 
241.916899 
241.884885 
241.852846 
241.820780 
241.788688 
241.756571 
241.724427 
241.692256 
241.660060 
241.627837 
241.595588 
241.563312 
241.531010 
241.498682 
241.466327 
241.433945 
241.401536 
241.369101 
241.336639 
241.304150 
241.271634 
241.239092 
241.206522 
241.173925 
241.141301 
241.108650 
241.075972 
241.043267 
241.010534 
240.977774 
240.944986 
240.912171 
240.879328 
240.846458 
240.813560 
240.780635 
240.747681 
240.714700 
240.681691 
240.648654 
240.615589 
240.582496 
240.549375 
240.516226 
240.483048 
240.449843 
240.416609 
240.383346 
240.350055 
240.316736 
240.283388 
240.250011 
240.216606 
240.183172 
240.149710 
240.116218 
240.082698 
240.049148 
240.015570 
239.981962 
239.948325 
239.914659 
239.880964 
239.847240 
239.813486 
239.779702 
239.745889 
239.712047 
239.678175 
239.644273 
239.610342 
239.576380 
239.542389 
239.508368 
239.474317 
239.440235 
239.406124 
239.371982 
239.337810 
239.303608 
239.269376 
239.235113 
239.200819 
239.166495 
239.132140 
239.097755 
239.063339 
239.028892 
238.994414 
238.959905 
238.925365 
238.890794 
238.856191 
238.821558 
238.786893 
238.752197 
238.717469 
238.682710 
238.647920 
238.613097 
238.578243 
238.543357 
238.508440 
238.473490 
238.438508 
238.403495 
238.368449 
238.333371 
238.298261 
238.263118 
238.227943 
238.192736 
238.157496 
238.122223 
238.086918 
238.051580 
238.016209 
237.980805 
237.945369 
237.909899 
237.874396 
237.838860 
237.803290 
237.767687 
237.732051 
237.696381 
237.660678 
237.624941 
237.589170 
237.553366 
237.517528 
237.481655 
237.445749 
237.409809 
237.373834 
237.337825 
237.301782 
237.265705 
237.229592 
237.193446 
237.157265 
237.121049 
237.084798 
237.048512 
237.012191 
236.975836 
236.939445 
236.903019 
236.866558 
236.830061 
236.793529 
236.756961 
236.720358 
236.683719 
236.647044 
236.610334 
236.573587 
236.536805 
236.499986 
236.463131 
236.426240 
236.389313 
236.352349 
236.315348 
236.278311 
236.241237 
236.204127 
236.166980 
236.129795 
236.092574 
236.055315 
236.018019 
235.980686 
235.943316 
235.905908 
235.868462 
235.830979 
235.793458 
235.755899 
235.718303 
235.680668 
235.642995 
235.605284 
235.567534 
235.529747 
235.491920 
235.454055 
235.416152 
235.378210 
235.340228 
235.302208 
235.264149 
235.226051 
235.187913 
235.149736 
235.111520 
235.073264 
235.034969 
234.996634 
234.958259 
234.919844 
234.881389 
234.842894 
234.804359 
234.765783 
234.727167 
234.688511 
234.649813 
234.611076 
234.572297 
234.533478 
234.494617 
234.455715 
234.416772 
234.377788 
234.338763 
234.299695 
234.260587 
234.221436 
234.182244 
234.143009 
234.103733 
234.064414 
234.025053 
233.985650 
233.946204 
233.906716 
233.867185 
233.827611 
233.787994 
233.748335 
233.708632 
233.668885 
233.629096 
233.589263 
233.549386 
233.509466 
233.469502 
233.429493 
233.389441 
233.349345 
233.309204 
233.269019 
233.228790 
233.188516 
233.148197 
233.107833 
233.067425 
233.026971 
232.986472 
232.945927 
232.905338 
232.864702 
232.824021 
232.783294 
232.742522 
232.701703 
232.660838 
232.619926 
232.578969 
232.537964 
232.496913 
232.455815 
232.414671 
232.373479 
232.332240 
232.290954 
232.249620 
232.208239 
232.166810 
232.125333 
232.083808 
232.042235 
232.000614 
231.958945 
231.917227 
231.875460 
231.833645 
231.791781 
231.749867 
231.707905 
231.665893 
231.623832 
231.581722 
231.539561 
231.497351 
231.455091 
231.412781 
231.370420 
231.328009 
231.285548 
231.243036 
231.200473 
231.157859 
231.115193 
231.072477 
231.029709 
230.986890 
230.944019 
230.901096 
230.858121 
230.815094 
230.772015 
230.728883 
230.685699 
230.642462 
230.599172 
230.555829 
230.512433 
230.468984 
230.425481 
230.381924 
230.338313 
230.294649 
230.250930 
230.207157 
230.163330 
230.119448 
230.075511 
230.031520 
229.987473 
229.943371 
229.899214 
229.855001 
229.810732 
229.766407 
229.722026 
229.677589 
229.633096 
229.588546 
229.543939 
229.499276 
229.454555 
229.409777 
229.364941 
229.320048 
229.275098 
229.230089 
229.185022 
229.139897 
229.094713 
229.049470 
229.004169 
228.958809 
228.913389 
228.867910 
228.822372 
228.776774 
228.731116 
228.685397 
228.639619 
228.593780 
228.547880 
228.501919 
228.455897 
228.409815 
228.363670 
228.317464 
228.271196 
228.224866 
228.178474 
228.132019 
228.085502 
228.038922 
227.992279 
227.945573 
227.898803 
227.851970 
227.805072 
227.758111 
227.711086 
227.663996 
227.616841 
227.569622 
227.522338 
227.474988 
227.427573 
227.380092 
227.332545 
227.284932 
227.237252 
227.189507 
227.141694 
227.093814 
227.045867 
226.997853 
226.949771 
226.901621 
226.853403 
226.805116 
226.756761 
226.708338 
226.659845 
226.611283 
226.562651 
226.513950 
226.465178 
226.416337 
226.367425 
226.318442 
226.269389 
226.220264 
226.171068 
226.121800 
226.072461 
226.023049 
225.973565 
225.924008 
225.874378 
225.824676 
225.774899 
225.725050 
225.675126 
225.625128 
225.575056 
225.524909 
225.474687 
225.424390 
225.374017 
225.323569 
225.273045 
225.222444 
225.171767 
225.121013 
225.070182 
225.019274 
224.968288 
224.917224 
224.866082 
224.814862 
224.763562 
224.712184 
224.660727 
224.609189 
224.557572 
224.505875 
224.454097 
224.402239 
224.350299 
224.298278 
224.246176 
224.193991 
224.141725 
224.089375 
224.036943 
223.984428 
223.931829 
223.879146 
223.826379 
223.773528 
223.720592 
223.667571 
223.614464 
223.561272 
223.507994 
223.454629 
223.401178 
223.347640 
223.294014 
223.240301 
223.186500 
223.132610 
223.078632 
223.024565 
222.970408 
222.916162 
222.861825 
222.807398 
222.752880 
222.698272 
222.643571 
222.588779 
222.533895 
222.478918 
222.423848 
222.368685 
222.313428 
222.258077 
222.202632 
222.147092 
222.091457 
222.035726 
221.979899 
221.923976 
221.867956 
221.811839 
221.755625 
221.699313 
221.642902 
221.586393 
221.529785 
221.473077 
221.416269 
221.359361 
221.302352 
221.245242 
221.188030 
221.130717 
221.073301 
221.015782 
220.958160 
220.900434 
220.842604 
220.784669 
220.726630 
220.668485 
220.610234 
220.551876 
220.493412 
220.434840 
220.376161 
220.317374 
220.258477 
220.199472 
220.140357 
220.081132 
220.021797 
219.962350 
219.902792 
219.843121 
219.783339 
219.723443 
219.663434 
219.603310 
219.543072 
219.482719 
219.422251 
219.361667 
219.300965 
219.240147 
219.179211 
219.118157 
219.056985 
218.995693 
218.934281 
218.872749 
218.811096 
218.749322 
218.687425 
218.625407 
218.563265 
218.500999 
218.438609 
218.376094 
218.313454 
218.250688 
218.187795 
218.124775 
218.061627 
217.998351 
217.934945 
217.871410 
217.807745 
217.743949 
217.680022 
217.615962 
217.551770 
217.487444 
217.422984 
217.358390 
217.293660 
217.228794 
217.163791 
217.098651 
217.033373 
216.967957 
216.902401 
216.836704 
216.770867 
216.704889 
216.638768 
216.572505 
216.506097 
216.439546 
216.372849 
216.306007 
216.239018 
216.171881 
216.104597 
216.037164 
215.969581 
215.901848 
215.833963 
215.765927 
215.697738 
215.629395 
215.560898 
215.492246 
215.423438 
215.354474 
215.285351 
215.216070 
215.146630 
215.077030 
215.007269 
214.937346 
214.867260 
214.797010 
214.726596 
214.656017 
214.585271 
214.514358 
214.443277 
214.372027 
214.300606 
214.229015 
214.157252 
214.085316 
214.013206 
213.940922 
213.868461 
213.795824 
213.723009 
213.650015 
213.576842 
213.503487 
213.429951 
213.356232 
213.282328 
213.208240 
213.133966 
213.059504 
212.984854 
212.910015 
212.834985 
212.759763 
212.684349 
212.608740 
212.532937 
212.456937 
212.380740 
212.304344 
212.227748 
212.150951 
212.073952 
211.996749 
211.919342 
211.841728 
211.763908 
211.685878 
211.607639 
211.529188 
211.450525 
211.371648 
211.292556 
211.213248 
211.133721 
211.053975 
210.974008 
210.893820 
210.813407 
210.732770 
210.651906 
210.570814 
210.489492 
210.407940 
210.326155 
210.244136 
210.161882 
210.079390 
209.996660 
209.913689 
209.830476 
209.747020 
209.663319 
209.579370 
209.495173 
209.410726 
209.326027 
209.241074 
209.155865 
209.070400 
208.984675 
208.898689 
208.812440 
208.725927 
208.639147 
208.552099 
208.464780 
208.377190 
208.289325 
208.201183 
208.112764 
208.024064 
207.935082 
207.845816 
207.756263 
207.666421 
207.576289 
207.485864 
207.395143 
207.304125 
207.212808 
207.121188 
207.029265 
206.937035 
206.844495 
206.751645 
206.658481 
206.565000 
206.471201 
206.377081 
206.282637 
206.187866 
206.092767 
205.997336 
205.901571 
205.805469 
205.709028 
205.612244 
205.515114 
205.417637 
205.319808 
205.221626 
205.123087 
205.024188 
204.924926 
204.825298 
204.725301 
204.624932 
204.524187 
204.423064 
204.321559 
204.219668 
204.117389 
204.014718 
203.911651 
203.808185 
203.704316 
203.600042 
203.495357 
203.390259 
203.284743 
203.178806 
203.072444 
202.965652 
202.858428 
202.750767 
202.642664 
202.534116 
202.425119 
202.315668 
202.205758 
202.095386 
201.984546 
201.873235 
201.761447 
201.649179 
201.536424 
201.423179 
201.309439 
201.195198 
201.080451 
200.965193 
200.849419 
200.733124 
200.616302 
200.498948 
200.381056 
200.262621 
200.143636 
200.024096 
199.903995 
199.783327 
199.662085 
199.540264 
199.417856 
199.294857 
199.171258 
199.047053 
198.922236 
198.796799 
198.670735 
198.544038 
198.416699 
198.288712 
198.160068 
198.030760 
197.900781 
197.770121 
197.638774 
197.506730 
197.373981 
197.240518 
197.106334 
196.971417 
196.835761 
196.699354 
196.562188 
196.424253 
196.285538 
196.146035 
196.005732 
195.864619 
195.722686 
195.579921 
195.436313 
195.291850 
195.146522 
195.000316 
194.853220 
194.705221 
194.556307 
194.406464 
194.255681 
194.103942 
193.951234 
193.797543 
193.642854 
193.487153 
193.330424 
193.172652 
193.013820 
192.853913 
192.692913 
192.530804 
192.367568 
192.203188 
192.037643 
191.870917 
191.702989 
191.533840 
191.363449 
191.191795 
191.018857 
190.844613 
190.669040 
190.492115 
190.313814 
190.134113 
189.952986 
189.770407 
189.586351 
189.400788 
189.213692 
189.025033 
188.834782 
188.642906 
188.449375 
188.254157 
188.057216 
187.858519 
187.658029 
187.455710 
187.251523 
187.045429 
186.837387 
186.627355 
186.415289 
186.201144 
185.984873 
185.766429 
185.545760 
185.322816 
185.097543 
184.869884 
184.639783 
184.407178 
184.172008 
183.934208 
183.693710 
183.450445 
183.204339 
182.955318 
182.703300 
182.448205 
182.189945 
181.928432 
181.663571 
181.395263 
181.123408 
180.847896 
180.568616 
180.285449 
179.998271 
179.706953 
179.411357 
179.111340 
178.806751 
178.497428 
178.183205 
177.863903 
177.539333 
177.209298 
176.873585 
176.531970 
176.184216 
175.830070 
175.469262 
175.101504 
174.726489 
174.343887 
173.953348 
173.554491 
173.146911 
172.730167 
172.303787 
171.867257 
171.420021 
170.961473 
170.490955 
170.007744 
169.511052 
169.000009 
168.473655 
167.930930 
167.370653 
166.791509 
166.192021 
165.570527 
164.925147 
164.253739 
163.553848 
162.822646 
162.056843 
161.252584 
160.405308 
159.509564 
158.558751 
157.544774 
156.457541 
155.284234 
154.008213 
152.607292 
151.050906 
149.295183 
147.273679 
144.878179 
141.912918 
137.959427 
131.786988 
110.053395 
NaN
NaN
NaN
NaN
NaN
NaN
NaN
NaN
NaN
NaN
NaN
NaN
NaN
NaN
NaN
NaN
NaN
NaN
NaN
NaN
NaN
NaN
NaN
NaN
NaN
NaN
NaN
NaN
NaN
NaN
NaN
NaN
NaN
NaN
NaN
NaN
NaN
NaN
NaN
