330.049508 
330.041585 
330.033662 
330.025738 
330.017813 
330.009888 
330.001962 
329.994036 
329.986109 
329.978181 
329.970253 
329.962324 
329.954395 
329.946465 
329.938534 
329.930603 
329.922671 
329.914739 
329.906806 
329.898872 
329.890938 
329.883003 
329.875068 
329.867132 
329.859195 
329.851258 
329.843320 
329.835382 
329.827443 
329.819503 
329.811563 
329.803622 
329.795681 
329.787739 
329.779797 
329.771853 
329.763910 
329.755965 
329.748020 
329.740075 
329.732128 
329.724182 
329.716234 
329.708286 
329.700338 
329.692388 
329.684438 
329.676488 
329.668537 
329.660585 
329.652633 
329.644680 
329.636727 
329.628773 
329.620818 
329.612863 
329.604907 
329.596951 
329.588994 
329.581036 
329.573078 
329.565119 
329.557159 
329.549199 
329.541238 
329.533277 
329.525315 
329.517353 
329.509390 
329.501426 
329.493462 
329.485497 
329.477531 
329.469565 
329.461598 
329.453631 
329.445663 
329.437694 
329.429725 
329.421755 
329.413785 
329.405814 
329.397842 
329.389870 
329.381897 
329.373924 
329.365950 
329.357975 
329.350000 
329.342024 
329.334047 
329.326070 
329.318092 
329.310114 
329.302135 
329.294156 
329.286176 
329.278195 
329.270213 
329.262231 
329.254249 
329.246266 
329.238282 
329.230297 
329.222312 
329.214327 
329.206340 
329.198354 
329.190366 
329.182378 
329.174389 
329.166400 
329.158410 
329.150420 
329.142428 
329.134437 
329.126444 
329.118451 
329.110458 
329.102464 
329.094469 
329.086473 
329.078477 
329.070481 
329.062483 
329.054485 
329.046487 
329.038488 
329.030488 
329.022488 
329.014487 
329.006485 
328.998483 
328.990480 
328.982477 
328.974473 
328.966468 
328.958463 
328.950457 
328.942451 
328.934443 
328.926436 
328.918427 
328.910418 
328.902409 
328.894399 
328.886388 
328.878376 
328.870364 
328.862352 
328.854338 
328.846325 
328.838310 
328.830295 
328.822279 
328.814263 
328.806246 
328.798228 
328.790210 
328.782191 
328.774172 
328.766152 
328.758131 
328.750110 
328.742088 
328.734065 
328.726042 
328.718018 
328.709994 
328.701969 
328.693943 
328.685917 
328.677890 
328.669863 
328.661835 
328.653806 
328.645777 
328.637747 
328.629716 
328.621685 
328.613653 
328.605621 
328.597587 
328.589554 
328.581519 
328.573484 
328.565449 
328.557413 
328.549376 
328.541338 
328.533300 
328.525262 
328.517222 
328.509183 
328.501142 
328.493101 
328.485059 
328.477017 
328.468974 
328.460930 
328.452886 
328.444841 
328.436795 
328.428749 
328.420702 
328.412655 
328.404607 
328.396558 
328.388509 
328.380459 
328.372409 
328.364357 
328.356306 
328.348253 
328.340200 
328.332147 
328.324092 
328.316037 
328.307982 
328.299926 
328.291869 
328.283812 
328.275753 
328.267695 
328.259636 
328.251576 
328.243515 
328.235454 
328.227392 
328.219330 
328.211267 
328.203203 
328.195139 
328.187074 
328.179008 
328.170942 
328.162875 
328.154808 
328.146740 
328.138671 
328.130602 
328.122532 
328.114461 
328.106390 
328.098318 
328.090245 
328.082172 
328.074099 
328.066024 
328.057949 
328.049874 
328.041797 
328.033720 
328.025643 
328.017565 
328.009486 
328.001407 
327.993327 
327.985246 
327.977165 
327.969083 
327.961000 
327.952917 
327.944833 
327.936749 
327.928663 
327.920578 
327.912491 
327.904404 
327.896317 
327.888228 
327.880140 
327.872050 
327.863960 
327.855869 
327.847778 
327.839685 
327.831593 
327.823499 
327.815405 
327.807311 
327.799216 
327.791120 
327.783023 
327.774926 
327.766828 
327.758730 
327.750631 
327.742531 
327.734431 
327.726330 
327.718228 
327.710126 
327.702023 
327.693920 
327.685816 
327.677711 
327.669605 
327.661499 
327.653393 
327.645285 
327.637177 
327.629069 
327.620959 
327.612850 
327.604739 
327.596628 
327.588516 
327.580404 
327.572291 
327.564177 
327.556063 
327.547948 
327.539832 
327.531716 
327.523599 
327.515481 
327.507363 
327.499244 
327.491125 
327.483005 
327.474884 
327.466763 
327.458641 
327.450518 
327.442395 
327.434271 
327.426146 
327.418021 
327.409895 
327.401768 
327.393641 
327.385513 
327.377385 
327.369256 
327.361126 
327.352996 
327.344865 
327.336733 
327.328601 
327.320468 
327.312334 
327.304200 
327.296065 
327.287930 
327.279794 
327.271657 
327.263519 
327.255381 
327.247243 
327.239103 
327.230963 
327.222823 
327.214681 
327.206539 
327.198397 
327.190253 
327.182110 
327.173965 
327.165820 
327.157674 
327.149528 
327.141380 
327.133233 
327.125084 
327.116935 
327.108785 
327.100635 
327.092484 
327.084333 
327.076180 
327.068027 
327.059874 
327.051719 
327.043565 
327.035409 
327.027253 
327.019096 
327.010939 
327.002780 
326.994622 
326.986462 
326.978302 
326.970141 
326.961980 
326.953818 
326.945655 
326.937492 
326.929328 
326.921164 
326.912998 
326.904832 
326.896666 
326.888499 
326.880331 
326.872162 
326.863993 
326.855823 
326.847653 
326.839482 
326.831310 
326.823137 
326.814964 
326.806791 
326.798616 
326.790441 
326.782265 
326.774089 
326.765912 
326.757734 
326.749556 
326.741377 
326.733198 
326.725017 
326.716836 
326.708655 
326.700473 
326.692290 
326.684106 
326.675922 
326.667737 
326.659552 
326.651366 
326.643179 
326.634991 
326.626803 
326.618614 
326.610425 
326.602235 
326.594044 
326.585853 
326.577661 
326.569468 
326.561275 
326.553081 
326.544886 
326.536691 
326.528495 
326.520298 
326.512101 
326.503903 
326.495704 
326.487505 
326.479305 
326.471104 
326.462903 
326.454701 
326.446499 
326.438295 
326.430092 
326.421887 
326.413682 
326.405476 
326.397269 
326.389062 
326.380854 
326.372646 
326.364437 
326.356227 
326.348017 
326.339805 
326.331594 
326.323381 
326.315168 
326.306954 
326.298740 
326.290525 
326.282309 
326.274092 
326.265875 
326.257658 
326.249439 
326.241220 
326.233000 
326.224780 
326.216559 
326.208337 
326.200115 
326.191892 
326.183668 
326.175444 
326.167219 
326.158993 
326.150767 
326.142540 
326.134312 
326.126084 
326.117854 
326.109625 
326.101394 
326.093163 
326.084932 
326.076699 
326.068466 
326.060233 
326.051998 
326.043763 
326.035528 
326.027291 
326.019054 
326.010817 
326.002578 
325.994339 
325.986100 
325.977859 
325.969618 
325.961377 
325.953134 
325.944891 
325.936648 
325.928403 
325.920158 
325.911913 
325.903666 
325.895419 
325.887171 
325.878923 
325.870674 
325.862424 
325.854174 
325.845923 
325.837671 
325.829419 
325.821166 
325.812912 
325.804658 
325.796403 
325.788147 
325.779891 
325.771634 
325.763376 
325.755117 
325.746858 
325.738599 
325.730338 
325.722077 
325.713815 
325.705553 
325.697290 
325.689026 
325.680762 
325.672496 
325.664231 
325.655964 
325.647697 
325.639429 
325.631161 
325.622892 
325.614622 
325.606351 
325.598080 
325.589808 
325.581536 
325.573262 
325.564988 
325.556714 
325.548439 
325.540163 
325.531886 
325.523609 
325.515331 
325.507052 
325.498773 
325.490493 
325.482213 
325.473931 
325.465649 
325.457367 
325.449083 
325.440799 
325.432515 
325.424229 
325.415943 
325.407656 
325.399369 
325.391081 
325.382792 
325.374503 
325.366213 
325.357922 
325.349630 
325.341338 
325.333045 
325.324752 
325.316458 
325.308163 
325.299867 
325.291571 
325.283274 
325.274976 
325.266678 
325.258379 
325.250080 
325.241779 
325.233478 
325.225177 
325.216874 
325.208571 
325.200268 
325.191963 
325.183658 
325.175352 
325.167046 
325.158739 
325.150431 
325.142122 
325.133813 
325.125503 
325.117193 
325.108882 
325.100570 
325.092257 
325.083944 
325.075630 
325.067315 
325.059000 
325.050684 
325.042367 
325.034050 
325.025732 
325.017413 
325.009094 
325.000774 
324.992453 
324.984131 
324.975809 
324.967486 
324.959163 
324.950838 
324.942514 
324.934188 
324.925862 
324.917535 
324.909207 
324.900879 
324.892550 
324.884220 
324.875890 
324.867558 
324.859227 
324.850894 
324.842561 
324.834227 
324.825893 
324.817557 
324.809221 
324.800885 
324.792548 
324.784210 
324.775871 
324.767532 
324.759191 
324.750851 
324.742509 
324.734167 
324.725824 
324.717481 
324.709137 
324.700792 
324.692446 
324.684100 
324.675753 
324.667405 
324.659057 
324.650708 
324.642358 
324.634008 
324.625657 
324.617305 
324.608952 
324.600599 
324.592245 
324.583891 
324.575536 
324.567180 
324.558823 
324.550466 
324.542108 
324.533749 
324.525389 
324.517029 
324.508668 
324.500307 
324.491945 
324.483582 
324.475218 
324.466854 
324.458489 
324.450123 
324.441757 
324.433390 
324.425022 
324.416654 
324.408284 
324.399915 
324.391544 
324.383173 
324.374801 
324.366428 
324.358055 
324.349681 
324.341306 
324.332931 
324.324555 
324.316178 
324.307800 
324.299422 
324.291043 
324.282663 
324.274283 
324.265902 
324.257520 
324.249138 
324.240755 
324.232371 
324.223986 
324.215601 
324.207215 
324.198829 
324.190441 
324.182053 
324.173665 
324.165275 
324.156885 
324.148494 
324.140103 
324.131710 
324.123317 
324.114924 
324.106529 
324.098134 
324.089739 
324.081342 
324.072945 
324.064547 
324.056149 
324.047749 
324.039349 
324.030949 
324.022547 
324.014145 
324.005743 
323.997339 
323.988935 
323.980530 
323.972124 
323.963718 
323.955311 
323.946903 
323.938495 
323.930086 
323.921676 
323.913265 
323.904854 
323.896442 
323.888030 
323.879616 
323.871202 
323.862787 
323.854372 
323.845956 
323.837539 
323.829121 
323.820703 
323.812284 
323.803864 
323.795444 
323.787023 
323.778601 
323.770178 
323.761755 
323.753331 
323.744906 
323.736481 
323.728055 
323.719628 
323.711200 
323.702772 
323.694343 
323.685913 
323.677483 
323.669052 
323.660620 
323.652188 
323.643754 
323.635321 
323.626886 
323.618451 
323.610014 
323.601578 
323.593140 
323.584702 
323.576263 
323.567823 
323.559383 
323.550942 
323.542500 
323.534058 
323.525615 
323.517171 
323.508726 
323.500281 
323.491835 
323.483388 
323.474940 
323.466492 
323.458043 
323.449594 
323.441143 
323.432692 
323.424241 
323.415788 
323.407335 
323.398881 
323.390426 
323.381971 
323.373515 
323.365058 
323.356601 
323.348142 
323.339683 
323.331224 
323.322763 
323.314302 
323.305841 
323.297378 
323.288915 
323.280451 
323.271986 
323.263521 
323.255055 
323.246588 
323.238120 
323.229652 
323.221183 
323.212713 
323.204243 
323.195772 
323.187300 
323.178827 
323.170354 
323.161880 
323.153405 
323.144930 
323.136453 
323.127976 
323.119499 
323.111020 
323.102541 
323.094062 
323.085581 
323.077100 
323.068618 
323.060135 
323.051652 
323.043167 
323.034683 
323.026197 
323.017711 
323.009224 
323.000736 
322.992247 
322.983758 
322.975268 
322.966778 
322.958286 
322.949794 
322.941301 
322.932808 
322.924313 
322.915818 
322.907323 
322.898826 
322.890329 
322.881831 
322.873332 
322.864833 
322.856333 
322.847832 
322.839330 
322.830828 
322.822325 
322.813821 
322.805317 
322.796812 
322.788306 
322.779799 
322.771292 
322.762784 
322.754275 
322.745765 
322.737255 
322.728744 
322.720232 
322.711720 
322.703206 
322.694692 
322.686178 
322.677662 
322.669146 
322.660629 
322.652112 
322.643593 
322.635074 
322.626554 
322.618034 
322.609513 
322.600991 
322.592468 
322.583944 
322.575420 
322.566895 
322.558370 
322.549843 
322.541316 
322.532788 
322.524260 
322.515730 
322.507200 
322.498669 
322.490138 
322.481606 
322.473073 
322.464539 
322.456004 
322.447469 
322.438933 
322.430396 
322.421859 
322.413321 
322.404782 
322.396242 
322.387702 
322.379161 
322.370619 
322.362076 
322.353533 
322.344989 
322.336444 
322.327899 
322.319353 
322.310805 
322.302258 
322.293709 
322.285160 
322.276610 
322.268059 
322.259508 
322.250956 
322.242403 
322.233849 
322.225295 
322.216740 
322.208184 
322.199627 
322.191070 
322.182512 
322.173953 
322.165393 
322.156833 
322.148272 
322.139710 
322.131148 
322.122584 
322.114020 
322.105455 
322.096890 
322.088324 
322.079757 
322.071189 
322.062620 
322.054051 
322.045481 
322.036910 
322.028339 
322.019767 
322.011194 
322.002620 
321.994046 
321.985470 
321.976895 
321.968318 
321.959740 
321.951162 
321.942583 
321.934004 
321.925423 
321.916842 
321.908260 
321.899678 
321.891094 
321.882510 
321.873925 
321.865339 
321.856753 
321.848166 
321.839578 
321.830989 
321.822400 
321.813810 
321.805219 
321.796627 
321.788035 
321.779442 
321.770848 
321.762253 
321.753658 
321.745062 
321.736465 
321.727867 
321.719269 
321.710670 
321.702070 
321.693469 
321.684868 
321.676266 
321.667663 
321.659059 
321.650455 
321.641850 
321.633244 
321.624637 
321.616030 
321.607422 
321.598813 
321.590203 
321.581593 
321.572981 
321.564370 
321.555757 
321.547143 
321.538529 
321.529914 
321.521299 
321.512682 
321.504065 
321.495447 
321.486828 
321.478209 
321.469589 
321.460968 
321.452346 
321.443723 
321.435100 
321.426476 
321.417851 
321.409226 
321.400600 
321.391973 
321.383345 
321.374716 
321.366087 
321.357457 
321.348826 
321.340194 
321.331562 
321.322929 
321.314295 
321.305660 
321.297025 
321.288389 
321.279752 
321.271114 
321.262476 
321.253837 
321.245197 
321.236556 
321.227915 
321.219272 
321.210629 
321.201986 
321.193341 
321.184696 
321.176050 
321.167403 
321.158755 
321.150107 
321.141458 
321.132808 
321.124158 
321.115506 
321.106854 
321.098201 
321.089547 
321.080893 
321.072238 
321.063582 
321.054925 
321.046268 
321.037609 
321.028950 
321.020291 
321.011630 
321.002969 
320.994307 
320.985644 
320.976980 
320.968316 
320.959651 
320.950985 
320.942318 
320.933650 
320.924982 
320.916313 
320.907643 
320.898973 
320.890302 
320.881630 
320.872957 
320.864283 
320.855609 
320.846934 
320.838258 
320.829581 
320.820904 
320.812225 
320.803546 
320.794867 
320.786186 
320.777505 
320.768823 
320.760140 
320.751456 
320.742772 
320.734087 
320.725401 
320.716714 
320.708026 
320.699338 
320.690649 
320.681959 
320.673269 
320.664578 
320.655885 
320.647192 
320.638499 
320.629804 
320.621109 
320.612413 
320.603716 
320.595019 
320.586321 
320.577621 
320.568922 
320.560221 
320.551520 
320.542817 
320.534114 
320.525411 
320.516706 
320.508001 
320.499295 
320.490588 
320.481880 
320.473172 
320.464463 
320.455753 
320.447042 
320.438330 
320.429618 
320.420905 
320.412191 
320.403477 
320.394761 
320.386045 
320.377328 
320.368610 
320.359892 
320.351172 
320.342452 
320.333731 
320.325010 
320.316287 
320.307564 
320.298840 
320.290115 
320.281390 
320.272663 
320.263936 
320.255208 
320.246480 
320.237750 
320.229020 
320.220289 
320.211557 
320.202825 
320.194091 
320.185357 
320.176622 
320.167886 
320.159150 
320.150412 
320.141674 
320.132935 
320.124196 
320.115455 
320.106714 
320.097972 
320.089229 
320.080486 
320.071741 
320.062996 
320.054250 
320.045503 
320.036756 
320.028008 
320.019258 
320.010509 
320.001758 
319.993006 
319.984254 
319.975501 
319.966747 
319.957993 
319.949237 
319.940481 
319.931724 
319.922966 
319.914208 
319.905448 
319.896688 
319.887927 
319.879165 
319.870403 
319.861640 
319.852876 
319.844111 
319.835345 
319.826578 
319.817811 
319.809043 
319.800274 
319.791505 
319.782734 
319.773963 
319.765191 
319.756418 
319.747644 
319.738870 
319.730095 
319.721319 
319.712542 
319.703764 
319.694986 
319.686207 
319.677427 
319.668646 
319.659865 
319.651082 
319.642299 
319.633515 
319.624730 
319.615945 
319.607158 
319.598371 
319.589583 
319.580795 
319.572005 
319.563215 
319.554424 
319.545632 
319.536839 
319.528045 
319.519251 
319.510456 
319.501660 
319.492863 
319.484066 
319.475267 
319.466468 
319.457668 
319.448868 
319.440066 
319.431264 
319.422461 
319.413657 
319.404852 
319.396046 
319.387240 
319.378433 
319.369625 
319.360816 
319.352007 
319.343196 
319.334385 
319.325573 
319.316760 
319.307947 
319.299133 
319.290317 
319.281501 
319.272685 
319.263867 
319.255049 
319.246229 
319.237409 
319.228589 
319.219767 
319.210945 
319.202121 
319.193297 
319.184472 
319.175647 
319.166820 
319.157993 
319.149165 
319.140336 
319.131507 
319.122676 
319.113845 
319.105013 
319.096180 
319.087346 
319.078511 
319.069676 
319.060840 
319.052003 
319.043165 
319.034327 
319.025487 
319.016647 
319.007806 
318.998964 
318.990122 
318.981278 
318.972434 
318.963589 
318.954743 
318.945896 
318.937049 
318.928200 
318.919351 
318.910501 
318.901651 
318.892799 
318.883947 
318.875093 
318.866239 
318.857385 
318.848529 
318.839672 
318.830815 
318.821957 
318.813098 
318.804238 
318.795378 
318.786517 
318.777654 
318.768791 
318.759928 
318.751063 
318.742198 
318.733331 
318.724464 
318.715596 
318.706728 
318.697858 
318.688988 
318.680117 
318.671245 
318.662372 
318.653498 
318.644624 
318.635749 
318.626873 
318.617996 
318.609118 
318.600239 
318.591360 
318.582480 
318.573599 
318.564717 
318.555834 
318.546951 
318.538067 
318.529182 
318.520296 
318.511409 
318.502521 
318.493633 
318.484744 
318.475854 
318.466963 
318.458071 
318.449179 
318.440285 
318.431391 
318.422496 
318.413600 
318.404704 
318.395806 
318.386908 
318.378009 
318.369109 
318.360208 
318.351307 
318.342404 
318.333501 
318.324597 
318.315692 
318.306786 
318.297880 
318.288972 
318.280064 
318.271155 
318.262245 
318.253335 
318.244423 
318.235511 
318.226598 
318.217684 
318.208769 
318.199853 
318.190937 
318.182019 
318.173101 
318.164182 
318.155262 
318.146342 
318.137420 
318.128498 
318.119575 
318.110651 
318.101726 
318.092800 
318.083874 
318.074947 
318.066019 
318.057090 
318.048160 
318.039229 
318.030298 
318.021365 
318.012432 
318.003498 
317.994563 
317.985628 
317.976691 
317.967754 
317.958816 
317.949877 
317.940937 
317.931996 
317.923055 
317.914113 
317.905170 
317.896226 
317.887281 
317.878335 
317.869388 
317.860441 
317.851493 
317.842544 
317.833594 
317.824643 
317.815692 
317.806739 
317.797786 
317.788832 
317.779877 
317.770922 
317.761965 
317.753008 
317.744049 
317.735090 
317.726130 
317.717169 
317.708208 
317.699245 
317.690282 
317.681318 
317.672353 
317.663387 
317.654420 
317.645453 
317.636484 
317.627515 
317.618545 
317.609574 
317.600603 
317.591630 
317.582657 
317.573682 
317.564707 
317.555731 
317.546754 
317.537777 
317.528798 
317.519819 
317.510839 
317.501858 
317.492876 
317.483893 
317.474909 
317.465925 
317.456940 
317.447954 
317.438967 
317.429979 
317.420990 
317.412001 
317.403010 
317.394019 
317.385027 
317.376034 
317.367040 
317.358046 
317.349050 
317.340054 
317.331057 
317.322059 
317.313060 
317.304060 
317.295060 
317.286058 
317.277056 
317.268053 
317.259049 
317.250044 
317.241038 
317.232032 
317.223024 
317.214016 
317.205007 
317.195997 
317.186986 
317.177974 
317.168962 
317.159949 
317.150934 
317.141919 
317.132903 
317.123886 
317.114869 
317.105850 
317.096831 
317.087811 
317.078790 
317.069768 
317.060745 
317.051721 
317.042697 
317.033671 
317.024645 
317.015618 
317.006590 
316.997561 
316.988532 
316.979501 
316.970470 
316.961437 
316.952404 
316.943370 
316.934336 
316.925300 
316.916263 
316.907226 
316.898188 
316.889148 
316.880108 
316.871068 
316.862026 
316.852983 
316.843940 
316.834896 
316.825850 
316.816804 
316.807757 
316.798710 
316.789661 
316.780612 
316.771561 
316.762510 
316.753458 
316.744405 
316.735351 
316.726296 
316.717241 
316.708185 
316.699127 
316.690069 
316.681010 
316.671950 
316.662889 
316.653828 
316.644765 
316.635702 
316.626638 
316.617573 
316.608507 
316.599440 
316.590372 
316.581304 
316.572234 
316.563164 
316.554093 
316.545021 
316.535948 
316.526874 
316.517799 
316.508724 
316.499647 
316.490570 
316.481492 
316.472413 
316.463333 
316.454252 
316.445171 
316.436088 
316.427005 
316.417920 
316.408835 
316.399749 
316.390662 
316.381575 
316.372486 
316.363396 
316.354306 
316.345215 
316.336123 
316.327030 
316.317936 
316.308841 
316.299745 
316.290649 
316.281552 
316.272453 
316.263354 
316.254254 
316.245153 
316.236051 
316.226949 
316.217845 
316.208741 
316.199635 
316.190529 
316.181422 
316.172314 
316.163205 
316.154096 
316.144985 
316.135874 
316.126761 
316.117648 
316.108534 
316.099419 
316.090303 
316.081187 
316.072069 
316.062950 
316.053831 
316.044711 
316.035590 
316.026467 
316.017345 
316.008221 
315.999096 
315.989970 
315.980844 
315.971717 
315.962588 
315.953459 
315.944329 
315.935198 
315.926067 
315.916934 
315.907800 
315.898666 
315.889531 
315.880394 
315.871257 
315.862119 
315.852980 
315.843841 
315.834700 
315.825558 
315.816416 
315.807273 
315.798128 
315.788983 
315.779837 
315.770690 
315.761543 
315.752394 
315.743244 
315.734094 
315.724943 
315.715790 
315.706637 
315.697483 
315.688328 
315.679173 
315.670016 
315.660858 
315.651700 
315.642540 
315.633380 
315.624219 
315.615057 
315.605894 
315.596730 
315.587565 
315.578400 
315.569233 
315.560066 
315.550897 
315.541728 
315.532558 
315.523387 
315.514215 
315.505042 
315.495869 
315.486694 
315.477519 
315.468342 
315.459165 
315.449987 
315.440808 
315.431628 
315.422447 
315.413265 
315.404082 
315.394899 
315.385714 
315.376529 
315.367342 
315.358155 
315.348967 
315.339778 
315.330588 
315.321397 
315.312206 
315.303013 
315.293820 
315.284625 
315.275430 
315.266234 
315.257036 
315.247838 
315.238640 
315.229440 
315.220239 
315.211037 
315.201835 
315.192631 
315.183427 
315.174222 
315.165015 
315.155808 
315.146600 
315.137391 
315.128182 
315.118971 
315.109759 
315.100547 
315.091333 
315.082119 
315.072904 
315.063688 
315.054471 
315.045253 
315.036034 
315.026814 
315.017593 
315.008372 
314.999149 
314.989926 
314.980701 
314.971476 
314.962250 
314.953023 
314.943795 
314.934566 
314.925336 
314.916105 
314.906874 
314.897641 
314.888407 
314.879173 
314.869938 
314.860702 
314.851464 
314.842226 
314.832987 
314.823748 
314.814507 
314.805265 
314.796022 
314.786779 
314.777534 
314.768289 
314.759043 
314.749795 
314.740547 
314.731298 
314.722048 
314.712797 
314.703546 
314.694293 
314.685039 
314.675785 
314.666529 
314.657273 
314.648016 
314.638757 
314.629498 
314.620238 
314.610977 
314.601715 
314.592452 
314.583188 
314.573924 
314.564658 
314.555392 
314.546124 
314.536856 
314.527586 
314.518316 
314.509045 
314.499773 
314.490500 
314.481226 
314.471951 
314.462675 
314.453399 
314.444121 
314.434843 
314.425563 
314.416283 
314.407001 
314.397719 
314.388436 
314.379152 
314.369867 
314.360581 
314.351294 
314.342006 
314.332717 
314.323428 
314.314137 
314.304845 
314.295553 
314.286260 
314.276965 
314.267670 
314.258374 
314.249077 
314.239779 
314.230480 
314.221180 
314.211879 
314.202577 
314.193274 
314.183971 
314.174666 
314.165361 
314.156054 
314.146747 
314.137438 
314.128129 
314.118819 
314.109508 
314.100196 
314.090883 
314.081569 
314.072254 
314.062938 
314.053621 
314.044304 
314.034985 
314.025666 
314.016345 
314.007024 
313.997701 
313.988378 
313.979054 
313.969729 
313.960403 
313.951075 
313.941747 
313.932419 
313.923089 
313.913758 
313.904426 
313.895093 
313.885760 
313.876425 
313.867090 
313.857753 
313.848416 
313.839077 
313.829738 
313.820398 
313.811057 
313.801715 
313.792372 
313.783028 
313.773683 
313.764337 
313.754990 
313.745642 
313.736293 
313.726944 
313.717593 
313.708241 
313.698889 
313.689536 
313.680181 
313.670826 
313.661469 
313.652112 
313.642754 
313.633395 
313.624035 
313.614674 
313.605312 
313.595949 
313.586585 
313.577220 
313.567854 
313.558488 
313.549120 
313.539751 
313.530382 
313.521011 
313.511640 
313.502267 
313.492894 
313.483519 
313.474144 
313.464768 
313.455391 
313.446012 
313.436633 
313.427253 
313.417872 
313.408490 
313.399107 
313.389723 
313.380339 
313.370953 
313.361566 
313.352178 
313.342790 
313.333400 
313.324009 
313.314618 
313.305225 
313.295832 
313.286438 
313.277042 
313.267646 
313.258249 
313.248850 
313.239451 
313.230051 
313.220650 
313.211248 
313.201845 
313.192441 
313.183036 
313.173630 
313.164223 
313.154815 
313.145406 
313.135996 
313.126586 
313.117174 
313.107761 
313.098348 
313.088933 
313.079518 
313.070101 
313.060684 
313.051265 
313.041846 
313.032425 
313.023004 
313.013582 
313.004158 
312.994734 
312.985309 
312.975883 
312.966456 
312.957028 
312.947599 
312.938168 
312.928737 
312.919305 
312.909873 
312.900439 
312.891004 
312.881568 
312.872131 
312.862693 
312.853254 
312.843815 
312.834374 
312.824932 
312.815490 
312.806046 
312.796601 
312.787156 
312.777709 
312.768262 
312.758813 
312.749364 
312.739913 
312.730462 
312.721010 
312.711556 
312.702102 
312.692647 
312.683190 
312.673733 
312.664275 
312.654816 
312.645355 
312.635894 
312.626432 
312.616969 
312.607505 
312.598040 
312.588574 
312.579107 
312.569639 
312.560170 
312.550700 
312.541229 
312.531757 
312.522284 
312.512810 
312.503335 
312.493860 
312.484383 
312.474905 
312.465426 
312.455946 
312.446466 
312.436984 
312.427501 
312.418017 
312.408533 
312.399047 
312.389560 
312.380073 
312.370584 
312.361095 
312.351604 
312.342112 
312.332620 
312.323126 
312.313632 
312.304136 
312.294640 
312.285142 
312.275644 
312.266144 
312.256644 
312.247142 
312.237640 
312.228136 
312.218632 
312.209127 
312.199620 
312.190113 
312.180605 
312.171095 
312.161585 
312.152073 
312.142561 
312.133048 
312.123534 
312.114018 
312.104502 
312.094985 
312.085466 
312.075947 
312.066427 
312.056906 
312.047383 
312.037860 
312.028336 
312.018811 
312.009284 
311.999757 
311.990229 
311.980700 
311.971169 
311.961638 
311.952106 
311.942573 
311.933038 
311.923503 
311.913967 
311.904430 
311.894892 
311.885352 
311.875812 
311.866271 
311.856729 
311.847186 
311.837641 
311.828096 
311.818550 
311.809003 
311.799455 
311.789905 
311.780355 
311.770804 
311.761252 
311.751699 
311.742144 
311.732589 
311.723033 
311.713476 
311.703917 
311.694358 
311.684798 
311.675237 
311.665674 
311.656111 
311.646547 
311.636982 
311.627415 
311.617848 
311.608280 
311.598711 
311.589140 
311.579569 
311.569997 
311.560423 
311.550849 
311.541274 
311.531697 
311.522120 
311.512541 
311.502962 
311.493382 
311.483800 
311.474218 
311.464634 
311.455050 
311.445464 
311.435878 
311.426290 
311.416702 
311.407112 
311.397522 
311.387930 
311.378338 
311.368744 
311.359150 
311.349554 
311.339958 
311.330360 
311.320761 
311.311162 
311.301561 
311.291959 
311.282356 
311.272753 
311.263148 
311.253542 
311.243935 
311.234328 
311.224719 
311.215109 
311.205498 
311.195886 
311.186273 
311.176659 
311.167045 
311.157429 
311.147812 
311.138194 
311.128575 
311.118954 
311.109333 
311.099711 
311.090088 
311.080464 
311.070839 
311.061213 
311.051586 
311.041957 
311.032328 
311.022698 
311.013066 
311.003434 
310.993801 
310.984166 
310.974531 
310.964894 
310.955257 
310.945619 
310.935979 
310.926338 
310.916697 
310.907054 
310.897411 
310.887766 
310.878120 
310.868474 
310.858826 
310.849177 
310.839527 
310.829876 
310.820224 
310.810571 
310.800918 
310.791263 
310.781607 
310.771950 
310.762291 
310.752632 
310.742972 
310.733311 
310.723649 
310.713986 
310.704321 
310.694656 
310.684990 
310.675322 
310.665654 
310.655984 
310.646314 
310.636642 
310.626970 
310.617296 
310.607621 
310.597946 
310.588269 
310.578591 
310.568912 
310.559233 
310.549552 
310.539870 
310.530187 
310.520503 
310.510818 
310.501132 
310.491445 
310.481756 
310.472067 
310.462377 
310.452686 
310.442993 
310.433300 
310.423606 
310.413910 
310.404214 
310.394516 
310.384817 
310.375118 
310.365417 
310.355715 
310.346012 
310.336309 
310.326604 
310.316898 
310.307191 
310.297483 
310.287774 
310.278064 
310.268352 
310.258640 
310.248927 
310.239213 
310.229497 
310.219781 
310.210063 
310.200345 
310.190625 
310.180905 
310.171183 
310.161460 
310.151736 
310.142012 
310.132286 
310.122559 
310.112831 
310.103102 
310.093372 
310.083641 
310.073908 
310.064175 
310.054441 
310.044705 
310.034969 
310.025231 
310.015493 
310.005753 
309.996013 
309.986271 
309.976528 
309.966784 
309.957039 
309.947293 
309.937546 
309.927798 
309.918049 
309.908299 
309.898548 
309.888795 
309.879042 
309.869288 
309.859532 
309.849776 
309.840018 
309.830259 
309.820499 
309.810739 
309.800977 
309.791214 
309.781450 
309.771685 
309.761919 
309.752151 
309.742383 
309.732614 
309.722843 
309.713072 
309.703299 
309.693526 
309.683751 
309.673975 
309.664199 
309.654421 
309.644642 
309.634862 
309.625081 
309.615299 
309.605515 
309.595731 
309.585946 
309.576159 
309.566372 
309.556583 
309.546794 
309.537003 
309.527211 
309.517418 
309.507624 
309.497829 
309.488033 
309.478236 
309.468438 
309.458638 
309.448838 
309.439037 
309.429234 
309.419430 
309.409626 
309.399820 
309.390013 
309.380205 
309.370396 
309.360586 
309.350775 
309.340963 
309.331149 
309.321335 
309.311520 
309.301703 
309.291885 
309.282067 
309.272247 
309.262426 
309.252604 
309.242781 
309.232957 
309.223132 
309.213305 
309.203478 
309.193650 
309.183820 
309.173989 
309.164158 
309.154325 
309.144491 
309.134656 
309.124820 
309.114983 
309.105145 
309.095305 
309.085465 
309.075624 
309.065781 
309.055937 
309.046093 
309.036247 
309.026400 
309.016552 
309.006703 
308.996853 
308.987001 
308.977149 
308.967295 
308.957441 
308.947585 
308.937728 
308.927871 
308.918012 
308.908152 
308.898291 
308.888428 
308.878565 
308.868701 
308.858835 
308.848969 
308.839101 
308.829232 
308.819362 
308.809491 
308.799619 
308.789746 
308.779872 
308.769996 
308.760120 
308.750242 
308.740364 
308.730484 
308.720603 
308.710721 
308.700838 
308.690954 
308.681069 
308.671182 
308.661295 
308.651406 
308.641517 
308.631626 
308.621734 
308.611841 
308.601947 
308.592052 
308.582156 
308.572258 
308.562360 
308.552460 
308.542560 
308.532658 
308.522755 
308.512851 
308.502946 
308.493039 
308.483132 
308.473224 
308.463314 
308.453403 
308.443492 
308.433579 
308.423665 
308.413750 
308.403834 
308.393916 
308.383998 
308.374078 
308.364158 
308.354236 
308.344313 
308.334389 
308.324464 
308.314538 
308.304610 
308.294682 
308.284752 
308.274822 
308.264890 
308.254957 
308.245023 
308.235088 
308.225152 
308.215214 
308.205276 
308.195336 
308.185395 
308.175454 
308.165511 
308.155567 
308.145621 
308.135675 
308.125728 
308.115779 
308.105829 
308.095879 
308.085927 
308.075974 
308.066020 
308.056064 
308.046108 
308.036150 
308.026192 
308.016232 
308.006271 
307.996309 
307.986346 
307.976382 
307.966416 
307.956450 
307.946482 
307.936513 
307.926543 
307.916572 
307.906600 
307.896627 
307.886653 
307.876677 
307.866700 
307.856723 
307.846744 
307.836764 
307.826783 
307.816800 
307.806817 
307.796832 
307.786847 
307.776860 
307.766872 
307.756883 
307.746892 
307.736901 
307.726909 
307.716915 
307.706920 
307.696924 
307.686927 
307.676929 
307.666930 
307.656929 
307.646928 
307.636925 
307.626921 
307.616916 
307.606910 
307.596903 
307.586894 
307.576885 
307.566874 
307.556862 
307.546849 
307.536835 
307.526820 
307.516804 
307.506786 
307.496768 
307.486748 
307.476727 
307.466705 
307.456681 
307.446657 
307.436632 
307.426605 
307.416577 
307.406548 
307.396518 
307.386487 
307.376454 
307.366421 
307.356386 
307.346350 
307.336313 
307.326275 
307.316236 
307.306196 
307.296154 
307.286111 
307.276067 
307.266022 
307.255976 
307.245929 
307.235880 
307.225831 
307.215780 
307.205728 
307.195675 
307.185621 
307.175565 
307.165509 
307.155451 
307.145392 
307.135332 
307.125271 
307.115209 
307.105146 
307.095081 
307.085015 
307.074948 
307.064880 
307.054811 
307.044740 
307.034669 
307.024596 
307.014522 
307.004447 
306.994371 
306.984294 
306.974215 
306.964136 
306.954055 
306.943973 
306.933890 
306.923805 
306.913720 
306.903633 
306.893545 
306.883456 
306.873366 
306.863275 
306.853182 
306.843089 
306.832994 
306.822898 
306.812801 
306.802703 
306.792603 
306.782503 
306.772401 
306.762298 
306.752194 
306.742088 
306.731982 
306.721874 
306.711766 
306.701656 
306.691544 
306.681432 
306.671319 
306.661204 
306.651088 
306.640971 
306.630853 
306.620734 
306.610613 
306.600491 
306.590369 
306.580245 
306.570119 
306.559993 
306.549865 
306.539737 
306.529607 
306.519476 
306.509343 
306.499210 
306.489075 
306.478939 
306.468802 
306.458664 
306.448525 
306.438384 
306.428243 
306.418100 
306.407956 
306.397811 
306.387664 
306.377516 
306.367368 
306.357218 
306.347067 
306.336914 
306.326761 
306.316606 
306.306450 
306.296293 
306.286135 
306.275975 
306.265815 
306.255653 
306.245490 
306.235326 
306.225160 
306.214994 
306.204826 
306.194657 
306.184487 
306.174316 
306.164143 
306.153969 
306.143794 
306.133618 
306.123441 
306.113263 
306.103083 
306.092902 
306.082720 
306.072537 
306.062352 
306.052167 
306.041980 
306.031792 
306.021603 
306.011412 
306.001221 
305.991028 
305.980834 
305.970639 
305.960442 
305.950245 
305.940046 
305.929846 
305.919645 
305.909443 
305.899239 
305.889034 
305.878828 
305.868621 
305.858413 
305.848203 
305.837992 
305.827780 
305.817567 
305.807353 
305.797137 
305.786920 
305.776702 
305.766483 
305.756263 
305.746041 
305.735818 
305.725594 
305.715369 
305.705143 
305.694915 
305.684686 
305.674456 
305.664225 
305.653992 
305.643759 
305.633524 
305.623288 
305.613050 
305.602812 
305.592572 
305.582331 
305.572089 
305.561845 
305.551601 
305.541355 
305.531108 
305.520860 
305.510610 
305.500360 
305.490108 
305.479855 
305.469600 
305.459345 
305.449088 
305.438830 
305.428571 
305.418311 
305.408049 
305.397786 
305.387522 
305.377257 
305.366990 
305.356723 
305.346454 
305.336184 
305.325912 
305.315640 
305.305366 
305.295091 
305.284815 
305.274537 
305.264258 
305.253979 
305.243697 
305.233415 
305.223131 
305.212847 
305.202561 
305.192273 
305.181985 
305.171695 
305.161404 
305.151112 
305.140818 
305.130524 
305.120228 
305.109931 
305.099632 
305.089333 
305.079032 
305.068730 
305.058427 
305.048122 
305.037817 
305.027510 
305.017201 
305.006892 
304.996581 
304.986269 
304.975956 
304.965642 
304.955326 
304.945010 
304.934692 
304.924372 
304.914052 
304.903730 
304.893407 
304.883083 
304.872757 
304.862430 
304.852102 
304.841773 
304.831443 
304.821111 
304.810778 
304.800444 
304.790109 
304.779772 
304.769434 
304.759095 
304.748754 
304.738413 
304.728070 
304.717726 
304.707380 
304.697034 
304.686686 
304.676337 
304.665986 
304.655635 
304.645282 
304.634928 
304.624573 
304.614216 
304.603858 
304.593499 
304.583139 
304.572777 
304.562414 
304.552050 
304.541685 
304.531318 
304.520950 
304.510581 
304.500211 
304.489839 
304.479466 
304.469092 
304.458717 
304.448340 
304.437962 
304.427583 
304.417203 
304.406821 
304.396438 
304.386054 
304.375669 
304.365282 
304.354894 
304.344505 
304.334114 
304.323723 
304.313330 
304.302935 
304.292540 
304.282143 
304.271745 
304.261346 
304.250945 
304.240543 
304.230140 
304.219736 
304.209330 
304.198924 
304.188515 
304.178106 
304.167695 
304.157283 
304.146870 
304.136456 
304.126040 
304.115623 
304.105205 
304.094785 
304.084364 
304.073942 
304.063519 
304.053094 
304.042668 
304.032241 
304.021813 
304.011383 
304.000952 
303.990520 
303.980086 
303.969651 
303.959215 
303.948778 
303.938339 
303.927899 
303.917458 
303.907015 
303.896572 
303.886127 
303.875680 
303.865233 
303.854784 
303.844334 
303.833882 
303.823430 
303.812976 
303.802520 
303.792064 
303.781606 
303.771147 
303.760686 
303.750225 
303.739762 
303.729297 
303.718832 
303.708365 
303.697897 
303.687428 
303.676957 
303.666485 
303.656012 
303.645537 
303.635061 
303.624584 
303.614106 
303.603626 
303.593145 
303.582663 
303.572179 
303.561694 
303.551208 
303.540721 
303.530232 
303.519742 
303.509251 
303.498758 
303.488264 
303.477769 
303.467272 
303.456775 
303.446276 
303.435775 
303.425273 
303.414770 
303.404266 
303.393761 
303.383254 
303.372746 
303.362236 
303.351725 
303.341213 
303.330700 
303.320185 
303.309669 
303.299152 
303.288633 
303.278113 
303.267592 
303.257070 
303.246546 
303.236021 
303.225495 
303.214967 
303.204438 
303.193907 
303.183376 
303.172843 
303.162309 
303.151773 
303.141236 
303.130698 
303.120159 
303.109618 
303.099076 
303.088532 
303.077988 
303.067442 
303.056894 
303.046346 
303.035796 
303.025244 
303.014692 
303.004138 
302.993583 
302.983026 
302.972468 
302.961909 
302.951349 
302.940787 
302.930224 
302.919659 
302.909094 
302.898526 
302.887958 
302.877388 
302.866817 
302.856245 
302.845671 
302.835096 
302.824520 
302.813942 
302.803363 
302.792783 
302.782201 
302.771619 
302.761034 
302.750449 
302.739862 
302.729274 
302.718684 
302.708093 
302.697501 
302.686907 
302.676313 
302.665716 
302.655119 
302.644520 
302.633920 
302.623318 
302.612715 
302.602111 
302.591506 
302.580899 
302.570291 
302.559681 
302.549070 
302.538458 
302.527845 
302.517230 
302.506614 
302.495996 
302.485377 
302.474757 
302.464136 
302.453513 
302.442889 
302.432263 
302.421636 
302.411008 
302.400379 
302.389748 
302.379115 
302.368482 
302.357847 
302.347211 
302.336573 
302.325934 
302.315294 
302.304652 
302.294009 
302.283365 
302.272719 
302.262072 
302.251424 
302.240774 
302.230123 
302.219471 
302.208817 
302.198162 
302.187506 
302.176848 
302.166189 
302.155528 
302.144866 
302.134203 
302.123539 
302.112873 
302.102205 
302.091537 
302.080867 
302.070196 
302.059523 
302.048849 
302.038174 
302.027497 
302.016819 
302.006139 
301.995458 
301.984776 
301.974093 
301.963408 
301.952722 
301.942034 
301.931345 
301.920655 
301.909963 
301.899270 
301.888576 
301.877880 
301.867183 
301.856484 
301.845785 
301.835083 
301.824381 
301.813677 
301.802972 
301.792265 
301.781557 
301.770847 
301.760137 
301.749425 
301.738711 
301.727996 
301.717280 
301.706562 
301.695843 
301.685123 
301.674401 
301.663678 
301.652954 
301.642228 
301.631501 
301.620772 
301.610042 
301.599311 
301.588578 
301.577844 
301.567108 
301.556372 
301.545633 
301.534894 
301.524153 
301.513411 
301.502667 
301.491922 
301.481175 
301.470427 
301.459678 
301.448927 
301.438175 
301.427422 
301.416667 
301.405911 
301.395154 
301.384395 
301.373634 
301.362873 
301.352110 
301.341345 
301.330579 
301.319812 
301.309043 
301.298273 
301.287502 
301.276729 
301.265955 
301.255179 
301.244402 
301.233624 
301.222844 
301.212063 
301.201281 
301.190497 
301.179711 
301.168925 
301.158137 
301.147347 
301.136556 
301.125764 
301.114970 
301.104175 
301.093379 
301.082581 
301.071782 
301.060981 
301.050179 
301.039375 
301.028570 
301.017764 
301.006957 
300.996147 
300.985337 
300.974525 
300.963712 
300.952897 
300.942081 
300.931264 
300.920445 
300.909624 
300.898803 
300.887980 
300.877155 
300.866329 
300.855502 
300.844673 
300.833843 
300.823011 
300.812178 
300.801344 
300.790508 
300.779671 
300.768832 
300.757992 
300.747151 
300.736308 
300.725464 
300.714618 
300.703771 
300.692922 
300.682073 
300.671221 
300.660368 
300.649514 
300.638659 
300.627802 
300.616943 
300.606083 
300.595222 
300.584359 
300.573495 
300.562630 
300.551763 
300.540894 
300.530025 
300.519153 
300.508281 
300.497407 
300.486531 
300.475654 
300.464776 
300.453896 
300.443015 
300.432132 
300.421248 
300.410363 
300.399476 
300.388588 
300.377698 
300.366807 
300.355914 
300.345020 
300.334124 
300.323227 
300.312329 
300.301429 
300.290528 
300.279625 
300.268721 
300.257816 
300.246909 
300.236000 
300.225091 
300.214179 
300.203267 
300.192352 
300.181437 
300.170520 
300.159601 
300.148681 
300.137760 
300.126837 
300.115913 
300.104987 
300.094060 
300.083132 
300.072202 
300.061270 
300.050337 
300.039403 
300.028467 
300.017530 
300.006591 
299.995651 
299.984710 
299.973767 
299.962822 
299.951876 
299.940929 
299.929980 
299.919030 
299.908078 
299.897125 
299.886170 
299.875214 
299.864257 
299.853298 
299.842337 
299.831375 
299.820412 
299.809447 
299.798481 
299.787513 
299.776544 
299.765573 
299.754601 
299.743627 
299.732652 
299.721676 
299.710698 
299.699719 
299.688738 
299.677755 
299.666772 
299.655786 
299.644800 
299.633811 
299.622822 
299.611831 
299.600838 
299.589844 
299.578849 
299.567852 
299.556853 
299.545853 
299.534852 
299.523849 
299.512845 
299.501839 
299.490831 
299.479823 
299.468812 
299.457801 
299.446788 
299.435773 
299.424757 
299.413739 
299.402720 
299.391700 
299.380678 
299.369654 
299.358629 
299.347603 
299.336575 
299.325545 
299.314514 
299.303482 
299.292448 
299.281413 
299.270376 
299.259338 
299.248298 
299.237257 
299.226214 
299.215170 
299.204124 
299.193077 
299.182028 
299.170978 
299.159926 
299.148873 
299.137818 
299.126762 
299.115705 
299.104646 
299.093585 
299.082523 
299.071459 
299.060394 
299.049328 
299.038260 
299.027190 
299.016119 
299.005046 
298.993972 
298.982897 
298.971820 
298.960741 
298.949661 
298.938580 
298.927497 
298.916412 
298.905326 
298.894239 
298.883149 
298.872059 
298.860967 
298.849873 
298.838778 
298.827682 
298.816584 
298.805484 
298.794383 
298.783281 
298.772176 
298.761071 
298.749964 
298.738855 
298.727745 
298.716634 
298.705520 
298.694406 
298.683290 
298.672172 
298.661053 
298.649932 
298.638810 
298.627686 
298.616561 
298.605434 
298.594306 
298.583176 
298.572045 
298.560912 
298.549778 
298.538642 
298.527505 
298.516366 
298.505225 
298.494083 
298.482940 
298.471795 
298.460649 
298.449501 
298.438351 
298.427200 
298.416047 
298.404893 
298.393738 
298.382581 
298.371422 
298.360262 
298.349100 
298.337937 
298.326772 
298.315606 
298.304438 
298.293268 
298.282098 
298.270925 
298.259751 
298.248576 
298.237399 
298.226220 
298.215040 
298.203858 
298.192675 
298.181490 
298.170304 
298.159116 
298.147927 
298.136736 
298.125544 
298.114350 
298.103154 
298.091957 
298.080759 
298.069559 
298.058357 
298.047154 
298.035949 
298.024743 
298.013535 
298.002326 
297.991115 
297.979902 
297.968688 
297.957473 
297.946256 
297.935037 
297.923817 
297.912595 
297.901372 
297.890147 
297.878921 
297.867693 
297.856463 
297.845232 
297.834000 
297.822765 
297.811530 
297.800292 
297.789054 
297.777813 
297.766571 
297.755328 
297.744083 
297.732836 
297.721588 
297.710338 
297.699087 
297.687834 
297.676580 
297.665324 
297.654066 
297.642807 
297.631546 
297.620284 
297.609020 
297.597755 
297.586488 
297.575219 
297.563949 
297.552678 
297.541405 
297.530130 
297.518853 
297.507576 
297.496296 
297.485015 
297.473732 
297.462448 
297.451162 
297.439875 
297.428586 
297.417296 
297.406004 
297.394710 
297.383415 
297.372118 
297.360820 
297.349520 
297.338218 
297.326915 
297.315610 
297.304304 
297.292996 
297.281687 
297.270376 
297.259063 
297.247749 
297.236433 
297.225116 
297.213797 
297.202476 
297.191154 
297.179830 
297.168505 
297.157178 
297.145850 
297.134520 
297.123188 
297.111855 
297.100520 
297.089183 
297.077845 
297.066506 
297.055165 
297.043822 
297.032477 
297.021131 
297.009784 
296.998435 
296.987084 
296.975731 
296.964377 
296.953022 
296.941665 
296.930306 
296.918945 
296.907583 
296.896220 
296.884855 
296.873488 
296.862119 
296.850749 
296.839378 
296.828005 
296.816630 
296.805253 
296.793875 
296.782496 
296.771114 
296.759732 
296.748347 
296.736961 
296.725573 
296.714184 
296.702793 
296.691400 
296.680006 
296.668611 
296.657213 
296.645814 
296.634414 
296.623011 
296.611607 
296.600202 
296.588795 
296.577386 
296.565976 
296.554564 
296.543150 
296.531735 
296.520318 
296.508900 
296.497480 
296.486058 
296.474635 
296.463210 
296.451783 
296.440355 
296.428925 
296.417494 
296.406061 
296.394626 
296.383190 
296.371752 
296.360312 
296.348871 
296.337428 
296.325983 
296.314537 
296.303090 
296.291640 
296.280189 
296.268736 
296.257282 
296.245826 
296.234369 
296.222909 
296.211448 
296.199986 
296.188522 
296.177056 
296.165589 
296.154120 
296.142649 
296.131176 
296.119702 
296.108227 
296.096750 
296.085271 
296.073790 
296.062308 
296.050824 
296.039338 
296.027851 
296.016362 
296.004872 
295.993380 
295.981886 
295.970390 
295.958893 
295.947395 
295.935894 
295.924392 
295.912888 
295.901383 
295.889876 
295.878367 
295.866857 
295.855345 
295.843831 
295.832316 
295.820799 
295.809280 
295.797760 
295.786238 
295.774714 
295.763189 
295.751662 
295.740134 
295.728603 
295.717071 
295.705538 
295.694002 
295.682465 
295.670927 
295.659386 
295.647844 
295.636301 
295.624756 
295.613209 
295.601660 
295.590110 
295.578558 
295.567004 
295.555448 
295.543891 
295.532333 
295.520772 
295.509210 
295.497646 
295.486081 
295.474514 
295.462945 
295.451375 
295.439802 
295.428229 
295.416653 
295.405076 
295.393497 
295.381916 
295.370334 
295.358750 
295.347165 
295.335577 
295.323988 
295.312398 
295.300805 
295.289211 
295.277615 
295.266018 
295.254419 
295.242818 
295.231215 
295.219611 
295.208005 
295.196397 
295.184788 
295.173177 
295.161564 
295.149950 
295.138334 
295.126716 
295.115096 
295.103475 
295.091852 
295.080228 
295.068601 
295.056973 
295.045343 
295.033712 
295.022079 
295.010444 
294.998807 
294.987169 
294.975529 
294.963887 
294.952244 
294.940599 
294.928952 
294.917304 
294.905653 
294.894001 
294.882348 
294.870692 
294.859035 
294.847376 
294.835716 
294.824053 
294.812389 
294.800724 
294.789056 
294.777387 
294.765716 
294.754044 
294.742369 
294.730693 
294.719016 
294.707336 
294.695655 
294.683972 
294.672287 
294.660601 
294.648913 
294.637223 
294.625531 
294.613838 
294.602143 
294.590446 
294.578748 
294.567048 
294.555346 
294.543642 
294.531937 
294.520229 
294.508521 
294.496810 
294.485098 
294.473383 
294.461668 
294.449950 
294.438231 
294.426510 
294.414787 
294.403062 
294.391336 
294.379608 
294.367878 
294.356147 
294.344413 
294.332678 
294.320942 
294.309203 
294.297463 
294.285721 
294.273977 
294.262232 
294.250484 
294.238735 
294.226985 
294.215232 
294.203478 
294.191722 
294.179964 
294.168205 
294.156443 
294.144680 
294.132915 
294.121149 
294.109380 
294.097610 
294.085839 
294.074065 
294.062290 
294.050512 
294.038734 
294.026953 
294.015170 
294.003386 
293.991600 
293.979813 
293.968023 
293.956232 
293.944439 
293.932644 
293.920847 
293.909049 
293.897249 
293.885447 
293.873644 
293.861838 
293.850031 
293.838222 
293.826411 
293.814599 
293.802784 
293.790968 
293.779150 
293.767331 
293.755509 
293.743686 
293.731861 
293.720034 
293.708206 
293.696375 
293.684543 
293.672709 
293.660874 
293.649036 
293.637197 
293.625356 
293.613513 
293.601668 
293.589822 
293.577974 
293.566124 
293.554272 
293.542418 
293.530563 
293.518706 
293.506847 
293.494986 
293.483123 
293.471259 
293.459393 
293.447525 
293.435655 
293.423783 
293.411910 
293.400035 
293.388158 
293.376279 
293.364398 
293.352516 
293.340632 
293.328746 
293.316858 
293.304968 
293.293077 
293.281184 
293.269289 
293.257392 
293.245493 
293.233593 
293.221690 
293.209786 
293.197880 
293.185972 
293.174063 
293.162152 
293.150238 
293.138323 
293.126406 
293.114488 
293.102567 
293.090645 
293.078721 
293.066795 
293.054867 
293.042938 
293.031006 
293.019073 
293.007138 
292.995201 
292.983262 
292.971322 
292.959379 
292.947435 
292.935489 
292.923541 
292.911592 
292.899640 
292.887687 
292.875731 
292.863774 
292.851815 
292.839855 
292.827892 
292.815928 
292.803962 
292.791993 
292.780024 
292.768052 
292.756078 
292.744103 
292.732126 
292.720146 
292.708165 
292.696183 
292.684198 
292.672211 
292.660223 
292.648233 
292.636241 
292.624247 
292.612251 
292.600254 
292.588254 
292.576253 
292.564250 
292.552245 
292.540238 
292.528229 
292.516218 
292.504206 
292.492192 
292.480175 
292.468157 
292.456137 
292.444116 
292.432092 
292.420067 
292.408039 
292.396010 
292.383979 
292.371946 
292.359911 
292.347874 
292.335836 
292.323795 
292.311753 
292.299709 
292.287663 
292.275615 
292.263565 
292.251514 
292.239460 
292.227405 
292.215347 
292.203288 
292.191227 
292.179164 
292.167100 
292.155033 
292.142964 
292.130894 
292.118822 
292.106747 
292.094671 
292.082593 
292.070513 
292.058432 
292.046348 
292.034262 
292.022175 
292.010086 
291.997995 
291.985901 
291.973807 
291.961710 
291.949611 
291.937510 
291.925408 
291.913303 
291.901197 
291.889089 
291.876978 
291.864866 
291.852752 
291.840637 
291.828519 
291.816399 
291.804278 
291.792154 
291.780029 
291.767902 
291.755772 
291.743641 
291.731508 
291.719373 
291.707237 
291.695098 
291.682957 
291.670815 
291.658670 
291.646524 
291.634376 
291.622225 
291.610073 
291.597919 
291.585763 
291.573606 
291.561446 
291.549284 
291.537120 
291.524955 
291.512787 
291.500618 
291.488447 
291.476273 
291.464098 
291.451921 
291.439742 
291.427561 
291.415378 
291.403194 
291.391007 
291.378818 
291.366628 
291.354435 
291.342241 
291.330044 
291.317846 
291.305646 
291.293443 
291.281239 
291.269033 
291.256825 
291.244615 
291.232403 
291.220189 
291.207974 
291.195756 
291.183536 
291.171314 
291.159091 
291.146865 
291.134638 
291.122408 
291.110177 
291.097944 
291.085709 
291.073471 
291.061232 
291.048991 
291.036748 
291.024503 
291.012256 
291.000007 
290.987756 
290.975503 
290.963248 
290.950992 
290.938733 
290.926472 
290.914209 
290.901945 
290.889678 
290.877410 
290.865139 
290.852867 
290.840592 
290.828316 
290.816037 
290.803757 
290.791475 
290.779190 
290.766904 
290.754616 
290.742326 
290.730033 
290.717739 
290.705443 
290.693145 
290.680845 
290.668543 
290.656239 
290.643933 
290.631625 
290.619315 
290.607003 
290.594689 
290.582373 
290.570055 
290.557735 
290.545413 
290.533089 
290.520763 
290.508435 
290.496105 
290.483773 
290.471439 
290.459103 
290.446766 
290.434426 
290.422084 
290.409740 
290.397394 
290.385046 
290.372696 
290.360345 
290.347991 
290.335635 
290.323277 
290.310917 
290.298555 
290.286191 
290.273825 
290.261458 
290.249088 
290.236716 
290.224342 
290.211966 
290.199588 
290.187208 
290.174826 
290.162442 
290.150056 
290.137668 
290.125278 
290.112886 
290.100492 
290.088096 
290.075698 
290.063298 
290.050895 
290.038491 
290.026085 
290.013677 
290.001267 
289.988854 
289.976440 
289.964024 
289.951605 
289.939185 
289.926763 
289.914338 
289.901912 
289.889483 
289.877053 
289.864620 
289.852185 
289.839749 
289.827310 
289.814869 
289.802426 
289.789982 
289.777535 
289.765086 
289.752635 
289.740182 
289.727727 
289.715270 
289.702811 
289.690349 
289.677886 
289.665421 
289.652954 
289.640484 
289.628013 
289.615539 
289.603064 
289.590586 
289.578107 
289.565625 
289.553141 
289.540655 
289.528167 
289.515677 
289.503185 
289.490691 
289.478195 
289.465697 
289.453197 
289.440694 
289.428190 
289.415684 
289.403175 
289.390664 
289.378152 
289.365637 
289.353120 
289.340601 
289.328080 
289.315557 
289.303032 
289.290505 
289.277976 
289.265444 
289.252911 
289.240376 
289.227838 
289.215298 
289.202757 
289.190213 
289.177667 
289.165119 
289.152569 
289.140017 
289.127462 
289.114906 
289.102347 
289.089787 
289.077224 
289.064660 
289.052093 
289.039524 
289.026953 
289.014380 
289.001805 
288.989227 
288.976648 
288.964066 
288.951483 
288.938897 
288.926309 
288.913719 
288.901127 
288.888533 
288.875937 
288.863339 
288.850738 
288.838136 
288.825531 
288.812924 
288.800315 
288.787704 
288.775091 
288.762476 
288.749859 
288.737239 
288.724617 
288.711994 
288.699368 
288.686740 
288.674110 
288.661478 
288.648843 
288.636207 
288.623568 
288.610928 
288.598285 
288.585640 
288.572993 
288.560344 
288.547692 
288.535039 
288.522383 
288.509725 
288.497066 
288.484404 
288.471739 
288.459073 
288.446405 
288.433734 
288.421061 
288.408387 
288.395710 
288.383030 
288.370349 
288.357666 
288.344980 
288.332292 
288.319603 
288.306911 
288.294216 
288.281520 
288.268822 
288.256121 
288.243418 
288.230713 
288.218006 
288.205297 
288.192585 
288.179872 
288.167156 
288.154438 
288.141718 
288.128996 
288.116272 
288.103545 
288.090816 
288.078085 
288.065352 
288.052617 
288.039880 
288.027140 
288.014398 
288.001655 
287.988909 
287.976160 
287.963410 
287.950657 
287.937902 
287.925145 
287.912386 
287.899625 
287.886861 
287.874096 
287.861328 
287.848558 
287.835786 
287.823011 
287.810235 
287.797456 
287.784675 
287.771892 
287.759106 
287.746319 
287.733529 
287.720737 
287.707943 
287.695146 
287.682348 
287.669547 
287.656744 
287.643939 
287.631132 
287.618322 
287.605510 
287.592696 
287.579880 
287.567062 
287.554241 
287.541419 
287.528594 
287.515766 
287.502937 
287.490105 
287.477271 
287.464435 
287.451597 
287.438757 
287.425914 
287.413069 
287.400222 
287.387372 
287.374521 
287.361667 
287.348811 
287.335953 
287.323092 
287.310230 
287.297365 
287.284497 
287.271628 
287.258756 
287.245883 
287.233006 
287.220128 
287.207248 
287.194365 
287.181480 
287.168592 
287.155703 
287.142811 
287.129917 
287.117021 
287.104122 
287.091222 
287.078319 
287.065414 
287.052506 
287.039596 
287.026684 
287.013770 
287.000854 
286.987935 
286.975014 
286.962091 
286.949165 
286.936238 
286.923308 
286.910375 
286.897441 
286.884504 
286.871565 
286.858624 
286.845680 
286.832734 
286.819786 
286.806836 
286.793883 
286.780928 
286.767971 
286.755012 
286.742050 
286.729086 
286.716120 
286.703151 
286.690180 
286.677207 
286.664232 
286.651254 
286.638274 
286.625292 
286.612308 
286.599321 
286.586332 
286.573340 
286.560347 
286.547351 
286.534353 
286.521352 
286.508349 
286.495344 
286.482337 
286.469327 
286.456315 
286.443301 
286.430284 
286.417266 
286.404244 
286.391221 
286.378195 
286.365167 
286.352137 
286.339104 
286.326069 
286.313032 
286.299992 
286.286950 
286.273906 
286.260860 
286.247811 
286.234760 
286.221706 
286.208650 
286.195592 
286.182532 
286.169469 
286.156404 
286.143337 
286.130267 
286.117195 
286.104121 
286.091044 
286.077965 
286.064884 
286.051800 
286.038714 
286.025626 
286.012535 
285.999442 
285.986347 
285.973249 
285.960149 
285.947047 
285.933942 
285.920835 
285.907726 
285.894614 
285.881500 
285.868383 
285.855265 
285.842144 
285.829020 
285.815894 
285.802766 
285.789636 
285.776503 
285.763368 
285.750230 
285.737090 
285.723948 
285.710804 
285.697657 
285.684507 
285.671356 
285.658202 
285.645045 
285.631886 
285.618725 
285.605562 
285.592396 
285.579228 
285.566057 
285.552884 
285.539709 
285.526531 
285.513351 
285.500168 
285.486984 
285.473796 
285.460607 
285.447415 
285.434220 
285.421024 
285.407824 
285.394623 
285.381419 
285.368213 
285.355004 
285.341793 
285.328579 
285.315364 
285.302145 
285.288925 
285.275702 
285.262476 
285.249248 
285.236018 
285.222786 
285.209551 
285.196313 
285.183073 
285.169831 
285.156586 
285.143339 
285.130090 
285.116838 
285.103584 
285.090327 
285.077068 
285.063807 
285.050543 
285.037276 
285.024007 
285.010736 
284.997463 
284.984187 
284.970908 
284.957627 
284.944344 
284.931058 
284.917770 
284.904480 
284.891187 
284.877891 
284.864594 
284.851293 
284.837991 
284.824685 
284.811378 
284.798068 
284.784755 
284.771440 
284.758123 
284.744803 
284.731481 
284.718156 
284.704829 
284.691500 
284.678168 
284.664833 
284.651496 
284.638157 
284.624815 
284.611471 
284.598124 
284.584775 
284.571424 
284.558070 
284.544713 
284.531354 
284.517993 
284.504629 
284.491262 
284.477893 
284.464522 
284.451148 
284.437772 
284.424393 
284.411012 
284.397629 
284.384242 
284.370854 
284.357463 
284.344069 
284.330673 
284.317275 
284.303874 
284.290470 
284.277064 
284.263656 
284.250245 
284.236831 
284.223415 
284.209997 
284.196576 
284.183153 
284.169727 
284.156299 
284.142868 
284.129434 
284.115999 
284.102560 
284.089119 
284.075676 
284.062230 
284.048782 
284.035331 
284.021878 
284.008422 
283.994963 
283.981502 
283.968039 
283.954573 
283.941105 
283.927634 
283.914160 
283.900684 
283.887206 
283.873725 
283.860241 
283.846755 
283.833267 
283.819775 
283.806282 
283.792786 
283.779287 
283.765786 
283.752282 
283.738776 
283.725267 
283.711756 
283.698242 
283.684725 
283.671206 
283.657685 
283.644161 
283.630634 
283.617105 
283.603573 
283.590039 
283.576502 
283.562963 
283.549421 
283.535877 
283.522330 
283.508780 
283.495228 
283.481674 
283.468117 
283.454557 
283.440995 
283.427430 
283.413862 
283.400292 
283.386720 
283.373145 
283.359567 
283.345987 
283.332404 
283.318818 
283.305231 
283.291640 
283.278047 
283.264451 
283.250853 
283.237252 
283.223649 
283.210043 
283.196434 
283.182823 
283.169209 
283.155593 
283.141974 
283.128352 
283.114728 
283.101102 
283.087472 
283.073840 
283.060206 
283.046569 
283.032929 
283.019287 
283.005642 
282.991994 
282.978344 
282.964692 
282.951036 
282.937379 
282.923718 
282.910055 
282.896389 
282.882721 
282.869050 
282.855376 
282.841700 
282.828021 
282.814340 
282.800656 
282.786969 
282.773280 
282.759588 
282.745893 
282.732196 
282.718496 
282.704794 
282.691089 
282.677381 
282.663671 
282.649958 
282.636242 
282.622524 
282.608803 
282.595080 
282.581354 
282.567625 
282.553893 
282.540159 
282.526423 
282.512683 
282.498941 
282.485197 
282.471449 
282.457699 
282.443947 
282.430191 
282.416433 
282.402673 
282.388910 
282.375144 
282.361375 
282.347604 
282.333830 
282.320053 
282.306274 
282.292492 
282.278707 
282.264920 
282.251130 
282.237338 
282.223542 
282.209744 
282.195944 
282.182140 
282.168334 
282.154526 
282.140714 
282.126900 
282.113083 
282.099264 
282.085442 
282.071617 
282.057790 
282.043959 
282.030126 
282.016291 
282.002452 
281.988611 
281.974768 
281.960921 
281.947072 
281.933220 
281.919366 
281.905509 
281.891649 
281.877786 
281.863921 
281.850053 
281.836182 
281.822308 
281.808432 
281.794553 
281.780671 
281.766787 
281.752900 
281.739010 
281.725118 
281.711222 
281.697324 
281.683424 
281.669520 
281.655614 
281.641705 
281.627793 
281.613879 
281.599962 
281.586042 
281.572119 
281.558194 
281.544266 
281.530335 
281.516401 
281.502465 
281.488526 
281.474584 
281.460639 
281.446692 
281.432742 
281.418789 
281.404833 
281.390875 
281.376913 
281.362950 
281.348983 
281.335013 
281.321041 
281.307066 
281.293088 
281.279108 
281.265124 
281.251138 
281.237150 
281.223158 
281.209163 
281.195166 
281.181166 
281.167163 
281.153158 
281.139150 
281.125138 
281.111125 
281.097108 
281.083088 
281.069066 
281.055041 
281.041013 
281.026982 
281.012949 
280.998913 
280.984874 
280.970832 
280.956787 
280.942740 
280.928689 
280.914636 
280.900580 
280.886521 
280.872460 
280.858396 
280.844328 
280.830258 
280.816186 
280.802110 
280.788031 
280.773950 
280.759866 
280.745779 
280.731689 
280.717597 
280.703501 
280.689403 
280.675302 
280.661198 
280.647091 
280.632982 
280.618869 
280.604754 
280.590636 
280.576515 
280.562391 
280.548264 
280.534135 
280.520002 
280.505867 
280.491729 
280.477588 
280.463444 
280.449298 
280.435148 
280.420996 
280.406841 
280.392683 
280.378522 
280.364358 
280.350191 
280.336022 
280.321849 
280.307674 
280.293496 
280.279315 
280.265131 
280.250944 
280.236754 
280.222561 
280.208366 
280.194168 
280.179966 
280.165762 
280.151555 
280.137345 
280.123133 
280.108917 
280.094698 
280.080477 
280.066252 
280.052025 
280.037795 
280.023562 
280.009326 
279.995087 
279.980845 
279.966600 
279.952353 
279.938102 
279.923849 
279.909592 
279.895333 
279.881071 
279.866805 
279.852537 
279.838266 
279.823992 
279.809716 
279.795436 
279.781153 
279.766867 
279.752579 
279.738287 
279.723993 
279.709695 
279.695395 
279.681092 
279.666786 
279.652476 
279.638164 
279.623849 
279.609531 
279.595210 
279.580886 
279.566560 
279.552230 
279.537897 
279.523561 
279.509223 
279.494881 
279.480536 
279.466189 
279.451838 
279.437485 
279.423128 
279.408769 
279.394406 
279.380041 
279.365672 
279.351301 
279.336927 
279.322549 
279.308169 
279.293786 
279.279399 
279.265010 
279.250618 
279.236223 
279.221824 
279.207423 
279.193019 
279.178612 
279.164201 
279.149788 
279.135372 
279.120953 
279.106530 
279.092105 
279.077677 
279.063246 
279.048811 
279.034374 
279.019934 
279.005490 
278.991044 
278.976595 
278.962142 
278.947687 
278.933228 
278.918767 
278.904302 
278.889835 
278.875364 
278.860891 
278.846414 
278.831934 
278.817451 
278.802966 
278.788477 
278.773985 
278.759490 
278.744992 
278.730491 
278.715987 
278.701480 
278.686970 
278.672457 
278.657941 
278.643421 
278.628899 
278.614373 
278.599845 
278.585313 
278.570779 
278.556241 
278.541700 
278.527156 
278.512609 
278.498059 
278.483506 
278.468950 
278.454391 
278.439829 
278.425263 
278.410695 
278.396123 
278.381549 
278.366971 
278.352390 
278.337806 
278.323219 
278.308629 
278.294036 
278.279439 
278.264840 
278.250237 
278.235632 
278.221023 
278.206411 
278.191796 
278.177178 
278.162557 
278.147932 
278.133305 
278.118674 
278.104041 
278.089404 
278.074764 
278.060121 
278.045475 
278.030825 
278.016173 
278.001517 
277.986858 
277.972197 
277.957532 
277.942863 
277.928192 
277.913518 
277.898840 
277.884159 
277.869475 
277.854788 
277.840098 
277.825405 
277.810708 
277.796009 
277.781306 
277.766600 
277.751891 
277.737178 
277.722463 
277.707744 
277.693022 
277.678297 
277.663569 
277.648838 
277.634103 
277.619366 
277.604625 
277.589881 
277.575133 
277.560383 
277.545629 
277.530873 
277.516113 
277.501349 
277.486583 
277.471813 
277.457041 
277.442265 
277.427485 
277.412703 
277.397917 
277.383128 
277.368336 
277.353541 
277.338743 
277.323941 
277.309136 
277.294328 
277.279517 
277.264702 
277.249884 
277.235063 
277.220239 
277.205411 
277.190581 
277.175747 
277.160910 
277.146069 
277.131225 
277.116379 
277.101528 
277.086675 
277.071818 
277.056958 
277.042095 
277.027229 
277.012359 
276.997486 
276.982610 
276.967731 
276.952848 
276.937962 
276.923073 
276.908180 
276.893285 
276.878386 
276.863483 
276.848578 
276.833669 
276.818757 
276.803841 
276.788923 
276.774001 
276.759075 
276.744147 
276.729215 
276.714280 
276.699341 
276.684400 
276.669455 
276.654506 
276.639555 
276.624600 
276.609641 
276.594680 
276.579715 
276.564747 
276.549775 
276.534801 
276.519823 
276.504841 
276.489856 
276.474868 
276.459877 
276.444882 
276.429884 
276.414883 
276.399878 
276.384870 
276.369859 
276.354844 
276.339826 
276.324804 
276.309780 
276.294751 
276.279720 
276.264685 
276.249647 
276.234606 
276.219561 
276.204513 
276.189461 
276.174406 
276.159348 
276.144286 
276.129221 
276.114153 
276.099081 
276.084006 
276.068927 
276.053845 
276.038760 
276.023671 
276.008579 
275.993484 
275.978385 
275.963283 
275.948177 
275.933068 
275.917956 
275.902840 
275.887721 
275.872599 
275.857473 
275.842343 
275.827210 
275.812074 
275.796935 
275.781792 
275.766645 
275.751495 
275.736342 
275.721185 
275.706025 
275.690862 
275.675695 
275.660524 
275.645351 
275.630173 
275.614993 
275.599808 
275.584621 
275.569430 
275.554235 
275.539038 
275.523836 
275.508631 
275.493423 
275.478212 
275.462996 
275.447778 
275.432556 
275.417330 
275.402101 
275.386869 
275.371633 
275.356394 
275.341151 
275.325904 
275.310655 
275.295401 
275.280144 
275.264884 
275.249621 
275.234353 
275.219083 
275.203808 
275.188531 
275.173250 
275.157965 
275.142677 
275.127385 
275.112090 
275.096791 
275.081489 
275.066183 
275.050874 
275.035561 
275.020245 
275.004925 
274.989602 
274.974275 
274.958945 
274.943611 
274.928274 
274.912933 
274.897589 
274.882241 
274.866889 
274.851534 
274.836176 
274.820813 
274.805448 
274.790079 
274.774706 
274.759330 
274.743950 
274.728566 
274.713179 
274.697789 
274.682395 
274.666997 
274.651596 
274.636191 
274.620783 
274.605371 
274.589955 
274.574536 
274.559114 
274.543687 
274.528258 
274.512824 
274.497387 
274.481947 
274.466502 
274.451055 
274.435603 
274.420148 
274.404690 
274.389228 
274.373762 
274.358293 
274.342820 
274.327343 
274.311863 
274.296379 
274.280892 
274.265400 
274.249906 
274.234407 
274.218906 
274.203400 
274.187891 
274.172378 
274.156862 
274.141341 
274.125818 
274.110290 
274.094759 
274.079225 
274.063686 
274.048144 
274.032599 
274.017050 
274.001497 
273.985940 
273.970380 
273.954816 
273.939248 
273.923677 
273.908102 
273.892524 
273.876941 
273.861355 
273.845766 
273.830173 
273.814576 
273.798975 
273.783371 
273.767762 
273.752151 
273.736535 
273.720916 
273.705293 
273.689667 
273.674037 
273.658403 
273.642765 
273.627124 
273.611478 
273.595830 
273.580177 
273.564521 
273.548861 
273.533197 
273.517530 
273.501859 
273.486184 
273.470505 
273.454823 
273.439137 
273.423447 
273.407753 
273.392056 
273.376355 
273.360650 
273.344942 
273.329229 
273.313513 
273.297793 
273.282070 
273.266343 
273.250611 
273.234877 
273.219138 
273.203395 
273.187649 
273.171899 
273.156145 
273.140388 
273.124627 
273.108861 
273.093092 
273.077320 
273.061543 
273.045763 
273.029979 
273.014191 
272.998399 
272.982604 
272.966804 
272.951001 
272.935194 
272.919384 
272.903569 
272.887751 
272.871928 
272.856102 
272.840272 
272.824439 
272.808601 
272.792760 
272.776914 
272.761065 
272.745213 
272.729356 
272.713495 
272.697631 
272.681762 
272.665890 
272.650014 
272.634134 
272.618251 
272.602363 
272.586472 
272.570576 
272.554677 
272.538774 
272.522867 
272.506956 
272.491042 
272.475123 
272.459200 
272.443274 
272.427344 
272.411410 
272.395472 
272.379530 
272.363584 
272.347634 
272.331680 
272.315723 
272.299761 
272.283796 
272.267827 
272.251853 
272.235876 
272.219895 
272.203910 
272.187921 
272.171928 
272.155932 
272.139931 
272.123926 
272.107918 
272.091905 
272.075889 
272.059868 
272.043844 
272.027816 
272.011783 
271.995747 
271.979707 
271.963663 
271.947614 
271.931562 
271.915506 
271.899446 
271.883382 
271.867314 
271.851242 
271.835166 
271.819086 
271.803002 
271.786914 
271.770822 
271.754726 
271.738626 
271.722523 
271.706415 
271.690303 
271.674187 
271.658067 
271.641943 
271.625815 
271.609683 
271.593547 
271.577407 
271.561262 
271.545114 
271.528962 
271.512806 
271.496646 
271.480482 
271.464313 
271.448141 
271.431964 
271.415784 
271.399599 
271.383411 
271.367218 
271.351022 
271.334821 
271.318616 
271.302407 
271.286194 
271.269977 
271.253756 
271.237531 
271.221302 
271.205068 
271.188831 
271.172589 
271.156344 
271.140094 
271.123840 
271.107582 
271.091320 
271.075054 
271.058784 
271.042509 
271.026231 
271.009948 
270.993662 
270.977371 
270.961076 
270.944777 
270.928474 
270.912166 
270.895855 
270.879539 
270.863219 
270.846895 
270.830567 
270.814235 
270.797899 
270.781558 
270.765214 
270.748865 
270.732512 
270.716155 
270.699793 
270.683428 
270.667058 
270.650684 
270.634306 
270.617924 
270.601538 
270.585147 
270.568752 
270.552353 
270.535950 
270.519543 
270.503131 
270.486716 
270.470296 
270.453871 
270.437443 
270.421010 
270.404574 
270.388133 
270.371687 
270.355238 
270.338784 
270.322326 
270.305864 
270.289397 
270.272927 
270.256452 
270.239973 
270.223489 
270.207002 
270.190510 
270.174013 
270.157513 
270.141008 
270.124499 
270.107986 
270.091469 
270.074947 
270.058421 
270.041890 
270.025356 
270.008817 
269.992274 
269.975726 
269.959174 
269.942618 
269.926058 
269.909493 
269.892924 
269.876351 
269.859773 
269.843191 
269.826605 
269.810015 
269.793420 
269.776820 
269.760217 
269.743609 
269.726997 
269.710380 
269.693759 
269.677134 
269.660504 
269.643871 
269.627232 
269.610590 
269.593943 
269.577291 
269.560635 
269.543975 
269.527311 
269.510642 
269.493969 
269.477291 
269.460609 
269.443923 
269.427232 
269.410537 
269.393837 
269.377133 
269.360425 
269.343712 
269.326995 
269.310274 
269.293548 
269.276817 
269.260083 
269.243343 
269.226600 
269.209852 
269.193099 
269.176342 
269.159581 
269.142815 
269.126045 
269.109270 
269.092491 
269.075707 
269.058919 
269.042127 
269.025330 
269.008528 
268.991722 
268.974912 
268.958097 
268.941278 
268.924454 
268.907626 
268.890793 
268.873956 
268.857114 
268.840268 
268.823417 
268.806562 
268.789702 
268.772838 
268.755969 
268.739096 
268.722218 
268.705336 
268.688449 
268.671558 
268.654662 
268.637761 
268.620856 
268.603947 
268.587033 
268.570114 
268.553191 
268.536263 
268.519331 
268.502394 
268.485453 
268.468507 
268.451557 
268.434602 
268.417642 
268.400678 
268.383709 
268.366736 
268.349758 
268.332775 
268.315788 
268.298797 
268.281800 
268.264799 
268.247794 
268.230784 
268.213769 
268.196750 
268.179726 
268.162697 
268.145664 
268.128626 
268.111584 
268.094537 
268.077485 
268.060429 
268.043368 
268.026302 
268.009232 
267.992157 
267.975077 
267.957993 
267.940904 
267.923810 
267.906712 
267.889609 
267.872502 
267.855389 
267.838272 
267.821151 
267.804024 
267.786893 
267.769758 
267.752617 
267.735472 
267.718322 
267.701168 
267.684008 
267.666844 
267.649676 
267.632502 
267.615324 
267.598141 
267.580954 
267.563761 
267.546564 
267.529363 
267.512156 
267.494945 
267.477729 
267.460508 
267.443282 
267.426052 
267.408817 
267.391577 
267.374332 
267.357083 
267.339829 
267.322570 
267.305306 
267.288037 
267.270764 
267.253486 
267.236203 
267.218915 
267.201623 
267.184325 
267.167023 
267.149716 
267.132404 
267.115088 
267.097766 
267.080440 
267.063109 
267.045773 
267.028432 
267.011087 
266.993736 
266.976381 
266.959021 
266.941655 
266.924286 
266.906911 
266.889531 
266.872147 
266.854757 
266.837363 
266.819964 
266.802560 
266.785151 
266.767737 
266.750318 
266.732895 
266.715466 
266.698033 
266.680594 
266.663151 
266.645703 
266.628250 
266.610792 
266.593329 
266.575861 
266.558388 
266.540910 
266.523428 
266.505940 
266.488447 
266.470950 
266.453447 
266.435940 
266.418427 
266.400910 
266.383388 
266.365860 
266.348328 
266.330791 
266.313248 
266.295701 
266.278149 
266.260591 
266.243029 
266.225462 
266.207890 
266.190312 
266.172730 
266.155143 
266.137550 
266.119953 
266.102350 
266.084743 
266.067130 
266.049513 
266.031890 
266.014263 
265.996630 
265.978992 
265.961350 
265.943702 
265.926049 
265.908391 
265.890728 
265.873060 
265.855386 
265.837708 
265.820025 
265.802336 
265.784643 
265.766944 
265.749240 
265.731531 
265.713817 
265.696098 
265.678374 
265.660644 
265.642910 
265.625170 
265.607425 
265.589675 
265.571920 
265.554160 
265.536395 
265.518624 
265.500849 
265.483068 
265.465282 
265.447491 
265.429694 
265.411893 
265.394086 
265.376274 
265.358457 
265.340635 
265.322807 
265.304975 
265.287137 
265.269294 
265.251446 
265.233592 
265.215733 
265.197869 
265.180000 
265.162126 
265.144246 
265.126361 
265.108471 
265.090576 
265.072675 
265.054769 
265.036858 
265.018942 
265.001020 
264.983093 
264.965161 
264.947224 
264.929281 
264.911333 
264.893379 
264.875421 
264.857457 
264.839488 
264.821513 
264.803533 
264.785548 
264.767558 
264.749562 
264.731561 
264.713554 
264.695542 
264.677525 
264.659503 
264.641475 
264.623442 
264.605403 
264.587359 
264.569310 
264.551255 
264.533195 
264.515130 
264.497059 
264.478983 
264.460902 
264.442815 
264.424722 
264.406625 
264.388521 
264.370413 
264.352299 
264.334180 
264.316055 
264.297925 
264.279789 
264.261648 
264.243501 
264.225349 
264.207192 
264.189029 
264.170861 
264.152687 
264.134508 
264.116323 
264.098133 
264.079937 
264.061736 
264.043530 
264.025318 
264.007100 
263.988877 
263.970648 
263.952414 
263.934175 
263.915930 
263.897679 
263.879423 
263.861161 
263.842894 
263.824621 
263.806343 
263.788059 
263.769770 
263.751475 
263.733175 
263.714869 
263.696557 
263.678240 
263.659917 
263.641589 
263.623255 
263.604915 
263.586570 
263.568220 
263.549863 
263.531501 
263.513134 
263.494761 
263.476382 
263.457998 
263.439608 
263.421212 
263.402811 
263.384404 
263.365992 
263.347574 
263.329150 
263.310720 
263.292285 
263.273844 
263.255398 
263.236946 
263.218488 
263.200024 
263.181555 
263.163080 
263.144600 
263.126114 
263.107622 
263.089124 
263.070621 
263.052111 
263.033597 
263.015076 
262.996550 
262.978018 
262.959480 
262.940936 
262.922387 
262.903832 
262.885271 
262.866705 
262.848132 
262.829554 
262.810970 
262.792381 
262.773785 
262.755184 
262.736577 
262.717964 
262.699345 
262.680721 
262.662091 
262.643455 
262.624813 
262.606165 
262.587511 
262.568852 
262.550187 
262.531515 
262.512839 
262.494156 
262.475467 
262.456772 
262.438072 
262.419366 
262.400654 
262.381935 
262.363212 
262.344482 
262.325746 
262.307004 
262.288257 
262.269503 
262.250744 
262.231979 
262.213207 
262.194430 
262.175647 
262.156858 
262.138063 
262.119262 
262.100455 
262.081642 
262.062823 
262.043999 
262.025168 
262.006331 
261.987488 
261.968639 
261.949785 
261.930924 
261.912057 
261.893184 
261.874306 
261.855421 
261.836530 
261.817633 
261.798730 
261.779821 
261.760906 
261.741985 
261.723058 
261.704125 
261.685186 
261.666241 
261.647289 
261.628332 
261.609369 
261.590399 
261.571423 
261.552442 
261.533454 
261.514460 
261.495460 
261.476453 
261.457441 
261.438422 
261.419398 
261.400367 
261.381330 
261.362287 
261.343238 
261.324183 
261.305121 
261.286053 
261.266980 
261.247900 
261.228813 
261.209721 
261.190622 
261.171517 
261.152406 
261.133289 
261.114166 
261.095036 
261.075900 
261.056758 
261.037610 
261.018455 
260.999294 
260.980127 
260.960954 
260.941774 
260.922588 
260.903396 
260.884198 
260.864993 
260.845782 
260.826565 
260.807341 
260.788111 
260.768875 
260.749633 
260.730384 
260.711128 
260.691867 
260.672599 
260.653325 
260.634044 
260.614758 
260.595464 
260.576165 
260.556859 
260.537547 
260.518228 
260.498903 
260.479571 
260.460233 
260.440889 
260.421538 
260.402181 
260.382818 
260.363448 
260.344072 
260.324689 
260.305300 
260.285904 
260.266502 
260.247093 
260.227678 
260.208257 
260.188829 
260.169394 
260.149953 
260.130506 
260.111052 
260.091592 
260.072125 
260.052651 
260.033171 
260.013685 
259.994192 
259.974693 
259.955187 
259.935674 
259.916155 
259.896629 
259.877097 
259.857558 
259.838013 
259.818461 
259.798902 
259.779337 
259.759765 
259.740187 
259.720602 
259.701011 
259.681413 
259.661808 
259.642197 
259.622579 
259.602954 
259.583323 
259.563685 
259.544040 
259.524389 
259.504731 
259.485066 
259.465395 
259.445717 
259.426032 
259.406341 
259.386643 
259.366938 
259.347227 
259.327509 
259.307784 
259.288052 
259.268314 
259.248569 
259.228817 
259.209058 
259.189293 
259.169521 
259.149742 
259.129956 
259.110164 
259.090364 
259.070558 
259.050745 
259.030926 
259.011099 
258.991266 
258.971426 
258.951579 
258.931725 
258.911865 
258.891997 
258.872123 
258.852242 
258.832353 
258.812459 
258.792557 
258.772648 
258.752732 
258.732810 
258.712881 
258.692944 
258.673001 
258.653051 
258.633094 
258.613130 
258.593159 
258.573181 
258.553196 
258.533205 
258.513206 
258.493200 
258.473187 
258.453168 
258.433141 
258.413108 
258.393067 
258.373019 
258.352965 
258.332903 
258.312834 
258.292758 
258.272676 
258.252586 
258.232489 
258.212385 
258.192274 
258.172156 
258.152031 
258.131899 
258.111759 
258.091613 
258.071459 
258.051299 
258.031131 
258.010956 
257.990774 
257.970585 
257.950389 
257.930185 
257.909975 
257.889757 
257.869532 
257.849300 
257.829061 
257.808815 
257.788561 
257.768300 
257.748032 
257.727757 
257.707475 
257.687185 
257.666888 
257.646584 
257.626273 
257.605954 
257.585628 
257.565295 
257.544955 
257.524607 
257.504252 
257.483890 
257.463520 
257.443143 
257.422759 
257.402368 
257.381969 
257.361563 
257.341149 
257.320729 
257.300300 
257.279865 
257.259422 
257.238972 
257.218514 
257.198049 
257.177577 
257.157097 
257.136610 
257.116115 
257.095613 
257.075104 
257.054587 
257.034063 
257.013531 
256.992992 
256.972445 
256.951891 
256.931330 
256.910760 
256.890184 
256.869600 
256.849008 
256.828409 
256.807803 
256.787189 
256.766567 
256.745938 
256.725301 
256.704657 
256.684005 
256.663346 
256.642679 
256.622005 
256.601323 
256.580633 
256.559936 
256.539231 
256.518519 
256.497798 
256.477071 
256.456335 
256.435592 
256.414842 
256.394084 
256.373318 
256.352544 
256.331763 
256.310974 
256.290177 
256.269373 
256.248561 
256.227741 
256.206914 
256.186079 
256.165236 
256.144385 
256.123527 
256.102660 
256.081787 
256.060905 
256.040015 
256.019118 
255.998213 
255.977300 
255.956380 
255.935451 
255.914515 
255.893571 
255.872619 
255.851659 
255.830691 
255.809716 
255.788733 
255.767741 
255.746742 
255.725735 
255.704720 
255.683698 
255.662667 
255.641628 
255.620582 
255.599527 
255.578465 
255.557395 
255.536316 
255.515230 
255.494136 
255.473034 
255.451923 
255.430805 
255.409679 
255.388545 
255.367403 
255.346252 
255.325094 
255.303928 
255.282753 
255.261571 
255.240381 
255.219182 
255.197975 
255.176761 
255.155538 
255.134307 
255.113068 
255.091821 
255.070566 
255.049302 
255.028031 
255.006751 
254.985463 
254.964167 
254.942863 
254.921551 
254.900230 
254.878902 
254.857565 
254.836219 
254.814866 
254.793505 
254.772135 
254.750757 
254.729370 
254.707976 
254.686573 
254.665162 
254.643742 
254.622315 
254.600879 
254.579434 
254.557982 
254.536521 
254.515052 
254.493574 
254.472088 
254.450594 
254.429091 
254.407580 
254.386061 
254.364533 
254.342996 
254.321452 
254.299899 
254.278337 
254.256767 
254.235189 
254.213602 
254.192007 
254.170403 
254.148791 
254.127170 
254.105541 
254.083904 
254.062258 
254.040603 
254.018940 
253.997268 
253.975588 
253.953899 
253.932201 
253.910496 
253.888781 
253.867058 
253.845326 
253.823586 
253.801837 
253.780079 
253.758313 
253.736539 
253.714755 
253.692963 
253.671162 
253.649353 
253.627535 
253.605708 
253.583873 
253.562028 
253.540176 
253.518314 
253.496444 
253.474565 
253.452677 
253.430780 
253.408875 
253.386961 
253.365038 
253.343106 
253.321166 
253.299216 
253.277258 
253.255291 
253.233316 
253.211331 
253.189337 
253.167335 
253.145324 
253.123304 
253.101275 
253.079237 
253.057190 
253.035134 
253.013070 
252.990996 
252.968914 
252.946822 
252.924722 
252.902612 
252.880494 
252.858366 
252.836230 
252.814085 
252.791930 
252.769767 
252.747594 
252.725413 
252.703222 
252.681023 
252.658814 
252.636596 
252.614369 
252.592133 
252.569888 
252.547634 
252.525370 
252.503098 
252.480816 
252.458525 
252.436225 
252.413916 
252.391598 
252.369270 
252.346934 
252.324588 
252.302232 
252.279868 
252.257494 
252.235111 
252.212719 
252.190318 
252.167907 
252.145487 
252.123057 
252.100619 
252.078171 
252.055713 
252.033247 
252.010771 
251.988285 
251.965791 
251.943287 
251.920773 
251.898250 
251.875718 
251.853176 
251.830625 
251.808064 
251.785494 
251.762915 
251.740326 
251.717727 
251.695119 
251.672502 
251.649875 
251.627238 
251.604592 
251.581937 
251.559271 
251.536597 
251.513913 
251.491219 
251.468515 
251.445802 
251.423080 
251.400347 
251.377605 
251.354854 
251.332093 
251.309322 
251.286541 
251.263751 
251.240951 
251.218142 
251.195322 
251.172493 
251.149654 
251.126806 
251.103948 
251.081080 
251.058202 
251.035314 
251.012417 
250.989509 
250.966592 
250.943666 
250.920729 
250.897782 
250.874826 
250.851860 
250.828883 
250.805897 
250.782901 
250.759895 
250.736880 
250.713854 
250.690818 
250.667772 
250.644717 
250.621651 
250.598575 
250.575490 
250.552394 
250.529289 
250.506173 
250.483047 
250.459911 
250.436766 
250.413610 
250.390444 
250.367267 
250.344081 
250.320885 
250.297678 
250.274462 
250.251235 
250.227998 
250.204751 
250.181494 
250.158226 
250.134948 
250.111660 
250.088362 
250.065054 
250.041735 
250.018406 
249.995067 
249.971717 
249.948357 
249.924987 
249.901607 
249.878216 
249.854815 
249.831403 
249.807981 
249.784549 
249.761106 
249.737653 
249.714190 
249.690716 
249.667231 
249.643737 
249.620231 
249.596716 
249.573189 
249.549653 
249.526105 
249.502547 
249.478979 
249.455400 
249.431811 
249.408211 
249.384600 
249.360979 
249.337347 
249.313705 
249.290052 
249.266388 
249.242714 
249.219029 
249.195333 
249.171627 
249.147910 
249.124182 
249.100444 
249.076694 
249.052934 
249.029164 
249.005382 
248.981590 
248.957787 
248.933973 
248.910148 
248.886312 
248.862466 
248.838609 
248.814741 
248.790862 
248.766972 
248.743071 
248.719159 
248.695236 
248.671303 
248.647358 
248.623402 
248.599436 
248.575458 
248.551470 
248.527470 
248.503459 
248.479438 
248.455405 
248.431361 
248.407306 
248.383240 
248.359163 
248.335075 
248.310975 
248.286865 
248.262743 
248.238610 
248.214466 
248.190310 
248.166144 
248.141966 
248.117777 
248.093577 
248.069365 
248.045143 
248.020909 
247.996663 
247.972406 
247.948138 
247.923859 
247.899568 
247.875266 
247.850952 
247.826628 
247.802291 
247.777943 
247.753584 
247.729213 
247.704831 
247.680438 
247.656033 
247.631616 
247.607188 
247.582748 
247.558297 
247.533834 
247.509360 
247.484874 
247.460376 
247.435867 
247.411346 
247.386814 
247.362269 
247.337714 
247.313146 
247.288567 
247.263976 
247.239373 
247.214759 
247.190133 
247.165495 
247.140845 
247.116184 
247.091510 
247.066825 
247.042128 
247.017419 
246.992698 
246.967966 
246.943221 
246.918465 
246.893697 
246.868916 
246.844124 
246.819320 
246.794504 
246.769675 
246.744835 
246.719983 
246.695118 
246.670242 
246.645354 
246.620453 
246.595541 
246.570616 
246.545679 
246.520730 
246.495769 
246.470795 
246.445810 
246.420812 
246.395802 
246.370780 
246.345745 
246.320699 
246.295640 
246.270568 
246.245485 
246.220389 
246.195280 
246.170160 
246.145027 
246.119881 
246.094724 
246.069553 
246.044371 
246.019176 
245.993968 
245.968748 
245.943515 
245.918270 
245.893013 
245.867743 
245.842460 
245.817165 
245.791857 
245.766537 
245.741203 
245.715858 
245.690499 
245.665128 
245.639745 
245.614348 
245.588939 
245.563517 
245.538083 
245.512636 
245.487175 
245.461703 
245.436217 
245.410718 
245.385207 
245.359683 
245.334146 
245.308596 
245.283033 
245.257457 
245.231868 
245.206266 
245.180652 
245.155024 
245.129383 
245.103730 
245.078063 
245.052383 
245.026690 
245.000984 
244.975265 
244.949533 
244.923788 
244.898029 
244.872258 
244.846473 
244.820675 
244.794864 
244.769039 
244.743201 
244.717350 
244.691486 
244.665608 
244.639717 
244.613813 
244.587896 
244.561965 
244.536020 
244.510062 
244.484091 
244.458107 
244.432108 
244.406097 
244.380072 
244.354033 
244.327981 
244.301915 
244.275836 
244.249743 
244.223637 
244.197517 
244.171383 
244.145236 
244.119075 
244.092900 
244.066711 
244.040509 
244.014293 
243.988064 
243.961820 
243.935563 
243.909292 
243.883007 
243.856709 
243.830396 
243.804069 
243.777729 
243.751375 
243.725007 
243.698624 
243.672228 
243.645818 
243.619394 
243.592955 
243.566503 
243.540037 
243.513556 
243.487062 
243.460553 
243.434030 
243.407493 
243.380942 
243.354377 
243.327797 
243.301203 
243.274595 
243.247973 
243.221336 
243.194685 
243.168020 
243.141340 
243.114646 
243.087938 
243.061215 
243.034477 
243.007726 
242.980959 
242.954179 
242.927383 
242.900574 
242.873749 
242.846910 
242.820057 
242.793189 
242.766306 
242.739409 
242.712497 
242.685570 
242.658629 
242.631672 
242.604702 
242.577716 
242.550715 
242.523700 
242.496670 
242.469625 
242.442565 
242.415491 
242.388401 
242.361296 
242.334177 
242.307043 
242.279893 
242.252729 
242.225549 
242.198355 
242.171145 
242.143920 
242.116680 
242.089425 
242.062155 
242.034870 
242.007569 
241.980254 
241.952923 
241.925576 
241.898215 
241.870838 
241.843446 
241.816038 
241.788616 
241.761177 
241.733724 
241.706255 
241.678770 
241.651270 
241.623754 
241.596223 
241.568677 
241.541115 
241.513537 
241.485944 
241.458335 
241.430710 
241.403070 
241.375414 
241.347742 
241.320054 
241.292351 
241.264632 
241.236897 
241.209147 
241.181380 
241.153598 
241.125800 
241.097985 
241.070155 
241.042309 
241.014447 
240.986569 
240.958675 
240.930765 
240.902839 
240.874896 
240.846938 
240.818963 
240.790972 
240.762965 
240.734942 
240.706903 
240.678847 
240.650775 
240.622687 
240.594582 
240.566461 
240.538324 
240.510170 
240.482000 
240.453813 
240.425610 
240.397390 
240.369154 
240.340901 
240.312632 
240.284346 
240.256044 
240.227724 
240.199389 
240.171036 
240.142667 
240.114281 
240.085878 
240.057459 
240.029022 
240.000569 
239.972099 
239.943612 
239.915108 
239.886587 
239.858050 
239.829495 
239.800923 
239.772334 
239.743729 
239.715106 
239.686465 
239.657808 
239.629134 
239.600442 
239.571734 
239.543007 
239.514264 
239.485504 
239.456726 
239.427930 
239.399118 
239.370288 
239.341440 
239.312575 
239.283693 
239.254793 
239.225876 
239.196941 
239.167988 
239.139018 
239.110030 
239.081025 
239.052002 
239.022961 
238.993902 
238.964826 
238.935732 
238.906620 
238.877490 
238.848342 
238.819177 
238.789993 
238.760792 
238.731572 
238.702335 
238.673079 
238.643805 
238.614514 
238.585204 
238.555876 
238.526530 
238.497165 
238.467783 
238.438382 
238.408963 
238.379525 
238.350070 
238.320595 
238.291103 
238.261592 
238.232062 
238.202514 
238.172948 
238.143363 
238.113759 
238.084137 
238.054496 
238.024837 
237.995159 
237.965462 
237.935746 
237.906012 
237.876258 
237.846486 
237.816695 
237.786886 
237.757057 
237.727209 
237.697342 
237.667457 
237.637552 
237.607628 
237.577685 
237.547723 
237.517742 
237.487742 
237.457722 
237.427683 
237.397625 
237.367547 
237.337450 
237.307334 
237.277198 
237.247043 
237.216869 
237.186675 
237.156461 
237.126228 
237.095975 
237.065703 
237.035411 
237.005099 
236.974768 
236.944416 
236.914045 
236.883655 
236.853244 
236.822813 
236.792363 
236.761892 
236.731402 
236.700892 
236.670361 
236.639811 
236.609240 
236.578649 
236.548038 
236.517407 
236.486756 
236.456084 
236.425392 
236.394680 
236.363947 
236.333194 
236.302421 
236.271627 
236.240812 
236.209977 
236.179122 
236.148245 
236.117349 
236.086431 
236.055493 
236.024534 
235.993554 
235.962553 
235.931532 
235.900490 
235.869427 
235.838342 
235.807237 
235.776111 
235.744964 
235.713796 
235.682606 
235.651396 
235.620164 
235.588911 
235.557636 
235.526341 
235.495024 
235.463686 
235.432326 
235.400945 
235.369542 
235.338118 
235.306672 
235.275205 
235.243716 
235.212205 
235.180673 
235.149119 
235.117543 
235.085946 
235.054326 
235.022685 
234.991021 
234.959336 
234.927629 
234.895900 
234.864148 
234.832375 
234.800579 
234.768761 
234.736921 
234.705059 
234.673174 
234.641267 
234.609338 
234.577386 
234.545412 
234.513415 
234.481396 
234.449354 
234.417290 
234.385203 
234.353093 
234.320960 
234.288805 
234.256627 
234.224426 
234.192202 
234.159956 
234.127686 
234.095393 
234.063077 
234.030738 
233.998376 
233.965991 
233.933583 
233.901151 
233.868696 
233.836218 
233.803716 
233.771191 
233.738642 
233.706070 
233.673475 
233.640856 
233.608213 
233.575546 
233.542856 
233.510142 
233.477404 
233.444643 
233.411857 
233.379048 
233.346214 
233.313357 
233.280476 
233.247570 
233.214640 
233.181686 
233.148708 
233.115706 
233.082679 
233.049628 
233.016553 
232.983453 
232.950328 
232.917179 
232.884006 
232.850808 
232.817585 
232.784337 
232.751065 
232.717768 
232.684446 
232.651099 
232.617727 
232.584330 
232.550909 
232.517462 
232.483990 
232.450492 
232.416970 
232.383422 
232.349849 
232.316251 
232.282627 
232.248978 
232.215303 
232.181602 
232.147877 
232.114125 
232.080348 
232.046545 
232.012716 
231.978861 
231.944981 
231.911074 
231.877142 
231.843183 
231.809199 
231.775188 
231.741151 
231.707088 
231.672998 
231.638883 
231.604741 
231.570572 
231.536377 
231.502155 
231.467907 
231.433633 
231.399331 
231.365003 
231.330648 
231.296266 
231.261857 
231.227422 
231.192959 
231.158469 
231.123953 
231.089409 
231.054838 
231.020239 
230.985614 
230.950961 
230.916280 
230.881572 
230.846837 
230.812074 
230.777283 
230.742465 
230.707619 
230.672745 
230.637843 
230.602914 
230.567956 
230.532971 
230.497957 
230.462916 
230.427846 
230.392748 
230.357621 
230.322467 
230.287284 
230.252072 
230.216832 
230.181563 
230.146266 
230.110940 
230.075586 
230.040202 
230.004790 
229.969349 
229.933879 
229.898379 
229.862851 
229.827294 
229.791707 
229.756091 
229.720446 
229.684772 
229.649068 
229.613334 
229.577571 
229.541779 
229.505957 
229.470105 
229.434223 
229.398311 
229.362370 
229.326398 
229.290396 
229.254365 
229.218303 
229.182211 
229.146089 
229.109936 
229.073753 
229.037539 
229.001295 
228.965021 
228.928715 
228.892379 
228.856012 
228.819615 
228.783186 
228.746727 
228.710236 
228.673714 
228.637161 
228.600577 
228.563962 
228.527315 
228.490637 
228.453927 
228.417186 
228.380413 
228.343609 
228.306772 
228.269904 
228.233004 
228.196072 
228.159108 
228.122112 
228.085083 
228.048023 
228.010930 
227.973804 
227.936647 
227.899456 
227.862234 
227.824978 
227.787690 
227.750369 
227.713015 
227.675628 
227.638209 
227.600756 
227.563270 
227.525751 
227.488198 
227.450612 
227.412993 
227.375340 
227.337654 
227.299934 
227.262180 
227.224392 
227.186571 
227.148715 
227.110826 
227.072903 
227.034945 
226.996953 
226.958927 
226.920866 
226.882771 
226.844641 
226.806477 
226.768278 
226.730044 
226.691775 
226.653472 
226.615133 
226.576759 
226.538351 
226.499906 
226.461427 
226.422912 
226.384362 
226.345776 
226.307154 
226.268497 
226.229804 
226.191075 
226.152310 
226.113509 
226.074672 
226.035799 
225.996889 
225.957943 
225.918961 
225.879942 
225.840886 
225.801794 
225.762664 
225.723498 
225.684295 
225.645055 
225.605778 
225.566464 
225.527112 
225.487723 
225.448296 
225.408832 
225.369330 
225.329791 
225.290213 
225.250598 
225.210945 
225.171253 
225.131524 
225.091756 
225.051950 
225.012105 
224.972222 
224.932300 
224.892339 
224.852340 
224.812302 
224.772224 
224.732108 
224.691952 
224.651758 
224.611523 
224.571250 
224.530936 
224.490583 
224.450191 
224.409758 
224.369286 
224.328773 
224.288221 
224.247628 
224.206995 
224.166321 
224.125607 
224.084852 
224.044057 
224.003220 
223.962343 
223.921425 
223.880465 
223.839465 
223.798423 
223.757340 
223.716215 
223.675048 
223.633840 
223.592590 
223.551298 
223.509964 
223.468588 
223.427170 
223.385709 
223.344206 
223.302660 
223.261072 
223.219440 
223.177766 
223.136049 
223.094289 
223.052486 
223.010639 
222.968749 
222.926815 
222.884838 
222.842817 
222.800752 
222.758643 
222.716490 
222.674293 
222.632052 
222.589766 
222.547436 
222.505061 
222.462641 
222.420176 
222.377666 
222.335112 
222.292512 
222.249866 
222.207176 
222.164439 
222.121657 
222.078829 
222.035955 
221.993036 
221.950069 
221.907057 
221.863998 
221.820893 
221.777741 
221.734542 
221.691297 
221.648004 
221.604664 
221.561277 
221.517843 
221.474361 
221.430831 
221.387254 
221.343628 
221.299955 
221.256233 
221.212464 
221.168645 
221.124779 
221.080863 
221.036899 
220.992886 
220.948823 
220.904712 
220.860551 
220.816341 
220.772081 
220.727771 
220.683412 
220.639002 
220.594542 
220.550032 
220.505472 
220.460861 
220.416199 
220.371487 
220.326723 
220.281909 
220.237043 
220.192125 
220.147157 
220.102136 
220.057064 
220.011939 
219.966763 
219.921534 
219.876253 
219.830919 
219.785533 
219.740093 
219.694601 
219.649055 
219.603457 
219.557804 
219.512099 
219.466339 
219.420525 
219.374658 
219.328736 
219.282760 
219.236729 
219.190643 
219.144503 
219.098308 
219.052057 
219.005751 
218.959390 
218.912973 
218.866500 
218.819972 
218.773387 
218.726746 
218.680048 
218.633294 
218.586483 
218.539615 
218.492689 
218.445707 
218.398667 
218.351570 
218.304414 
218.257201 
218.209929 
218.162600 
218.115211 
218.067764 
218.020258 
217.972694 
217.925070 
217.877386 
217.829643 
217.781841 
217.733978 
217.686055 
217.638072 
217.590029 
217.541925 
217.493760 
217.445534 
217.397247 
217.348898 
217.300488 
217.252016 
217.203482 
217.154886 
217.106228 
217.057507 
217.008723 
216.959877 
216.910967 
216.861994 
216.812957 
216.763857 
216.714693 
216.665465 
216.616172 
216.566815 
216.517393 
216.467907 
216.418355 
216.368737 
216.319055 
216.269306 
216.219492 
216.169611 
216.119664 
216.069650 
216.019570 
215.969422 
215.919208 
215.868925 
215.818576 
215.768158 
215.717672 
215.667118 
215.616495 
215.565803 
215.515043 
215.464213 
215.413313 
215.362344 
215.311305 
215.260196 
215.209017 
215.157766 
215.106445 
215.055053 
215.003590 
214.952055 
214.900448 
214.848769 
214.797018 
214.745194 
214.693298 
214.641328 
214.589286 
214.537169 
214.484979 
214.432715 
214.380377 
214.327964 
214.275476 
214.222913 
214.170275 
214.117561 
214.064772 
214.011907 
213.958965 
213.905946 
213.852851 
213.799678 
213.746428 
213.693101 
213.639695 
213.586211 
213.532649 
213.479008 
213.425288 
213.371488 
213.317609 
213.263650 
213.209611 
213.155491 
213.101290 
213.047009 
212.992646 
212.938201 
212.883675 
212.829066 
212.774375 
212.719600 
212.664743 
212.609803 
212.554778 
212.499670 
212.444477 
212.389199 
212.333837 
212.278389 
212.222856 
212.167236 
212.111531 
212.055739 
211.999860 
211.943894 
211.887840 
211.831698 
211.775468 
211.719150 
211.662743 
211.606246 
211.549660 
211.492985 
211.436219 
211.379362 
211.322415 
211.265376 
211.208245 
211.151023 
211.093708 
211.036301 
210.978801 
210.921207 
210.863519 
210.805738 
210.747862 
210.689891 
210.631824 
210.573662 
210.515405 
210.457050 
210.398599 
210.340051 
210.281406 
210.222662 
210.163820 
210.104880 
210.045840 
209.986701 
209.927462 
209.868123 
209.808683 
209.749142 
209.689499 
209.629755 
209.569908 
209.509958 
209.449905 
209.389749 
209.329488 
209.269123 
209.208653 
209.148078 
209.087397 
209.026609 
208.965715 
208.904714 
208.843606 
208.782389 
208.721064 
208.659629 
208.598086 
208.536432 
208.474669 
208.412794 
208.350808 
208.288711 
208.226501 
208.164178 
208.101742 
208.039193 
207.976529 
207.913751 
207.850857 
207.787847 
207.724722 
207.661480 
207.598120 
207.534643 
207.471047 
207.407332 
207.343499 
207.279545 
207.215471 
207.151276 
207.086959 
207.022521 
206.957959 
206.893275 
206.828467 
206.763534 
206.698477 
206.633294 
206.567986 
206.502550 
206.436988 
206.371298 
206.305479 
206.239532 
206.173455 
206.107247 
206.040909 
205.974440 
205.907838 
205.841104 
205.774237 
205.707236 
205.640100 
205.572829 
205.505422 
205.437879 
205.370198 
205.302380 
205.234423 
205.166327 
205.098092 
205.029715 
204.961198 
204.892539 
204.823737 
204.754792 
204.685702 
204.616468 
204.547089 
204.477563 
204.407891 
204.338071 
204.268102 
204.197984 
204.127717 
204.057298 
203.986729 
203.916007 
203.845132 
203.774103 
203.702920 
203.631581 
203.560086 
203.488435 
203.416625 
203.344657 
203.272529 
203.200241 
203.127792 
203.055181 
202.982406 
202.909469 
202.836366 
202.763098 
202.689664 
202.616062 
202.542292 
202.468353 
202.394244 
202.319965 
202.245513 
202.170888 
202.096090 
202.021116 
201.945967 
201.870642 
201.795139 
201.719457 
201.643595 
201.567552 
201.491328 
201.414922 
201.338331 
201.261555 
201.184594 
201.107446 
201.030109 
200.952584 
200.874868 
200.796961 
200.718861 
200.640568 
200.562080 
200.483397 
200.404516 
200.325437 
200.246159 
200.166680 
200.086999 
200.007115 
199.927028 
199.846734 
199.766234 
199.685526 
199.604609 
199.523482 
199.442142 
199.360589 
199.278822 
199.196840 
199.114640 
199.032221 
198.949583 
198.866723 
198.783641 
198.700335 
198.616803 
198.533044 
198.449057 
198.364840 
198.280392 
198.195710 
198.110795 
198.025643 
197.940254 
197.854626 
197.768757 
197.682646 
197.596291 
197.509691 
197.422844 
197.335748 
197.248401 
197.160802 
197.072949 
196.984841 
196.896475 
196.807850 
196.718964 
196.629816 
196.540403 
196.450723 
196.360775 
196.270556 
196.180066 
196.089301 
195.998260 
195.906942 
195.815343 
195.723462 
195.631297 
195.538846 
195.446107 
195.353077 
195.259754 
195.166137 
195.072223 
194.978010 
194.883495 
194.788677 
194.693552 
194.598120 
194.502377 
194.406320 
194.309949 
194.213259 
194.116249 
194.018916 
193.921258 
193.823272 
193.724955 
193.626305 
193.527319 
193.427995 
193.328329 
193.228319 
193.127963 
193.027257 
192.926198 
192.824784 
192.723011 
192.620877 
192.518379 
192.415514 
192.312277 
192.208668 
192.104681 
192.000314 
191.895564 
191.790427 
191.684900 
191.578980 
191.472663 
191.365946 
191.258824 
191.151295 
191.043355 
190.935000 
190.826227 
190.717031 
190.607409 
190.497357 
190.386871 
190.275946 
190.164579 
190.052766 
189.940503 
189.827784 
189.714607 
189.600965 
189.486856 
189.372275 
189.257216 
189.141675 
189.025648 
188.909130 
188.792115 
188.674599 
188.556578 
188.438044 
188.318995 
188.199423 
188.079324 
187.958693 
187.837524 
187.715811 
187.593548 
187.470730 
187.347351 
187.223405 
187.098885 
186.973786 
186.848101 
186.721824 
186.594947 
186.467466 
186.339372 
186.210659 
186.081320 
185.951348 
185.820735 
185.689475 
185.557559 
185.424980 
185.291730 
185.157801 
185.023185 
184.887874 
184.751860 
184.615134 
184.477687 
184.339510 
184.200594 
184.060930 
183.920509 
183.779321 
183.637357 
183.494605 
183.351057 
183.206701 
183.061527 
182.915524 
182.768682 
182.620989 
182.472432 
182.323002 
182.172685 
182.021469 
181.869342 
181.716292 
181.562304 
181.407365 
181.251462 
181.094581 
180.936708 
180.777827 
180.617924 
180.456984 
180.294990 
180.131928 
179.967779 
179.802528 
179.636157 
179.468649 
179.299985 
179.130146 
178.959115 
178.786870 
178.613393 
178.438663 
178.262658 
178.085356 
177.906737 
177.726776 
177.545451 
177.362737 
177.178610 
176.993043 
176.806012 
176.617488 
176.427445 
176.235854 
176.042685 
175.847908 
175.651493 
175.453407 
175.253616 
175.052088 
174.848786 
174.643675 
174.436716 
174.227873 
174.017103 
173.804367 
173.589621 
173.372822 
173.153924 
172.932879 
172.709639 
172.484152 
172.256368 
172.026230 
171.793683 
171.558668 
171.321125 
171.080989 
170.838196 
170.592677 
170.344360 
170.093173 
169.839038 
169.581874 
169.321599 
169.058123 
168.791357 
168.521204 
168.247566 
167.970336 
167.689407 
167.404664 
167.115985 
166.823246 
166.526313 
166.225047 
165.919301 
165.608920 
165.293742 
164.973594 
164.648294 
164.317650 
163.981457 
163.639500 
163.291549 
162.937360 
162.576672 
162.209209 
161.834675 
161.452754 
161.063106 
160.665368 
160.259149 
159.844029 
159.419552 
158.985228 
158.540524 
158.084863 
157.617614 
157.138090 
156.645537 
156.139128 
155.617952 
155.081001 
154.527156 
153.955172 
153.363652 
152.751030 
152.115533 
151.455149 
150.767574 
150.050161 
149.299840 
148.513021 
147.685474 
146.812154 
145.886984 
144.902538 
143.849607 
142.716564 
141.488419 
140.145351 
138.660332 
136.995059 
135.092485 
132.861792 
130.144088 
126.617809 
121.438027 
110.094403 
NaN
NaN
NaN
NaN
NaN
NaN
NaN
NaN
NaN
NaN
NaN
NaN
NaN
NaN
NaN
NaN
NaN
NaN
NaN
NaN
NaN
NaN
NaN
NaN
NaN
NaN
NaN
NaN
NaN
NaN
NaN
NaN
NaN
NaN
NaN
NaN
NaN
NaN
NaN
