329.978126 
329.967010 
329.955894 
329.944777 
329.933660 
329.922542 
329.911423 
329.900304 
329.889184 
329.878063 
329.866942 
329.855820 
329.844697 
329.833574 
329.822450 
329.811325 
329.800200 
329.789074 
329.777947 
329.766820 
329.755692 
329.744564 
329.733435 
329.722305 
329.711174 
329.700043 
329.688911 
329.677779 
329.666645 
329.655512 
329.644377 
329.633242 
329.622106 
329.610970 
329.599833 
329.588695 
329.577556 
329.566417 
329.555278 
329.544137 
329.532996 
329.521854 
329.510712 
329.499569 
329.488425 
329.477281 
329.466136 
329.454990 
329.443844 
329.432697 
329.421549 
329.410401 
329.399252 
329.388102 
329.376952 
329.365801 
329.354649 
329.343497 
329.332344 
329.321191 
329.310036 
329.298881 
329.287726 
329.276569 
329.265413 
329.254255 
329.243097 
329.231938 
329.220778 
329.209618 
329.198457 
329.187295 
329.176133 
329.164970 
329.153807 
329.142642 
329.131478 
329.120312 
329.109146 
329.097979 
329.086811 
329.075643 
329.064474 
329.053305 
329.042135 
329.030964 
329.019792 
329.008620 
328.997447 
328.986273 
328.975099 
328.963924 
328.952749 
328.941573 
328.930396 
328.919218 
328.908040 
328.896861 
328.885682 
328.874501 
328.863320 
328.852139 
328.840957 
328.829774 
328.818590 
328.807406 
328.796221 
328.785036 
328.773849 
328.762662 
328.751475 
328.740287 
328.729098 
328.717908 
328.706718 
328.695527 
328.684335 
328.673143 
328.661950 
328.650757 
328.639562 
328.628367 
328.617172 
328.605976 
328.594779 
328.583581 
328.572383 
328.561184 
328.549984 
328.538784 
328.527583 
328.516381 
328.505179 
328.493976 
328.482772 
328.471568 
328.460363 
328.449157 
328.437951 
328.426744 
328.415536 
328.404328 
328.393119 
328.381909 
328.370698 
328.359487 
328.348276 
328.337063 
328.325850 
328.314636 
328.303422 
328.292207 
328.280991 
328.269774 
328.258557 
328.247339 
328.236121 
328.224902 
328.213682 
328.202461 
328.191240 
328.180018 
328.168796 
328.157572 
328.146349 
328.135124 
328.123899 
328.112673 
328.101446 
328.090219 
328.078991 
328.067762 
328.056533 
328.045303 
328.034072 
328.022841 
328.011609 
328.000376 
327.989143 
327.977909 
327.966674 
327.955438 
327.944202 
327.932965 
327.921728 
327.910490 
327.899251 
327.888011 
327.876771 
327.865530 
327.854289 
327.843046 
327.831804 
327.820560 
327.809316 
327.798071 
327.786825 
327.775579 
327.764332 
327.753084 
327.741836 
327.730587 
327.719337 
327.708086 
327.696835 
327.685583 
327.674331 
327.663078 
327.651824 
327.640569 
327.629314 
327.618058 
327.606802 
327.595544 
327.584287 
327.573028 
327.561769 
327.550509 
327.539248 
327.527987 
327.516725 
327.505462 
327.494198 
327.482934 
327.471669 
327.460404 
327.449138 
327.437871 
327.426603 
327.415335 
327.404066 
327.392797 
327.381526 
327.370255 
327.358984 
327.347711 
327.336438 
327.325165 
327.313890 
327.302615 
327.291339 
327.280063 
327.268786 
327.257508 
327.246229 
327.234950 
327.223670 
327.212390 
327.201108 
327.189826 
327.178544 
327.167260 
327.155976 
327.144691 
327.133406 
327.122120 
327.110833 
327.099546 
327.088257 
327.076969 
327.065679 
327.054389 
327.043098 
327.031806 
327.020514 
327.009221 
326.997927 
326.986633 
326.975337 
326.964042 
326.952745 
326.941448 
326.930150 
326.918851 
326.907552 
326.896252 
326.884952 
326.873650 
326.862348 
326.851046 
326.839742 
326.828438 
326.817133 
326.805828 
326.794521 
326.783215 
326.771907 
326.760599 
326.749290 
326.737980 
326.726670 
326.715359 
326.704047 
326.692734 
326.681421 
326.670107 
326.658793 
326.647477 
326.636162 
326.624845 
326.613528 
326.602210 
326.590891 
326.579571 
326.568251 
326.556930 
326.545609 
326.534287 
326.522964 
326.511640 
326.500316 
326.488991 
326.477665 
326.466339 
326.455012 
326.443684 
326.432355 
326.421026 
326.409696 
326.398366 
326.387034 
326.375702 
326.364369 
326.353036 
326.341702 
326.330367 
326.319032 
326.307695 
326.296359 
326.285021 
326.273683 
326.262344 
326.251004 
326.239663 
326.228322 
326.216980 
326.205638 
326.194295 
326.182951 
326.171606 
326.160261 
326.148915 
326.137568 
326.126221 
326.114872 
326.103524 
326.092174 
326.080824 
326.069473 
326.058121 
326.046769 
326.035416 
326.024062 
326.012707 
326.001352 
325.989996 
325.978640 
325.967282 
325.955924 
325.944566 
325.933206 
325.921846 
325.910485 
325.899124 
325.887761 
325.876398 
325.865035 
325.853670 
325.842305 
325.830939 
325.819573 
325.808206 
325.796838 
325.785469 
325.774100 
325.762730 
325.751359 
325.739988 
325.728615 
325.717242 
325.705869 
325.694495 
325.683120 
325.671744 
325.660367 
325.648990 
325.637612 
325.626234 
325.614855 
325.603475 
325.592094 
325.580713 
325.569330 
325.557948 
325.546564 
325.535180 
325.523795 
325.512409 
325.501023 
325.489636 
325.478248 
325.466859 
325.455470 
325.444080 
325.432690 
325.421298 
325.409906 
325.398513 
325.387120 
325.375726 
325.364331 
325.352935 
325.341539 
325.330142 
325.318744 
325.307345 
325.295946 
325.284546 
325.273145 
325.261744 
325.250342 
325.238939 
325.227536 
325.216131 
325.204726 
325.193321 
325.181914 
325.170507 
325.159100 
325.147691 
325.136282 
325.124872 
325.113461 
325.102050 
325.090638 
325.079225 
325.067811 
325.056397 
325.044982 
325.033566 
325.022150 
325.010733 
324.999315 
324.987896 
324.976477 
324.965057 
324.953636 
324.942215 
324.930792 
324.919370 
324.907946 
324.896522 
324.885097 
324.873671 
324.862244 
324.850817 
324.839389 
324.827960 
324.816531 
324.805101 
324.793670 
324.782238 
324.770806 
324.759373 
324.747939 
324.736505 
324.725070 
324.713634 
324.702197 
324.690760 
324.679322 
324.667883 
324.656444 
324.645003 
324.633562 
324.622121 
324.610678 
324.599235 
324.587791 
324.576347 
324.564902 
324.553455 
324.542009 
324.530561 
324.519113 
324.507664 
324.496214 
324.484764 
324.473313 
324.461861 
324.450409 
324.438955 
324.427501 
324.416047 
324.404591 
324.393135 
324.381678 
324.370220 
324.358762 
324.347303 
324.335843 
324.324382 
324.312921 
324.301459 
324.289996 
324.278533 
324.267069 
324.255604 
324.244138 
324.232672 
324.221204 
324.209737 
324.198268 
324.186799 
324.175329 
324.163858 
324.152386 
324.140914 
324.129441 
324.117967 
324.106493 
324.095018 
324.083542 
324.072065 
324.060588 
324.049110 
324.037631 
324.026151 
324.014671 
324.003190 
323.991708 
323.980226 
323.968743 
323.957259 
323.945774 
323.934289 
323.922802 
323.911315 
323.899828 
323.888339 
323.876850 
323.865361 
323.853870 
323.842379 
323.830887 
323.819394 
323.807900 
323.796406 
323.784911 
323.773415 
323.761919 
323.750422 
323.738924 
323.727425 
323.715926 
323.704426 
323.692925 
323.681423 
323.669921 
323.658418 
323.646914 
323.635409 
323.623904 
323.612398 
323.600891 
323.589384 
323.577875 
323.566366 
323.554857 
323.543346 
323.531835 
323.520323 
323.508810 
323.497297 
323.485783 
323.474268 
323.462752 
323.451236 
323.439718 
323.428201 
323.416682 
323.405163 
323.393642 
323.382122 
323.370600 
323.359078 
323.347555 
323.336031 
323.324506 
323.312981 
323.301455 
323.289928 
323.278401 
323.266872 
323.255343 
323.243813 
323.232283 
323.220752 
323.209220 
323.197687 
323.186153 
323.174619 
323.163084 
323.151548 
323.140012 
323.128475 
323.116937 
323.105398 
323.093859 
323.082318 
323.070778 
323.059236 
323.047693 
323.036150 
323.024606 
323.013062 
323.001516 
322.989970 
322.978423 
322.966875 
322.955327 
322.943778 
322.932228 
322.920677 
322.909126 
322.897574 
322.886021 
322.874467 
322.862913 
322.851358 
322.839802 
322.828245 
322.816688 
322.805129 
322.793570 
322.782011 
322.770450 
322.758889 
322.747327 
322.735765 
322.724201 
322.712637 
322.701072 
322.689506 
322.677940 
322.666373 
322.654805 
322.643236 
322.631667 
322.620097 
322.608526 
322.596954 
322.585382 
322.573808 
322.562234 
322.550660 
322.539084 
322.527508 
322.515931 
322.504353 
322.492775 
322.481196 
322.469616 
322.458035 
322.446453 
322.434871 
322.423288 
322.411704 
322.400120 
322.388534 
322.376948 
322.365362 
322.353774 
322.342186 
322.330597 
322.319007 
322.307416 
322.295825 
322.284233 
322.272640 
322.261046 
322.249452 
322.237857 
322.226261 
322.214664 
322.203067 
322.191469 
322.179870 
322.168270 
322.156670 
322.145068 
322.133467 
322.121864 
322.110260 
322.098656 
322.087051 
322.075445 
322.063839 
322.052231 
322.040623 
322.029015 
322.017405 
322.005795 
321.994184 
321.982572 
321.970959 
321.959346 
321.947731 
321.936117 
321.924501 
321.912884 
321.901267 
321.889649 
321.878030 
321.866411 
321.854791 
321.843170 
321.831548 
321.819925 
321.808302 
321.796678 
321.785053 
321.773427 
321.761801 
321.750174 
321.738546 
321.726917 
321.715288 
321.703658 
321.692027 
321.680395 
321.668762 
321.657129 
321.645495 
321.633860 
321.622225 
321.610588 
321.598951 
321.587313 
321.575675 
321.564035 
321.552395 
321.540754 
321.529112 
321.517470 
321.505826 
321.494182 
321.482538 
321.470892 
321.459246 
321.447598 
321.435951 
321.424302 
321.412652 
321.401002 
321.389351 
321.377699 
321.366047 
321.354394 
321.342740 
321.331085 
321.319429 
321.307773 
321.296115 
321.284458 
321.272799 
321.261139 
321.249479 
321.237818 
321.226156 
321.214494 
321.202830 
321.191166 
321.179501 
321.167836 
321.156169 
321.144502 
321.132834 
321.121165 
321.109496 
321.097825 
321.086154 
321.074482 
321.062810 
321.051136 
321.039462 
321.027787 
321.016111 
321.004435 
320.992757 
320.981079 
320.969400 
320.957721 
320.946040 
320.934359 
320.922677 
320.910994 
320.899311 
320.887626 
320.875941 
320.864255 
320.852569 
320.840881 
320.829193 
320.817504 
320.805814 
320.794124 
320.782432 
320.770740 
320.759047 
320.747354 
320.735659 
320.723964 
320.712268 
320.700571 
320.688873 
320.677175 
320.665476 
320.653776 
320.642075 
320.630374 
320.618671 
320.606968 
320.595264 
320.583560 
320.571854 
320.560148 
320.548441 
320.536733 
320.525025 
320.513315 
320.501605 
320.489894 
320.478183 
320.466470 
320.454757 
320.443043 
320.431328 
320.419612 
320.407896 
320.396179 
320.384461 
320.372742 
320.361022 
320.349302 
320.337581 
320.325859 
320.314136 
320.302412 
320.290688 
320.278963 
320.267237 
320.255511 
320.243783 
320.232055 
320.220326 
320.208596 
320.196865 
320.185134 
320.173402 
320.161669 
320.149935 
320.138200 
320.126465 
320.114729 
320.102992 
320.091254 
320.079516 
320.067776 
320.056036 
320.044295 
320.032554 
320.020811 
320.009068 
319.997324 
319.985579 
319.973833 
319.962087 
319.950339 
319.938591 
319.926843 
319.915093 
319.903343 
319.891591 
319.879839 
319.868086 
319.856333 
319.844578 
319.832823 
319.821067 
319.809310 
319.797553 
319.785794 
319.774035 
319.762275 
319.750515 
319.738753 
319.726991 
319.715227 
319.703463 
319.691699 
319.679933 
319.668167 
319.656400 
319.644632 
319.632863 
319.621093 
319.609323 
319.597552 
319.585780 
319.574007 
319.562234 
319.550459 
319.538684 
319.526908 
319.515131 
319.503354 
319.491576 
319.479796 
319.468016 
319.456236 
319.444454 
319.432672 
319.420889 
319.409105 
319.397320 
319.385534 
319.373748 
319.361961 
319.350173 
319.338384 
319.326594 
319.314804 
319.303013 
319.291221 
319.279428 
319.267634 
319.255840 
319.244045 
319.232249 
319.220452 
319.208654 
319.196856 
319.185056 
319.173256 
319.161456 
319.149654 
319.137851 
319.126048 
319.114244 
319.102439 
319.090633 
319.078827 
319.067020 
319.055212 
319.043403 
319.031593 
319.019782 
319.007971 
318.996159 
318.984346 
318.972532 
318.960717 
318.948902 
318.937086 
318.925269 
318.913451 
318.901632 
318.889813 
318.877992 
318.866171 
318.854350 
318.842527 
318.830703 
318.818879 
318.807054 
318.795228 
318.783401 
318.771574 
318.759745 
318.747916 
318.736086 
318.724255 
318.712423 
318.700591 
318.688758 
318.676924 
318.665089 
318.653253 
318.641416 
318.629579 
318.617741 
318.605902 
318.594062 
318.582222 
318.570380 
318.558538 
318.546695 
318.534851 
318.523006 
318.511161 
318.499314 
318.487467 
318.475619 
318.463771 
318.451921 
318.440071 
318.428219 
318.416367 
318.404514 
318.392661 
318.380806 
318.368951 
318.357095 
318.345238 
318.333380 
318.321521 
318.309662 
318.297802 
318.285941 
318.274079 
318.262216 
318.250353 
318.238488 
318.226623 
318.214757 
318.202890 
318.191023 
318.179154 
318.167285 
318.155415 
318.143544 
318.131672 
318.119799 
318.107926 
318.096052 
318.084177 
318.072301 
318.060424 
318.048547 
318.036668 
318.024789 
318.012909 
318.001028 
317.989147 
317.977264 
317.965381 
317.953497 
317.941612 
317.929726 
317.917839 
317.905952 
317.894064 
317.882175 
317.870285 
317.858394 
317.846502 
317.834610 
317.822717 
317.810823 
317.798928 
317.787032 
317.775136 
317.763238 
317.751340 
317.739441 
317.727541 
317.715640 
317.703739 
317.691837 
317.679933 
317.668029 
317.656125 
317.644219 
317.632312 
317.620405 
317.608497 
317.596588 
317.584678 
317.572767 
317.560856 
317.548944 
317.537030 
317.525116 
317.513202 
317.501286 
317.489369 
317.477452 
317.465534 
317.453615 
317.441695 
317.429774 
317.417853 
317.405930 
317.394007 
317.382083 
317.370158 
317.358233 
317.346306 
317.334379 
317.322451 
317.310522 
317.298592 
317.286661 
317.274729 
317.262797 
317.250864 
317.238930 
317.226995 
317.215059 
317.203123 
317.191185 
317.179247 
317.167308 
317.155368 
317.143427 
317.131486 
317.119543 
317.107600 
317.095656 
317.083711 
317.071765 
317.059818 
317.047871 
317.035922 
317.023973 
317.012023 
317.000072 
316.988121 
316.976168 
316.964215 
316.952260 
316.940305 
316.928349 
316.916393 
316.904435 
316.892477 
316.880517 
316.868557 
316.856596 
316.844634 
316.832672 
316.820708 
316.808744 
316.796778 
316.784812 
316.772846 
316.760878 
316.748909 
316.736940 
316.724969 
316.712998 
316.701026 
316.689053 
316.677080 
316.665105 
316.653130 
316.641154 
316.629177 
316.617199 
316.605220 
316.593240 
316.581260 
316.569278 
316.557296 
316.545313 
316.533329 
316.521345 
316.509359 
316.497373 
316.485385 
316.473397 
316.461408 
316.449418 
316.437428 
316.425436 
316.413444 
316.401451 
316.389456 
316.377462 
316.365466 
316.353469 
316.341472 
316.329473 
316.317474 
316.305474 
316.293473 
316.281471 
316.269469 
316.257465 
316.245461 
316.233456 
316.221450 
316.209443 
316.197435 
316.185426 
316.173417 
316.161406 
316.149395 
316.137383 
316.125370 
316.113356 
316.101342 
316.089326 
316.077310 
316.065293 
316.053275 
316.041256 
316.029236 
316.017215 
316.005194 
315.993172 
315.981148 
315.969124 
315.957099 
315.945074 
315.933047 
315.921019 
315.908991 
315.896962 
315.884932 
315.872901 
315.860869 
315.848836 
315.836803 
315.824768 
315.812733 
315.800697 
315.788660 
315.776622 
315.764583 
315.752544 
315.740503 
315.728462 
315.716420 
315.704377 
315.692333 
315.680288 
315.668242 
315.656196 
315.644149 
315.632100 
315.620051 
315.608001 
315.595950 
315.583899 
315.571846 
315.559793 
315.547738 
315.535683 
315.523627 
315.511570 
315.499512 
315.487454 
315.475394 
315.463334 
315.451273 
315.439211 
315.427148 
315.415084 
315.403019 
315.390953 
315.378887 
315.366819 
315.354751 
315.342682 
315.330612 
315.318541 
315.306470 
315.294397 
315.282324 
315.270249 
315.258174 
315.246098 
315.234021 
315.221943 
315.209865 
315.197785 
315.185705 
315.173623 
315.161541 
315.149458 
315.137374 
315.125289 
315.113204 
315.101117 
315.089030 
315.076941 
315.064852 
315.052762 
315.040671 
315.028579 
315.016487 
315.004393 
314.992299 
314.980203 
314.968107 
314.956010 
314.943912 
314.931813 
314.919714 
314.907613 
314.895512 
314.883409 
314.871306 
314.859202 
314.847097 
314.834991 
314.822884 
314.810777 
314.798668 
314.786559 
314.774448 
314.762337 
314.750225 
314.738112 
314.725998 
314.713884 
314.701768 
314.689652 
314.677534 
314.665416 
314.653297 
314.641177 
314.629056 
314.616935 
314.604812 
314.592688 
314.580564 
314.568439 
314.556312 
314.544185 
314.532057 
314.519929 
314.507799 
314.495668 
314.483537 
314.471404 
314.459271 
314.447137 
314.435002 
314.422866 
314.410729 
314.398591 
314.386453 
314.374313 
314.362173 
314.350032 
314.337890 
314.325747 
314.313603 
314.301458 
314.289312 
314.277166 
314.265018 
314.252870 
314.240720 
314.228570 
314.216419 
314.204267 
314.192114 
314.179961 
314.167806 
314.155650 
314.143494 
314.131337 
314.119179 
314.107019 
314.094859 
314.082699 
314.070537 
314.058374 
314.046211 
314.034046 
314.021881 
314.009715 
313.997547 
313.985379 
313.973210 
313.961041 
313.948870 
313.936698 
313.924526 
313.912352 
313.900178 
313.888003 
313.875827 
313.863650 
313.851472 
313.839293 
313.827113 
313.814933 
313.802751 
313.790569 
313.778385 
313.766201 
313.754016 
313.741830 
313.729643 
313.717455 
313.705267 
313.693077 
313.680887 
313.668695 
313.656503 
313.644310 
313.632115 
313.619920 
313.607725 
313.595528 
313.583330 
313.571131 
313.558932 
313.546731 
313.534530 
313.522328 
313.510125 
313.497921 
313.485716 
313.473510 
313.461303 
313.449095 
313.436887 
313.424677 
313.412467 
313.400256 
313.388043 
313.375830 
313.363616 
313.351401 
313.339185 
313.326969 
313.314751 
313.302532 
313.290313 
313.278093 
313.265871 
313.253649 
313.241426 
313.229202 
313.216977 
313.204751 
313.192524 
313.180297 
313.168068 
313.155839 
313.143608 
313.131377 
313.119145 
313.106912 
313.094678 
313.082443 
313.070207 
313.057970 
313.045732 
313.033494 
313.021254 
313.009014 
312.996772 
312.984530 
312.972287 
312.960043 
312.947798 
312.935552 
312.923305 
312.911057 
312.898809 
312.886559 
312.874308 
312.862057 
312.849805 
312.837551 
312.825297 
312.813042 
312.800786 
312.788529 
312.776271 
312.764013 
312.751753 
312.739492 
312.727231 
312.714968 
312.702705 
312.690441 
312.678175 
312.665909 
312.653642 
312.641374 
312.629105 
312.616836 
312.604565 
312.592293 
312.580021 
312.567747 
312.555473 
312.543197 
312.530921 
312.518644 
312.506366 
312.494087 
312.481807 
312.469526 
312.457244 
312.444961 
312.432678 
312.420393 
312.408107 
312.395821 
312.383534 
312.371245 
312.358956 
312.346666 
312.334375 
312.322083 
312.309790 
312.297496 
312.285201 
312.272906 
312.260609 
312.248311 
312.236013 
312.223713 
312.211413 
312.199112 
312.186810 
312.174506 
312.162202 
312.149897 
312.137591 
312.125285 
312.112977 
312.100668 
312.088358 
312.076048 
312.063736 
312.051424 
312.039110 
312.026796 
312.014481 
312.002165 
311.989847 
311.977529 
311.965210 
311.952890 
311.940570 
311.928248 
311.915925 
311.903601 
311.891277 
311.878951 
311.866625 
311.854297 
311.841969 
311.829640 
311.817309 
311.804978 
311.792646 
311.780313 
311.767979 
311.755644 
311.743308 
311.730972 
311.718634 
311.706295 
311.693956 
311.681615 
311.669274 
311.656931 
311.644588 
311.632243 
311.619898 
311.607552 
311.595205 
311.582857 
311.570508 
311.558158 
311.545807 
311.533455 
311.521102 
311.508749 
311.496394 
311.484038 
311.471682 
311.459324 
311.446966 
311.434606 
311.422246 
311.409885 
311.397523 
311.385159 
311.372795 
311.360430 
311.348064 
311.335697 
311.323329 
311.310960 
311.298591 
311.286220 
311.273848 
311.261476 
311.249102 
311.236727 
311.224352 
311.211975 
311.199598 
311.187220 
311.174840 
311.162460 
311.150079 
311.137697 
311.125314 
311.112930 
311.100545 
311.088159 
311.075772 
311.063384 
311.050995 
311.038606 
311.026215 
311.013823 
311.001431 
310.989037 
310.976642 
310.964247 
310.951851 
310.939453 
310.927055 
310.914656 
310.902255 
310.889854 
310.877452 
310.865049 
310.852645 
310.840240 
310.827834 
310.815427 
310.803019 
310.790610 
310.778200 
310.765789 
310.753378 
310.740965 
310.728551 
310.716137 
310.703721 
310.691305 
310.678887 
310.666469 
310.654049 
310.641629 
310.629208 
310.616785 
310.604362 
310.591938 
310.579513 
310.567087 
310.554660 
310.542231 
310.529802 
310.517372 
310.504942 
310.492510 
310.480077 
310.467643 
310.455208 
310.442772 
310.430336 
310.417898 
310.405459 
310.393020 
310.380579 
310.368137 
310.355695 
310.343251 
310.330807 
310.318362 
310.305915 
310.293468 
310.281020 
310.268570 
310.256120 
310.243669 
310.231217 
310.218763 
310.206309 
310.193854 
310.181398 
310.168941 
310.156483 
310.144024 
310.131564 
310.119103 
310.106641 
310.094178 
310.081714 
310.069250 
310.056784 
310.044317 
310.031849 
310.019381 
310.006911 
309.994440 
309.981969 
309.969496 
309.957022 
309.944548 
309.932072 
309.919596 
309.907118 
309.894640 
309.882160 
309.869680 
309.857199 
309.844716 
309.832233 
309.819749 
309.807263 
309.794777 
309.782290 
309.769802 
309.757312 
309.744822 
309.732331 
309.719839 
309.707346 
309.694852 
309.682357 
309.669861 
309.657363 
309.644865 
309.632366 
309.619866 
309.607365 
309.594864 
309.582361 
309.569857 
309.557352 
309.544846 
309.532339 
309.519831 
309.507322 
309.494813 
309.482302 
309.469790 
309.457277 
309.444763 
309.432249 
309.419733 
309.407216 
309.394699 
309.382180 
309.369660 
309.357140 
309.344618 
309.332095 
309.319572 
309.307047 
309.294521 
309.281995 
309.269467 
309.256939 
309.244409 
309.231879 
309.219347 
309.206815 
309.194281 
309.181747 
309.169211 
309.156675 
309.144137 
309.131599 
309.119059 
309.106519 
309.093977 
309.081435 
309.068891 
309.056347 
309.043802 
309.031255 
309.018708 
309.006159 
308.993610 
308.981059 
308.968508 
308.955956 
308.943402 
308.930848 
308.918293 
308.905736 
308.893179 
308.880621 
308.868061 
308.855501 
308.842939 
308.830377 
308.817814 
308.805249 
308.792684 
308.780118 
308.767550 
308.754982 
308.742413 
308.729842 
308.717271 
308.704699 
308.692125 
308.679551 
308.666976 
308.654399 
308.641822 
308.629244 
308.616664 
308.604084 
308.591502 
308.578920 
308.566337 
308.553752 
308.541167 
308.528581 
308.515993 
308.503405 
308.490815 
308.478225 
308.465634 
308.453041 
308.440448 
308.427853 
308.415258 
308.402661 
308.390064 
308.377466 
308.364866 
308.352266 
308.339664 
308.327062 
308.314458 
308.301854 
308.289248 
308.276642 
308.264034 
308.251426 
308.238816 
308.226205 
308.213594 
308.200981 
308.188368 
308.175753 
308.163137 
308.150521 
308.137903 
308.125284 
308.112665 
308.100044 
308.087422 
308.074800 
308.062176 
308.049551 
308.036925 
308.024298 
308.011671 
307.999042 
307.986412 
307.973781 
307.961149 
307.948516 
307.935883 
307.923248 
307.910612 
307.897975 
307.885337 
307.872698 
307.860058 
307.847417 
307.834775 
307.822132 
307.809488 
307.796842 
307.784196 
307.771549 
307.758901 
307.746252 
307.733602 
307.720950 
307.708298 
307.695645 
307.682990 
307.670335 
307.657679 
307.645021 
307.632363 
307.619704 
307.607043 
307.594382 
307.581719 
307.569056 
307.556391 
307.543726 
307.531059 
307.518391 
307.505723 
307.493053 
307.480382 
307.467711 
307.455038 
307.442364 
307.429689 
307.417013 
307.404336 
307.391659 
307.378980 
307.366300 
307.353619 
307.340937 
307.328254 
307.315569 
307.302884 
307.290198 
307.277511 
307.264823 
307.252134 
307.239443 
307.226752 
307.214060 
307.201366 
307.188672 
307.175976 
307.163280 
307.150582 
307.137884 
307.125184 
307.112484 
307.099782 
307.087079 
307.074375 
307.061671 
307.048965 
307.036258 
307.023550 
307.010841 
306.998131 
306.985420 
306.972708 
306.959995 
306.947281 
306.934566 
306.921850 
306.909133 
306.896414 
306.883695 
306.870975 
306.858253 
306.845531 
306.832807 
306.820083 
306.807357 
306.794631 
306.781903 
306.769174 
306.756445 
306.743714 
306.730982 
306.718249 
306.705515 
306.692780 
306.680044 
306.667307 
306.654569 
306.641830 
306.629090 
306.616349 
306.603606 
306.590863 
306.578119 
306.565373 
306.552627 
306.539879 
306.527131 
306.514381 
306.501630 
306.488879 
306.476126 
306.463372 
306.450617 
306.437861 
306.425104 
306.412346 
306.399587 
306.386827 
306.374066 
306.361304 
306.348541 
306.335776 
306.323011 
306.310244 
306.297477 
306.284708 
306.271939 
306.259168 
306.246396 
306.233624 
306.220850 
306.208075 
306.195299 
306.182522 
306.169744 
306.156965 
306.144185 
306.131404 
306.118621 
306.105838 
306.093054 
306.080268 
306.067482 
306.054694 
306.041905 
306.029116 
306.016325 
306.003533 
305.990740 
305.977946 
305.965151 
305.952355 
305.939558 
305.926760 
305.913961 
305.901161 
305.888359 
305.875557 
305.862753 
305.849949 
305.837143 
305.824336 
305.811529 
305.798720 
305.785910 
305.773099 
305.760287 
305.747474 
305.734660 
305.721845 
305.709028 
305.696211 
305.683392 
305.670573 
305.657752 
305.644931 
305.632108 
305.619284 
305.606460 
305.593634 
305.580807 
305.567979 
305.555150 
305.542319 
305.529488 
305.516656 
305.503822 
305.490988 
305.478152 
305.465316 
305.452478 
305.439639 
305.426799 
305.413959 
305.401117 
305.388273 
305.375429 
305.362584 
305.349738 
305.336890 
305.324042 
305.311193 
305.298342 
305.285490 
305.272637 
305.259784 
305.246929 
305.234073 
305.221216 
305.208358 
305.195498 
305.182638 
305.169777 
305.156914 
305.144051 
305.131186 
305.118320 
305.105454 
305.092586 
305.079717 
305.066847 
305.053976 
305.041103 
305.028230 
305.015356 
305.002480 
304.989604 
304.976726 
304.963847 
304.950968 
304.938087 
304.925205 
304.912322 
304.899438 
304.886552 
304.873666 
304.860779 
304.847890 
304.835001 
304.822110 
304.809218 
304.796325 
304.783432 
304.770537 
304.757640 
304.744743 
304.731845 
304.718946 
304.706045 
304.693144 
304.680241 
304.667337 
304.654432 
304.641526 
304.628619 
304.615711 
304.602802 
304.589892 
304.576980 
304.564068 
304.551154 
304.538240 
304.525324 
304.512407 
304.499489 
304.486570 
304.473650 
304.460729 
304.447806 
304.434883 
304.421958 
304.409033 
304.396106 
304.383178 
304.370249 
304.357319 
304.344388 
304.331456 
304.318522 
304.305588 
304.292652 
304.279716 
304.266778 
304.253839 
304.240899 
304.227958 
304.215016 
304.202073 
304.189128 
304.176183 
304.163236 
304.150289 
304.137340 
304.124390 
304.111439 
304.098487 
304.085534 
304.072580 
304.059624 
304.046668 
304.033710 
304.020751 
304.007791 
303.994831 
303.981868 
303.968905 
303.955941 
303.942976 
303.930009 
303.917042 
303.904073 
303.891103 
303.878132 
303.865160 
303.852187 
303.839213 
303.826237 
303.813261 
303.800283 
303.787304 
303.774325 
303.761344 
303.748362 
303.735378 
303.722394 
303.709409 
303.696422 
303.683435 
303.670446 
303.657456 
303.644465 
303.631473 
303.618480 
303.605485 
303.592490 
303.579493 
303.566496 
303.553497 
303.540497 
303.527496 
303.514494 
303.501490 
303.488486 
303.475481 
303.462474 
303.449466 
303.436457 
303.423447 
303.410436 
303.397424 
303.384410 
303.371396 
303.358380 
303.345364 
303.332346 
303.319327 
303.306306 
303.293285 
303.280263 
303.267239 
303.254215 
303.241189 
303.228162 
303.215134 
303.202105 
303.189075 
303.176043 
303.163011 
303.149977 
303.136942 
303.123906 
303.110869 
303.097831 
303.084792 
303.071751 
303.058710 
303.045667 
303.032623 
303.019578 
303.006532 
302.993485 
302.980437 
302.967387 
302.954337 
302.941285 
302.928232 
302.915178 
302.902123 
302.889066 
302.876009 
302.862950 
302.849891 
302.836830 
302.823768 
302.810705 
302.797641 
302.784575 
302.771509 
302.758441 
302.745372 
302.732302 
302.719231 
302.706159 
302.693085 
302.680011 
302.666935 
302.653858 
302.640781 
302.627701 
302.614621 
302.601540 
302.588457 
302.575374 
302.562289 
302.549203 
302.536116 
302.523028 
302.509938 
302.496848 
302.483756 
302.470663 
302.457569 
302.444474 
302.431378 
302.418281 
302.405182 
302.392082 
302.378982 
302.365880 
302.352776 
302.339672 
302.326567 
302.313460 
302.300352 
302.287243 
302.274133 
302.261022 
302.247910 
302.234796 
302.221682 
302.208566 
302.195449 
302.182331 
302.169212 
302.156091 
302.142970 
302.129847 
302.116723 
302.103598 
302.090472 
302.077344 
302.064216 
302.051086 
302.037956 
302.024824 
302.011690 
301.998556 
301.985421 
301.972284 
301.959146 
301.946007 
301.932867 
301.919726 
301.906584 
301.893440 
301.880295 
301.867149 
301.854002 
301.840854 
301.827705 
301.814554 
301.801403 
301.788250 
301.775096 
301.761941 
301.748784 
301.735627 
301.722468 
301.709308 
301.696147 
301.682985 
301.669822 
301.656657 
301.643491 
301.630324 
301.617156 
301.603987 
301.590817 
301.577645 
301.564473 
301.551299 
301.538124 
301.524948 
301.511770 
301.498592 
301.485412 
301.472231 
301.459049 
301.445866 
301.432681 
301.419496 
301.406309 
301.393121 
301.379932 
301.366742 
301.353550 
301.340358 
301.327164 
301.313969 
301.300773 
301.287575 
301.274377 
301.261177 
301.247976 
301.234774 
301.221571 
301.208367 
301.195161 
301.181954 
301.168746 
301.155537 
301.142327 
301.129115 
301.115903 
301.102689 
301.089474 
301.076258 
301.063040 
301.049822 
301.036602 
301.023381 
301.010159 
300.996936 
300.983711 
300.970485 
300.957259 
300.944031 
300.930801 
300.917571 
300.904339 
300.891107 
300.877873 
300.864637 
300.851401 
300.838163 
300.824925 
300.811685 
300.798444 
300.785201 
300.771958 
300.758713 
300.745467 
300.732220 
300.718972 
300.705723 
300.692472 
300.679220 
300.665967 
300.652713 
300.639457 
300.626201 
300.612943 
300.599684 
300.586424 
300.573162 
300.559900 
300.546636 
300.533371 
300.520105 
300.506838 
300.493569 
300.480299 
300.467028 
300.453756 
300.440483 
300.427208 
300.413932 
300.400655 
300.387377 
300.374098 
300.360817 
300.347536 
300.334253 
300.320968 
300.307683 
300.294397 
300.281109 
300.267820 
300.254530 
300.241238 
300.227946 
300.214652 
300.201357 
300.188061 
300.174763 
300.161464 
300.148165 
300.134864 
300.121561 
300.108258 
300.094953 
300.081647 
300.068340 
300.055032 
300.041722 
300.028412 
300.015100 
300.001787 
299.988472 
299.975157 
299.961840 
299.948522 
299.935203 
299.921882 
299.908561 
299.895238 
299.881914 
299.868589 
299.855262 
299.841934 
299.828606 
299.815275 
299.801944 
299.788611 
299.775278 
299.761943 
299.748606 
299.735269 
299.721930 
299.708591 
299.695249 
299.681907 
299.668564 
299.655219 
299.641873 
299.628526 
299.615177 
299.601828 
299.588477 
299.575125 
299.561771 
299.548417 
299.535061 
299.521704 
299.508346 
299.494986 
299.481626 
299.468264 
299.454901 
299.441537 
299.428171 
299.414804 
299.401436 
299.388067 
299.374696 
299.361325 
299.347952 
299.334578 
299.321202 
299.307826 
299.294448 
299.281069 
299.267688 
299.254307 
299.240924 
299.227540 
299.214155 
299.200768 
299.187381 
299.173992 
299.160602 
299.147210 
299.133818 
299.120424 
299.107029 
299.093632 
299.080235 
299.066836 
299.053436 
299.040034 
299.026632 
299.013228 
298.999823 
298.986417 
298.973009 
298.959601 
298.946191 
298.932779 
298.919367 
298.905953 
298.892538 
298.879122 
298.865705 
298.852286 
298.838866 
298.825445 
298.812023 
298.798599 
298.785174 
298.771748 
298.758321 
298.744892 
298.731462 
298.718031 
298.704599 
298.691165 
298.677730 
298.664294 
298.650857 
298.637418 
298.623978 
298.610537 
298.597095 
298.583651 
298.570206 
298.556760 
298.543313 
298.529864 
298.516414 
298.502963 
298.489511 
298.476057 
298.462602 
298.449146 
298.435689 
298.422230 
298.408770 
298.395309 
298.381847 
298.368383 
298.354918 
298.341452 
298.327985 
298.314516 
298.301046 
298.287575 
298.274102 
298.260629 
298.247154 
298.233677 
298.220200 
298.206721 
298.193241 
298.179760 
298.166277 
298.152793 
298.139308 
298.125822 
298.112334 
298.098845 
298.085355 
298.071864 
298.058371 
298.044877 
298.031382 
298.017885 
298.004388 
297.990889 
297.977388 
297.963887 
297.950384 
297.936880 
297.923375 
297.909868 
297.896360 
297.882851 
297.869341 
297.855829 
297.842316 
297.828802 
297.815286 
297.801769 
297.788251 
297.774732 
297.761211 
297.747689 
297.734166 
297.720642 
297.707116 
297.693589 
297.680061 
297.666531 
297.653000 
297.639468 
297.625935 
297.612400 
297.598864 
297.585327 
297.571789 
297.558249 
297.544708 
297.531165 
297.517622 
297.504077 
297.490531 
297.476983 
297.463435 
297.449884 
297.436333 
297.422781 
297.409227 
297.395671 
297.382115 
297.368557 
297.354998 
297.341438 
297.327876 
297.314313 
297.300749 
297.287184 
297.273617 
297.260049 
297.246480 
297.232909 
297.219337 
297.205764 
297.192189 
297.178614 
297.165037 
297.151458 
297.137879 
297.124298 
297.110715 
297.097132 
297.083547 
297.069961 
297.056373 
297.042785 
297.029195 
297.015603 
297.002011 
296.988417 
296.974822 
296.961225 
296.947627 
296.934028 
296.920428 
296.906826 
296.893223 
296.879619 
296.866013 
296.852406 
296.838798 
296.825189 
296.811578 
296.797966 
296.784352 
296.770738 
296.757122 
296.743504 
296.729886 
296.716266 
296.702645 
296.689022 
296.675398 
296.661773 
296.648147 
296.634519 
296.620890 
296.607259 
296.593628 
296.579995 
296.566360 
296.552725 
296.539088 
296.525449 
296.511810 
296.498169 
296.484527 
296.470883 
296.457239 
296.443592 
296.429945 
296.416296 
296.402646 
296.388995 
296.375342 
296.361688 
296.348033 
296.334376 
296.320718 
296.307059 
296.293398 
296.279736 
296.266073 
296.252409 
296.238743 
296.225076 
296.211407 
296.197737 
296.184066 
296.170394 
296.156720 
296.143045 
296.129368 
296.115691 
296.102011 
296.088331 
296.074649 
296.060966 
296.047282 
296.033596 
296.019909 
296.006221 
295.992531 
295.978840 
295.965148 
295.951454 
295.937759 
295.924063 
295.910365 
295.896666 
295.882966 
295.869264 
295.855561 
295.841857 
295.828151 
295.814444 
295.800736 
295.787026 
295.773315 
295.759603 
295.745889 
295.732174 
295.718458 
295.704740 
295.691021 
295.677301 
295.663579 
295.649856 
295.636132 
295.622406 
295.608679 
295.594951 
295.581221 
295.567490 
295.553758 
295.540024 
295.526289 
295.512552 
295.498815 
295.485076 
295.471335 
295.457593 
295.443850 
295.430106 
295.416360 
295.402613 
295.388864 
295.375114 
295.361363 
295.347611 
295.333857 
295.320101 
295.306345 
295.292587 
295.278828 
295.265067 
295.251305 
295.237542 
295.223777 
295.210011 
295.196244 
295.182475 
295.168705 
295.154933 
295.141160 
295.127386 
295.113611 
295.099834 
295.086056 
295.072276 
295.058495 
295.044713 
295.030929 
295.017144 
295.003358 
294.989570 
294.975781 
294.961991 
294.948199 
294.934406 
294.920611 
294.906815 
294.893018 
294.879219 
294.865419 
294.851618 
294.837815 
294.824011 
294.810206 
294.796399 
294.782591 
294.768782 
294.754971 
294.741158 
294.727345 
294.713530 
294.699713 
294.685896 
294.672077 
294.658256 
294.644434 
294.630611 
294.616787 
294.602961 
294.589133 
294.575305 
294.561475 
294.547643 
294.533810 
294.519976 
294.506141 
294.492304 
294.478465 
294.464626 
294.450785 
294.436942 
294.423099 
294.409253 
294.395407 
294.381559 
294.367710 
294.353859 
294.340007 
294.326153 
294.312299 
294.298442 
294.284585 
294.270726 
294.256866 
294.243004 
294.229141 
294.215276 
294.201410 
294.187543 
294.173674 
294.159804 
294.145933 
294.132060 
294.118186 
294.104310 
294.090433 
294.076555 
294.062675 
294.048794 
294.034912 
294.021028 
294.007142 
293.993256 
293.979368 
293.965478 
293.951587 
293.937695 
293.923802 
293.909906 
293.896010 
293.882112 
293.868213 
293.854312 
293.840410 
293.826507 
293.812602 
293.798696 
293.784788 
293.770879 
293.756969 
293.743057 
293.729144 
293.715229 
293.701313 
293.687396 
293.673477 
293.659557 
293.645635 
293.631712 
293.617788 
293.603862 
293.589935 
293.576006 
293.562076 
293.548145 
293.534212 
293.520278 
293.506342 
293.492405 
293.478467 
293.464527 
293.450586 
293.436643 
293.422699 
293.408753 
293.394807 
293.380858 
293.366909 
293.352957 
293.339005 
293.325051 
293.311096 
293.297139 
293.283181 
293.269221 
293.255260 
293.241297 
293.227334 
293.213368 
293.199402 
293.185434 
293.171464 
293.157493 
293.143521 
293.129547 
293.115572 
293.101595 
293.087617 
293.073638 
293.059657 
293.045674 
293.031691 
293.017706 
293.003719 
292.989731 
292.975742 
292.961751 
292.947758 
292.933765 
292.919770 
292.905773 
292.891775 
292.877776 
292.863775 
292.849773 
292.835769 
292.821764 
292.807757 
292.793749 
292.779740 
292.765729 
292.751717 
292.737703 
292.723688 
292.709671 
292.695653 
292.681634 
292.667613 
292.653591 
292.639567 
292.625542 
292.611515 
292.597487 
292.583458 
292.569427 
292.555394 
292.541361 
292.527325 
292.513289 
292.499251 
292.485211 
292.471170 
292.457128 
292.443084 
292.429038 
292.414992 
292.400943 
292.386894 
292.372843 
292.358790 
292.344736 
292.330681 
292.316624 
292.302566 
292.288506 
292.274445 
292.260382 
292.246318 
292.232252 
292.218185 
292.204117 
292.190047 
292.175975 
292.161903 
292.147828 
292.133753 
292.119675 
292.105597 
292.091517 
292.077435 
292.063352 
292.049268 
292.035182 
292.021094 
292.007006 
291.992915 
291.978823 
291.964730 
291.950636 
291.936540 
291.922442 
291.908343 
291.894242 
291.880140 
291.866037 
291.851932 
291.837826 
291.823718 
291.809609 
291.795498 
291.781386 
291.767272 
291.753157 
291.739040 
291.724922 
291.710803 
291.696682 
291.682559 
291.668435 
291.654310 
291.640183 
291.626055 
291.611925 
291.597794 
291.583661 
291.569527 
291.555391 
291.541254 
291.527115 
291.512975 
291.498833 
291.484690 
291.470546 
291.456400 
291.442252 
291.428103 
291.413953 
291.399801 
291.385647 
291.371492 
291.357336 
291.343178 
291.329019 
291.314858 
291.300696 
291.286532 
291.272367 
291.258200 
291.244032 
291.229862 
291.215691 
291.201518 
291.187344 
291.173168 
291.158991 
291.144812 
291.130632 
291.116451 
291.102267 
291.088083 
291.073897 
291.059709 
291.045520 
291.031330 
291.017138 
291.002944 
290.988749 
290.974552 
290.960354 
290.946155 
290.931954 
290.917751 
290.903547 
290.889342 
290.875135 
290.860926 
290.846716 
290.832505 
290.818292 
290.804077 
290.789861 
290.775644 
290.761425 
290.747205 
290.732983 
290.718759 
290.704534 
290.690308 
290.676080 
290.661850 
290.647619 
290.633387 
290.619152 
290.604917 
290.590680 
290.576441 
290.562201 
290.547960 
290.533717 
290.519472 
290.505226 
290.490978 
290.476729 
290.462479 
290.448227 
290.433973 
290.419718 
290.405461 
290.391203 
290.376943 
290.362682 
290.348419 
290.334155 
290.319889 
290.305622 
290.291353 
290.277083 
290.262811 
290.248538 
290.234263 
290.219986 
290.205708 
290.191429 
290.177148 
290.162865 
290.148581 
290.134296 
290.120009 
290.105720 
290.091430 
290.077138 
290.062845 
290.048551 
290.034254 
290.019957 
290.005657 
289.991357 
289.977054 
289.962750 
289.948445 
289.934138 
289.919830 
289.905520 
289.891208 
289.876895 
289.862580 
289.848264 
289.833947 
289.819627 
289.805307 
289.790984 
289.776661 
289.762335 
289.748008 
289.733680 
289.719350 
289.705018 
289.690685 
289.676351 
289.662015 
289.647677 
289.633338 
289.618997 
289.604655 
289.590311 
289.575966 
289.561619 
289.547270 
289.532920 
289.518569 
289.504216 
289.489861 
289.475505 
289.461147 
289.446788 
289.432427 
289.418064 
289.403700 
289.389335 
289.374968 
289.360599 
289.346229 
289.331857 
289.317484 
289.303109 
289.288733 
289.274355 
289.259975 
289.245594 
289.231212 
289.216828 
289.202442 
289.188055 
289.173666 
289.159275 
289.144883 
289.130490 
289.116095 
289.101698 
289.087300 
289.072900 
289.058499 
289.044096 
289.029692 
289.015286 
289.000878 
288.986469 
288.972058 
288.957646 
288.943232 
288.928816 
288.914399 
288.899981 
288.885561 
288.871139 
288.856716 
288.842291 
288.827864 
288.813436 
288.799007 
288.784576 
288.770143 
288.755709 
288.741273 
288.726835 
288.712396 
288.697956 
288.683514 
288.669070 
288.654624 
288.640178 
288.625729 
288.611279 
288.596827 
288.582374 
288.567919 
288.553463 
288.539005 
288.524545 
288.510084 
288.495621 
288.481157 
288.466691 
288.452223 
288.437754 
288.423284 
288.408811 
288.394338 
288.379862 
288.365385 
288.350906 
288.336426 
288.321944 
288.307461 
288.292976 
288.278489 
288.264001 
288.249511 
288.235020 
288.220527 
288.206032 
288.191536 
288.177038 
288.162539 
288.148038 
288.133536 
288.119031 
288.104526 
288.090018 
288.075509 
288.060999 
288.046487 
288.031973 
288.017457 
288.002940 
287.988422 
287.973902 
287.959380 
287.944856 
287.930331 
287.915805 
287.901277 
287.886747 
287.872215 
287.857682 
287.843147 
287.828611 
287.814073 
287.799534 
287.784993 
287.770450 
287.755906 
287.741360 
287.726812 
287.712263 
287.697712 
287.683160 
287.668606 
287.654050 
287.639493 
287.624934 
287.610373 
287.595811 
287.581247 
287.566682 
287.552115 
287.537546 
287.522976 
287.508404 
287.493831 
287.479255 
287.464679 
287.450100 
287.435520 
287.420939 
287.406355 
287.391770 
287.377184 
287.362596 
287.348006 
287.333415 
287.318822 
287.304227 
287.289631 
287.275033 
287.260433 
287.245832 
287.231229 
287.216625 
287.202018 
287.187411 
287.172801 
287.158190 
287.143578 
287.128963 
287.114347 
287.099730 
287.085110 
287.070490 
287.055867 
287.041243 
287.026617 
287.011990 
286.997361 
286.982730 
286.968097 
286.953463 
286.938828 
286.924190 
286.909551 
286.894911 
286.880269 
286.865625 
286.850979 
286.836332 
286.821683 
286.807033 
286.792380 
286.777727 
286.763071 
286.748414 
286.733755 
286.719095 
286.704433 
286.689769 
286.675103 
286.660436 
286.645768 
286.631097 
286.616425 
286.601751 
286.587076 
286.572399 
286.557720 
286.543040 
286.528358 
286.513674 
286.498989 
286.484302 
286.469613 
286.454923 
286.440231 
286.425537 
286.410842 
286.396145 
286.381446 
286.366746 
286.352044 
286.337340 
286.322635 
286.307928 
286.293219 
286.278508 
286.263796 
286.249083 
286.234367 
286.219650 
286.204931 
286.190211 
286.175489 
286.160765 
286.146039 
286.131312 
286.116583 
286.101853 
286.087121 
286.072387 
286.057651 
286.042914 
286.028175 
286.013434 
285.998692 
285.983948 
285.969202 
285.954455 
285.939706 
285.924955 
285.910203 
285.895449 
285.880693 
285.865935 
285.851176 
285.836415 
285.821652 
285.806888 
285.792122 
285.777355 
285.762585 
285.747814 
285.733041 
285.718267 
285.703491 
285.688713 
285.673933 
285.659152 
285.644369 
285.629584 
285.614798 
285.600010 
285.585220 
285.570429 
285.555636 
285.540841 
285.526044 
285.511246 
285.496446 
285.481644 
285.466841 
285.452036 
285.437229 
285.422420 
285.407610 
285.392798 
285.377985 
285.363169 
285.348352 
285.333533 
285.318713 
285.303890 
285.289067 
285.274241 
285.259413 
285.244584 
285.229754 
285.214921 
285.200087 
285.185251 
285.170413 
285.155574 
285.140733 
285.125890 
285.111045 
285.096199 
285.081351 
285.066501 
285.051650 
285.036796 
285.021941 
285.007085 
284.992226 
284.977366 
284.962504 
284.947641 
284.932776 
284.917908 
284.903040 
284.888169 
284.873297 
284.858423 
284.843547 
284.828670 
284.813791 
284.798910 
284.784027 
284.769143 
284.754257 
284.739369 
284.724479 
284.709588 
284.694695 
284.679800 
284.664903 
284.650005 
284.635105 
284.620203 
284.605300 
284.590394 
284.575487 
284.560578 
284.545668 
284.530756 
284.515842 
284.500926 
284.486008 
284.471089 
284.456168 
284.441245 
284.426321 
284.411394 
284.396466 
284.381537 
284.366605 
284.351672 
284.336737 
284.321800 
284.306861 
284.291921 
284.276979 
284.262035 
284.247089 
284.232142 
284.217193 
284.202242 
284.187289 
284.172335 
284.157379 
284.142421 
284.127461 
284.112499 
284.097536 
284.082571 
284.067604 
284.052636 
284.037665 
284.022693 
284.007719 
283.992744 
283.977766 
283.962787 
283.947806 
283.932823 
283.917839 
283.902853 
283.887865 
283.872875 
283.857883 
283.842890 
283.827895 
283.812898 
283.797899 
283.782898 
283.767896 
283.752892 
283.737886 
283.722878 
283.707869 
283.692858 
283.677845 
283.662830 
283.647813 
283.632795 
283.617775 
283.602753 
283.587729 
283.572704 
283.557676 
283.542647 
283.527616 
283.512584 
283.497549 
283.482513 
283.467475 
283.452435 
283.437393 
283.422350 
283.407304 
283.392257 
283.377208 
283.362158 
283.347105 
283.332051 
283.316995 
283.301937 
283.286877 
283.271816 
283.256753 
283.241687 
283.226621 
283.211552 
283.196481 
283.181409 
283.166335 
283.151259 
283.136181 
283.121102 
283.106020 
283.090937 
283.075852 
283.060765 
283.045677 
283.030586 
283.015494 
283.000400 
282.985304 
282.970206 
282.955107 
282.940005 
282.924902 
282.909797 
282.894690 
282.879582 
282.864471 
282.849359 
282.834245 
282.819129 
282.804011 
282.788892 
282.773770 
282.758647 
282.743522 
282.728395 
282.713266 
282.698136 
282.683003 
282.667869 
282.652733 
282.637595 
282.622455 
282.607314 
282.592170 
282.577025 
282.561878 
282.546729 
282.531579 
282.516426 
282.501272 
282.486115 
282.470957 
282.455797 
282.440635 
282.425472 
282.410306 
282.395139 
282.379970 
282.364799 
282.349626 
282.334451 
282.319275 
282.304096 
282.288916 
282.273734 
282.258550 
282.243364 
282.228177 
282.212987 
282.197796 
282.182603 
282.167407 
282.152211 
282.137012 
282.121811 
282.106609 
282.091404 
282.076198 
282.060990 
282.045780 
282.030568 
282.015355 
282.000139 
281.984922 
281.969702 
281.954481 
281.939258 
281.924033 
281.908807 
281.893578 
281.878348 
281.863115 
281.847881 
281.832645 
281.817407 
281.802167 
281.786926 
281.771682 
281.756437 
281.741189 
281.725940 
281.710689 
281.695436 
281.680181 
281.664925 
281.649666 
281.634406 
281.619143 
281.603879 
281.588613 
281.573345 
281.558075 
281.542803 
281.527530 
281.512254 
281.496977 
281.481697 
281.466416 
281.451133 
281.435848 
281.420561 
281.405272 
281.389982 
281.374689 
281.359395 
281.344098 
281.328800 
281.313500 
281.298198 
281.282894 
281.267588 
281.252281 
281.236971 
281.221659 
281.206346 
281.191031 
281.175714 
281.160394 
281.145073 
281.129750 
281.114426 
281.099099 
281.083770 
281.068440 
281.053107 
281.037773 
281.022436 
281.007098 
280.991758 
280.976416 
280.961072 
280.945726 
280.930379 
280.915029 
280.899677 
280.884324 
280.868968 
280.853611 
280.838252 
280.822890 
280.807527 
280.792162 
280.776795 
280.761426 
280.746056 
280.730683 
280.715308 
280.699932 
280.684553 
280.669173 
280.653790 
280.638406 
280.623020 
280.607632 
280.592242 
280.576850 
280.561456 
280.546060 
280.530662 
280.515262 
280.499860 
280.484457 
280.469051 
280.453644 
280.438234 
280.422823 
280.407410 
280.391994 
280.376577 
280.361158 
280.345737 
280.330314 
280.314889 
280.299462 
280.284033 
280.268602 
280.253169 
280.237735 
280.222298 
280.206859 
280.191419 
280.175976 
280.160532 
280.145085 
280.129637 
280.114187 
280.098734 
280.083280 
280.067824 
280.052366 
280.036905 
280.021443 
280.005979 
279.990513 
279.975045 
279.959575 
279.944103 
279.928630 
279.913154 
279.897676 
279.882196 
279.866714 
279.851231 
279.835745 
279.820257 
279.804768 
279.789276 
279.773783 
279.758287 
279.742790 
279.727290 
279.711789 
279.696285 
279.680780 
279.665272 
279.649763 
279.634252 
279.618738 
279.603223 
279.587706 
279.572186 
279.556665 
279.541142 
279.525617 
279.510089 
279.494560 
279.479029 
279.463496 
279.447961 
279.432424 
279.416884 
279.401343 
279.385800 
279.370255 
279.354708 
279.339159 
279.323608 
279.308055 
279.292499 
279.276942 
279.261383 
279.245822 
279.230259 
279.214694 
279.199127 
279.183558 
279.167987 
279.152413 
279.136838 
279.121261 
279.105682 
279.090101 
279.074518 
279.058933 
279.043345 
279.027756 
279.012165 
278.996572 
278.980977 
278.965379 
278.949780 
278.934179 
278.918575 
278.902970 
278.887363 
278.871753 
278.856142 
278.840529 
278.824913 
278.809296 
278.793676 
278.778055 
278.762431 
278.746806 
278.731178 
278.715549 
278.699917 
278.684284 
278.668648 
278.653010 
278.637370 
278.621729 
278.606085 
278.590439 
278.574791 
278.559141 
278.543489 
278.527835 
278.512179 
278.496521 
278.480861 
278.465199 
278.449535 
278.433869 
278.418200 
278.402530 
278.386858 
278.371183 
278.355507 
278.339828 
278.324148 
278.308465 
278.292781 
278.277094 
278.261405 
278.245714 
278.230022 
278.214327 
278.198630 
278.182931 
278.167230 
278.151526 
278.135821 
278.120114 
278.104405 
278.088693 
278.072980 
278.057264 
278.041547 
278.025827 
278.010106 
277.994382 
277.978656 
277.962928 
277.947198 
277.931466 
277.915732 
277.899996 
277.884258 
277.868517 
277.852775 
277.837031 
277.821284 
277.805535 
277.789785 
277.774032 
277.758277 
277.742520 
277.726761 
277.711000 
277.695237 
277.679472 
277.663704 
277.647935 
277.632163 
277.616390 
277.600614 
277.584836 
277.569057 
277.553275 
277.537491 
277.521704 
277.505916 
277.490126 
277.474334 
277.458539 
277.442742 
277.426944 
277.411143 
277.395340 
277.379535 
277.363728 
277.347919 
277.332107 
277.316294 
277.300479 
277.284661 
277.268841 
277.253019 
277.237195 
277.221369 
277.205541 
277.189711 
277.173879 
277.158044 
277.142208 
277.126369 
277.110528 
277.094685 
277.078840 
277.062993 
277.047144 
277.031292 
277.015439 
276.999583 
276.983725 
276.967865 
276.952003 
276.936139 
276.920273 
276.904405 
276.888534 
276.872661 
276.856787 
276.840910 
276.825031 
276.809150 
276.793266 
276.777381 
276.761493 
276.745604 
276.729712 
276.713818 
276.697922 
276.682023 
276.666123 
276.650221 
276.634316 
276.618409 
276.602500 
276.586589 
276.570676 
276.554760 
276.538843 
276.522923 
276.507001 
276.491077 
276.475151 
276.459223 
276.443293 
276.427360 
276.411425 
276.395488 
276.379549 
276.363608 
276.347665 
276.331719 
276.315771 
276.299822 
276.283870 
276.267915 
276.251959 
276.236001 
276.220040 
276.204077 
276.188112 
276.172145 
276.156176 
276.140204 
276.124231 
276.108255 
276.092277 
276.076297 
276.060314 
276.044330 
276.028343 
276.012354 
275.996363 
275.980370 
275.964374 
275.948377 
275.932377 
275.916375 
275.900371 
275.884365 
275.868356 
275.852345 
275.836332 
275.820317 
275.804300 
275.788281 
275.772259 
275.756235 
275.740209 
275.724181 
275.708150 
275.692118 
275.676083 
275.660046 
275.644007 
275.627965 
275.611922 
275.595876 
275.579828 
275.563778 
275.547725 
275.531671 
275.515614 
275.499555 
275.483494 
275.467430 
275.451365 
275.435297 
275.419227 
275.403154 
275.387080 
275.371003 
275.354924 
275.338843 
275.322760 
275.306674 
275.290586 
275.274496 
275.258404 
275.242310 
275.226213 
275.210114 
275.194013 
275.177910 
275.161804 
275.145696 
275.129586 
275.113474 
275.097359 
275.081243 
275.065124 
275.049002 
275.032879 
275.016753 
275.000625 
274.984495 
274.968363 
274.952228 
274.936091 
274.919952 
274.903811 
274.887667 
274.871522 
274.855373 
274.839223 
274.823071 
274.806916 
274.790759 
274.774599 
274.758438 
274.742274 
274.726108 
274.709940 
274.693769 
274.677596 
274.661421 
274.645244 
274.629064 
274.612882 
274.596698 
274.580512 
274.564323 
274.548132 
274.531939 
274.515744 
274.499546 
274.483346 
274.467144 
274.450939 
274.434732 
274.418523 
274.402312 
274.386098 
274.369883 
274.353664 
274.337444 
274.321221 
274.304996 
274.288769 
274.272539 
274.256308 
274.240074 
274.223837 
274.207598 
274.191358 
274.175114 
274.158869 
274.142621 
274.126371 
274.110118 
274.093864 
274.077607 
274.061347 
274.045086 
274.028822 
274.012556 
273.996287 
273.980017 
273.963744 
273.947468 
273.931191 
273.914911 
273.898628 
273.882344 
273.866057 
273.849768 
273.833476 
273.817182 
273.800886 
273.784588 
273.768287 
273.751984 
273.735679 
273.719371 
273.703061 
273.686749 
273.670434 
273.654117 
273.637798 
273.621477 
273.605153 
273.588826 
273.572498 
273.556167 
273.539834 
273.523498 
273.507160 
273.490820 
273.474478 
273.458133 
273.441786 
273.425436 
273.409084 
273.392730 
273.376374 
273.360015 
273.343654 
273.327290 
273.310924 
273.294556 
273.278186 
273.261813 
273.245438 
273.229060 
273.212680 
273.196298 
273.179913 
273.163526 
273.147137 
273.130745 
273.114351 
273.097955 
273.081556 
273.065155 
273.048752 
273.032346 
273.015938 
272.999527 
272.983114 
272.966699 
272.950281 
272.933861 
272.917439 
272.901014 
272.884587 
272.868158 
272.851726 
272.835292 
272.818855 
272.802416 
272.785975 
272.769531 
272.753085 
272.736637 
272.720186 
272.703733 
272.687277 
272.670819 
272.654359 
272.637896 
272.621431 
272.604964 
272.588494 
272.572022 
272.555547 
272.539070 
272.522591 
272.506109 
272.489625 
272.473138 
272.456649 
272.440158 
272.423664 
272.407168 
272.390669 
272.374168 
272.357665 
272.341159 
272.324651 
272.308140 
272.291627 
272.275112 
272.258594 
272.242074 
272.225551 
272.209026 
272.192499 
272.175969 
272.159437 
272.142902 
272.126365 
272.109825 
272.093283 
272.076739 
272.060192 
272.043643 
272.027091 
272.010537 
271.993981 
271.977422 
271.960860 
271.944297 
271.927730 
271.911162 
271.894591 
271.878017 
271.861441 
271.844863 
271.828282 
271.811699 
271.795113 
271.778525 
271.761935 
271.745342 
271.728746 
271.712148 
271.695548 
271.678945 
271.662340 
271.645732 
271.629122 
271.612510 
271.595894 
271.579277 
271.562657 
271.546035 
271.529410 
271.512783 
271.496153 
271.479521 
271.462886 
271.446249 
271.429609 
271.412967 
271.396322 
271.379675 
271.363026 
271.346374 
271.329720 
271.313063 
271.296403 
271.279742 
271.263077 
271.246410 
271.229741 
271.213070 
271.196395 
271.179719 
271.163039 
271.146358 
271.129674 
271.112987 
271.096298 
271.079606 
271.062912 
271.046216 
271.029517 
271.012815 
270.996111 
270.979404 
270.962695 
270.945984 
270.929270 
270.912553 
270.895834 
270.879113 
270.862389 
270.845662 
270.828933 
270.812202 
270.795468 
270.778731 
270.761992 
270.745250 
270.728506 
270.711760 
270.695011 
270.678259 
270.661505 
270.644748 
270.627989 
270.611227 
270.594463 
270.577696 
270.560927 
270.544155 
270.527381 
270.510604 
270.493825 
270.477043 
270.460258 
270.443472 
270.426682 
270.409890 
270.393095 
270.376298 
270.359499 
270.342697 
270.325892 
270.309085 
270.292275 
270.275463 
270.258648 
270.241830 
270.225010 
270.208188 
270.191363 
270.174535 
270.157705 
270.140872 
270.124037 
270.107199 
270.090359 
270.073516 
270.056670 
270.039822 
270.022972 
270.006119 
269.989263 
269.972405 
269.955544 
269.938680 
269.921814 
269.904946 
269.888075 
269.871201 
269.854325 
269.837446 
269.820564 
269.803680 
269.786794 
269.769905 
269.753013 
269.736118 
269.719222 
269.702322 
269.685420 
269.668515 
269.651608 
269.634698 
269.617786 
269.600871 
269.583953 
269.567033 
269.550110 
269.533185 
269.516257 
269.499326 
269.482393 
269.465457 
269.448519 
269.431578 
269.414634 
269.397688 
269.380739 
269.363788 
269.346834 
269.329877 
269.312918 
269.295956 
269.278992 
269.262025 
269.245055 
269.228083 
269.211108 
269.194130 
269.177150 
269.160167 
269.143182 
269.126194 
269.109203 
269.092210 
269.075214 
269.058215 
269.041214 
269.024210 
269.007204 
268.990195 
268.973183 
268.956169 
268.939152 
268.922132 
268.905110 
268.888085 
268.871057 
268.854027 
268.836994 
268.819959 
268.802920 
268.785880 
268.768836 
268.751790 
268.734741 
268.717690 
268.700636 
268.683579 
268.666520 
268.649457 
268.632393 
268.615325 
268.598255 
268.581183 
268.564107 
268.547029 
268.529948 
268.512865 
268.495779 
268.478690 
268.461599 
268.444505 
268.427408 
268.410309 
268.393206 
268.376102 
268.358994 
268.341884 
268.324771 
268.307656 
268.290537 
268.273417 
268.256293 
268.239167 
268.222038 
268.204906 
268.187772 
268.170635 
268.153495 
268.136352 
268.119207 
268.102059 
268.084909 
268.067755 
268.050599 
268.033441 
268.016279 
267.999115 
267.981948 
267.964779 
267.947607 
267.930432 
267.913254 
267.896074 
267.878891 
267.861705 
267.844516 
267.827325 
267.810131 
267.792934 
267.775735 
267.758533 
267.741328 
267.724120 
267.706910 
267.689697 
267.672481 
267.655262 
267.638041 
267.620817 
267.603590 
267.586361 
267.569128 
267.551893 
267.534656 
267.517415 
267.500172 
267.482926 
267.465677 
267.448426 
267.431171 
267.413914 
267.396655 
267.379392 
267.362127 
267.344859 
267.327588 
267.310314 
267.293038 
267.275759 
267.258477 
267.241192 
267.223905 
267.206615 
267.189322 
267.172026 
267.154728 
267.137426 
267.120122 
267.102816 
267.085506 
267.068194 
267.050879 
267.033561 
267.016240 
266.998916 
266.981590 
266.964261 
266.946929 
266.929594 
266.912257 
266.894917 
266.877574 
266.860228 
266.842879 
266.825528 
266.808173 
266.790816 
266.773456 
266.756094 
266.738728 
266.721360 
266.703989 
266.686615 
266.669238 
266.651859 
266.634476 
266.617091 
266.599703 
266.582312 
266.564919 
266.547522 
266.530123 
266.512721 
266.495316 
266.477908 
266.460498 
266.443084 
266.425668 
266.408249 
266.390827 
266.373402 
266.355974 
266.338544 
266.321111 
266.303675 
266.286236 
266.268794 
266.251349 
266.233902 
266.216451 
266.198998 
266.181542 
266.164083 
266.146621 
266.129157 
266.111689 
266.094219 
266.076746 
266.059270 
266.041791 
266.024309 
266.006824 
265.989337 
265.971846 
265.954353 
265.936857 
265.919358 
265.901856 
265.884351 
265.866844 
265.849333 
265.831820 
265.814303 
265.796784 
265.779262 
265.761737 
265.744209 
265.726679 
265.709145 
265.691608 
265.674069 
265.656527 
265.638982 
265.621433 
265.603882 
265.586329 
265.568772 
265.551212 
265.533649 
265.516084 
265.498516 
265.480944 
265.463370 
265.445793 
265.428213 
265.410630 
265.393044 
265.375455 
265.357863 
265.340269 
265.322671 
265.305070 
265.287467 
265.269861 
265.252251 
265.234639 
265.217024 
265.199406 
265.181785 
265.164161 
265.146534 
265.128904 
265.111271 
265.093636 
265.075997 
265.058355 
265.040711 
265.023063 
265.005413 
264.987759 
264.970103 
264.952444 
264.934781 
264.917116 
264.899448 
264.881777 
264.864103 
264.846426 
264.828746 
264.811063 
264.793377 
264.775688 
264.757996 
264.740301 
264.722603 
264.704902 
264.687198 
264.669491 
264.651782 
264.634069 
264.616353 
264.598634 
264.580913 
264.563188 
264.545460 
264.527730 
264.509996 
264.492259 
264.474520 
264.456777 
264.439031 
264.421283 
264.403531 
264.385776 
264.368019 
264.350258 
264.332494 
264.314728 
264.296958 
264.279185 
264.261409 
264.243631 
264.225849 
264.208064 
264.190276 
264.172485 
264.154692 
264.136895 
264.119095 
264.101292 
264.083486 
264.065677 
264.047865 
264.030050 
264.012232 
263.994411 
263.976586 
263.958759 
263.940929 
263.923096 
263.905259 
263.887420 
263.869577 
263.851732 
263.833883 
263.816032 
263.798177 
263.780319 
263.762459 
263.744595 
263.726728 
263.708858 
263.690985 
263.673109 
263.655230 
263.637348 
263.619462 
263.601574 
263.583683 
263.565788 
263.547890 
263.529990 
263.512086 
263.494179 
263.476269 
263.458356 
263.440440 
263.422521 
263.404599 
263.386673 
263.368745 
263.350814 
263.332879 
263.314941 
263.297000 
263.279056 
263.261109 
263.243159 
263.225206 
263.207250 
263.189290 
263.171328 
263.153362 
263.135393 
263.117421 
263.099446 
263.081468 
263.063487 
263.045502 
263.027515 
263.009524 
262.991530 
262.973534 
262.955533 
262.937530 
262.919524 
262.901515 
262.883502 
262.865486 
262.847467 
262.829445 
262.811420 
262.793392 
262.775361 
262.757326 
262.739288 
262.721247 
262.703203 
262.685156 
262.667106 
262.649052 
262.630996 
262.612936 
262.594873 
262.576807 
262.558737 
262.540665 
262.522589 
262.504510 
262.486428 
262.468343 
262.450255 
262.432163 
262.414069 
262.395971 
262.377870 
262.359765 
262.341658 
262.323547 
262.305433 
262.287316 
262.269196 
262.251073 
262.232946 
262.214816 
262.196683 
262.178547 
262.160407 
262.142265 
262.124119 
262.105970 
262.087818 
262.069662 
262.051504 
262.033342 
262.015176 
261.997008 
261.978837 
261.960662 
261.942484 
261.924303 
261.906118 
261.887930 
261.869739 
261.851545 
261.833348 
261.815147 
261.796943 
261.778736 
261.760526 
261.742312 
261.724095 
261.705875 
261.687652 
261.669425 
261.651195 
261.632962 
261.614726 
261.596486 
261.578243 
261.559997 
261.541748 
261.523495 
261.505239 
261.486980 
261.468718 
261.450452 
261.432183 
261.413911 
261.395635 
261.377356 
261.359074 
261.340789 
261.322500 
261.304208 
261.285913 
261.267614 
261.249312 
261.231007 
261.212699 
261.194387 
261.176072 
261.157753 
261.139432 
261.121107 
261.102779 
261.084447 
261.066112 
261.047774 
261.029432 
261.011088 
260.992739 
260.974388 
260.956033 
260.937675 
260.919314 
260.900949 
260.882581 
260.864210 
260.845835 
260.827457 
260.809075 
260.790691 
260.772303 
260.753911 
260.735516 
260.717118 
260.698717 
260.680312 
260.661904 
260.643492 
260.625078 
260.606659 
260.588238 
260.569813 
260.551385 
260.532953 
260.514518 
260.496080 
260.477638 
260.459193 
260.440744 
260.422292 
260.403837 
260.385379 
260.366917 
260.348451 
260.329982 
260.311510 
260.293035 
260.274556 
260.256074 
260.237588 
260.219099 
260.200606 
260.182110 
260.163611 
260.145108 
260.126602 
260.108093 
260.089580 
260.071064 
260.052544 
260.034021 
260.015494 
259.996964 
259.978431 
259.959894 
259.941354 
259.922810 
259.904263 
259.885713 
259.867159 
259.848601 
259.830041 
259.811476 
259.792909 
259.774338 
259.755763 
259.737185 
259.718604 
259.700019 
259.681430 
259.662839 
259.644243 
259.625645 
259.607043 
259.588437 
259.569828 
259.551215 
259.532599 
259.513980 
259.495357 
259.476731 
259.458101 
259.439467 
259.420831 
259.402190 
259.383546 
259.364899 
259.346248 
259.327594 
259.308937 
259.290275 
259.271611 
259.252942 
259.234271 
259.215596 
259.196917 
259.178235 
259.159549 
259.140860 
259.122167 
259.103471 
259.084771 
259.066068 
259.047361 
259.028651 
259.009937 
258.991220 
258.972499 
258.953775 
258.935047 
258.916315 
258.897580 
258.878842 
258.860100 
258.841354 
258.822605 
258.803853 
258.785096 
258.766337 
258.747573 
258.728807 
258.710036 
258.691262 
258.672485 
258.653704 
258.634919 
258.616131 
258.597339 
258.578544 
258.559745 
258.540943 
258.522137 
258.503327 
258.484514 
258.465697 
258.446877 
258.428053 
258.409226 
258.390395 
258.371560 
258.352722 
258.333880 
258.315035 
258.296186 
258.277333 
258.258477 
258.239617 
258.220754 
258.201887 
258.183016 
258.164142 
258.145264 
258.126383 
258.107497 
258.088609 
258.069716 
258.050821 
258.031921 
258.013018 
257.994111 
257.975201 
257.956286 
257.937369 
257.918447 
257.899522 
257.880594 
257.861661 
257.842726 
257.823786 
257.804843 
257.785896 
257.766945 
257.747991 
257.729033 
257.710072 
257.691107 
257.672138 
257.653165 
257.634189 
257.615209 
257.596226 
257.577239 
257.558248 
257.539253 
257.520255 
257.501253 
257.482248 
257.463238 
257.444225 
257.425209 
257.406188 
257.387164 
257.368137 
257.349105 
257.330070 
257.311031 
257.291989 
257.272942 
257.253892 
257.234839 
257.215781 
257.196720 
257.177655 
257.158587 
257.139514 
257.120438 
257.101358 
257.082275 
257.063188 
257.044097 
257.025002 
257.005904 
256.986802 
256.967696 
256.948586 
256.929473 
256.910355 
256.891234 
256.872110 
256.852981 
256.833849 
256.814713 
256.795573 
256.776430 
256.757283 
256.738132 
256.718977 
256.699818 
256.680656 
256.661490 
256.642320 
256.623146 
256.603969 
256.584788 
256.565603 
256.546414 
256.527221 
256.508025 
256.488824 
256.469620 
256.450412 
256.431201 
256.411985 
256.392766 
256.373543 
256.354316 
256.335085 
256.315851 
256.296613 
256.277370 
256.258124 
256.238874 
256.219621 
256.200363 
256.181102 
256.161837 
256.142568 
256.123295 
256.104018 
256.084738 
256.065453 
256.046165 
256.026873 
256.007577 
255.988277 
255.968973 
255.949666 
255.930355 
255.911039 
255.891720 
255.872397 
255.853070 
255.833739 
255.814405 
255.795066 
255.775724 
255.756378 
255.737027 
255.717673 
255.698315 
255.678953 
255.659588 
255.640218 
255.620844 
255.601467 
255.582086 
255.562700 
255.543311 
255.523918 
255.504521 
255.485120 
255.465715 
255.446306 
255.426894 
255.407477 
255.388056 
255.368632 
255.349203 
255.329771 
255.310335 
255.290894 
255.271450 
255.252002 
255.232550 
255.213094 
255.193634 
255.174170 
255.154702 
255.135230 
255.115754 
255.096274 
255.076791 
255.057303 
255.037811 
255.018315 
254.998816 
254.979312 
254.959804 
254.940293 
254.920777 
254.901258 
254.881734 
254.862206 
254.842675 
254.823139 
254.803599 
254.784056 
254.764508 
254.744957 
254.725401 
254.705841 
254.686278 
254.666710 
254.647138 
254.627563 
254.607983 
254.588399 
254.568811 
254.549219 
254.529623 
254.510023 
254.490419 
254.470811 
254.451199 
254.431583 
254.411963 
254.392339 
254.372711 
254.353078 
254.333442 
254.313801 
254.294157 
254.274508 
254.254855 
254.235199 
254.215538 
254.195873 
254.176204 
254.156531 
254.136854 
254.117173 
254.097487 
254.077798 
254.058104 
254.038407 
254.018705 
253.998999 
253.979289 
253.959575 
253.939857 
253.920135 
253.900408 
253.880678 
253.860943 
253.841204 
253.821461 
253.801714 
253.781963 
253.762208 
253.742449 
253.722685 
253.702917 
253.683145 
253.663369 
253.643589 
253.623805 
253.604017 
253.584224 
253.564427 
253.544626 
253.524821 
253.505012 
253.485198 
253.465381 
253.445559 
253.425733 
253.405903 
253.386068 
253.366230 
253.346387 
253.326540 
253.306689 
253.286834 
253.266974 
253.247111 
253.227243 
253.207371 
253.187494 
253.167614 
253.147729 
253.127840 
253.107947 
253.088050 
253.068148 
253.048242 
253.028332 
253.008418 
252.988499 
252.968576 
252.948649 
252.928718 
252.908782 
252.888843 
252.868898 
252.848950 
252.828998 
252.809041 
252.789080 
252.769114 
252.749145 
252.729171 
252.709193 
252.689210 
252.669223 
252.649232 
252.629237 
252.609238 
252.589234 
252.569226 
252.549213 
252.529196 
252.509175 
252.489150 
252.469120 
252.449086 
252.429048 
252.409005 
252.388958 
252.368907 
252.348852 
252.328792 
252.308728 
252.288659 
252.268586 
252.248509 
252.228427 
252.208341 
252.188251 
252.168157 
252.148058 
252.127954 
252.107847 
252.087735 
252.067618 
252.047497 
252.027372 
252.007243 
251.987109 
251.966971 
251.946828 
251.926681 
251.906530 
251.886374 
251.866214 
251.846049 
251.825880 
251.805707 
251.785529 
251.765347 
251.745160 
251.724969 
251.704774 
251.684574 
251.664370 
251.644161 
251.623948 
251.603731 
251.583509 
251.563283 
251.543052 
251.522817 
251.502577 
251.482333 
251.462084 
251.441831 
251.421574 
251.401312 
251.381045 
251.360775 
251.340499 
251.320220 
251.299935 
251.279647 
251.259353 
251.239056 
251.218754 
251.198447 
251.178136 
251.157820 
251.137500 
251.117175 
251.096846 
251.076513 
251.056175 
251.035832 
251.015485 
250.995133 
250.974777 
250.954416 
250.934051 
250.913681 
250.893307 
250.872928 
250.852545 
250.832157 
250.811765 
250.791368 
250.770966 
250.750560 
250.730150 
250.709735 
250.689315 
250.668891 
250.648462 
250.628028 
250.607590 
250.587148 
250.566701 
250.546249 
250.525793 
250.505332 
250.484866 
250.464396 
250.443922 
250.423442 
250.402959 
250.382470 
250.361977 
250.341479 
250.320977 
250.300470 
250.279959 
250.259443 
250.238922 
250.218396 
250.197866 
250.177332 
250.156792 
250.136248 
250.115700 
250.095147 
250.074589 
250.054026 
250.033459 
250.012887 
249.992311 
249.971730 
249.951144 
249.930553 
249.909958 
249.889358 
249.868754 
249.848144 
249.827530 
249.806912 
249.786289 
249.765661 
249.745028 
249.724390 
249.703748 
249.683102 
249.662450 
249.641794 
249.621133 
249.600467 
249.579797 
249.559122 
249.538442 
249.517757 
249.497068 
249.476374 
249.455675 
249.434971 
249.414263 
249.393550 
249.372832 
249.352109 
249.331382 
249.310650 
249.289913 
249.269171 
249.248425 
249.227674 
249.206918 
249.186157 
249.165391 
249.144621 
249.123846 
249.103066 
249.082281 
249.061492 
249.040697 
249.019898 
248.999094 
248.978285 
248.957472 
248.936653 
248.915830 
248.895002 
248.874169 
248.853331 
248.832488 
248.811641 
248.790789 
248.769931 
248.749069 
248.728202 
248.707331 
248.686454 
248.665573 
248.644686 
248.623795 
248.602899 
248.581998 
248.561092 
248.540181 
248.519266 
248.498345 
248.477420 
248.456489 
248.435554 
248.414614 
248.393669 
248.372719 
248.351764 
248.330804 
248.309839 
248.288870 
248.267895 
248.246916 
248.225931 
248.204942 
248.183947 
248.162948 
248.141944 
248.120935 
248.099920 
248.078901 
248.057877 
248.036848 
248.015814 
247.994775 
247.973731 
247.952682 
247.931628 
247.910569 
247.889505 
247.868436 
247.847362 
247.826283 
247.805199 
247.784110 
247.763016 
247.741917 
247.720813 
247.699704 
247.678590 
247.657471 
247.636347 
247.615218 
247.594084 
247.572944 
247.551800 
247.530651 
247.509496 
247.488337 
247.467172 
247.446003 
247.424828 
247.403648 
247.382463 
247.361273 
247.340078 
247.318878 
247.297673 
247.276463 
247.255248 
247.234027 
247.212802 
247.191571 
247.170335 
247.149094 
247.127848 
247.106597 
247.085341 
247.064079 
247.042813 
247.021541 
247.000264 
246.978982 
246.957695 
246.936403 
246.915105 
246.893803 
246.872495 
246.851182 
246.829864 
246.808541 
246.787212 
246.765879 
246.744540 
246.723196 
246.701847 
246.680492 
246.659133 
246.637768 
246.616398 
246.595023 
246.573642 
246.552257 
246.530866 
246.509470 
246.488069 
246.466662 
246.445250 
246.423833 
246.402411 
246.380983 
246.359551 
246.338113 
246.316669 
246.295221 
246.273767 
246.252308 
246.230843 
246.209374 
246.187899 
246.166419 
246.144933 
246.123442 
246.101946 
246.080445 
246.058938 
246.037426 
246.015909 
245.994386 
245.972858 
245.951325 
245.929786 
245.908242 
245.886693 
245.865139 
245.843579 
245.822013 
245.800443 
245.778867 
245.757285 
245.735698 
245.714106 
245.692509 
245.670906 
245.649298 
245.627684 
245.606065 
245.584441 
245.562811 
245.541176 
245.519535 
245.497889 
245.476238 
245.454581 
245.432919 
245.411251 
245.389578 
245.367900 
245.346216 
245.324526 
245.302832 
245.281131 
245.259426 
245.237715 
245.215998 
245.194276 
245.172548 
245.150815 
245.129077 
245.107333 
245.085583 
245.063829 
245.042068 
245.020302 
244.998531 
244.976754 
244.954972 
244.933184 
244.911390 
244.889591 
244.867787 
244.845977 
244.824161 
244.802340 
244.780514 
244.758682 
244.736844 
244.715001 
244.693152 
244.671298 
244.649438 
244.627572 
244.605701 
244.583825 
244.561942 
244.540055 
244.518161 
244.496262 
244.474358 
244.452448 
244.430532 
244.408610 
244.386684 
244.364751 
244.342813 
244.320869 
244.298919 
244.276964 
244.255004 
244.233037 
244.211065 
244.189088 
244.167104 
244.145115 
244.123121 
244.101120 
244.079114 
244.057103 
244.035086 
244.013063 
243.991034 
243.968999 
243.946959 
243.924914 
243.902862 
243.880805 
243.858742 
243.836673 
243.814599 
243.792519 
243.770433 
243.748342 
243.726244 
243.704141 
243.682033 
243.659918 
243.637798 
243.615672 
243.593540 
243.571402 
243.549259 
243.527110 
243.504955 
243.482794 
243.460628 
243.438456 
243.416278 
243.394094 
243.371904 
243.349709 
243.327507 
243.305300 
243.283087 
243.260868 
243.238644 
243.216413 
243.194177 
243.171935 
243.149687 
243.127433 
243.105173 
243.082908 
243.060636 
243.038359 
243.016076 
242.993787 
242.971492 
242.949191 
242.926884 
242.904571 
242.882253 
242.859928 
242.837598 
242.815261 
242.792919 
242.770571 
242.748217 
242.725857 
242.703491 
242.681119 
242.658741 
242.636357 
242.613967 
242.591572 
242.569170 
242.546762 
242.524348 
242.501929 
242.479503 
242.457071 
242.434634 
242.412190 
242.389740 
242.367285 
242.344823 
242.322355 
242.299881 
242.277402 
242.254916 
242.232424 
242.209926 
242.187422 
242.164912 
242.142396 
242.119874 
242.097346 
242.074811 
242.052271 
242.029725 
242.007172 
241.984613 
241.962049 
241.939478 
241.916901 
241.894318 
241.871729 
241.849134 
241.826532 
241.803925 
241.781311 
241.758691 
241.736065 
241.713433 
241.690795 
241.668151 
241.645500 
241.622843 
241.600181 
241.577511 
241.554836 
241.532155 
241.509467 
241.486773 
241.464073 
241.441367 
241.418655 
241.395936 
241.373211 
241.350480 
241.327743 
241.304999 
241.282249 
241.259493 
241.236731 
241.213962 
241.191187 
241.168406 
241.145619 
241.122825 
241.100025 
241.077219 
241.054406 
241.031588 
241.008763 
240.985931 
240.963093 
240.940249 
240.917399 
240.894542 
240.871679 
240.848810 
240.825934 
240.803052 
240.780164 
240.757269 
240.734368 
240.711460 
240.688547 
240.665626 
240.642700 
240.619767 
240.596827 
240.573882 
240.550929 
240.527971 
240.505006 
240.482034 
240.459056 
240.436072 
240.413081 
240.390084 
240.367081 
240.344071 
240.321054 
240.298031 
240.275002 
240.251966 
240.228923 
240.205875 
240.182819 
240.159757 
240.136689 
240.113614 
240.090533 
240.067445 
240.044351 
240.021250 
239.998142 
239.975029 
239.951908 
239.928781 
239.905647 
239.882507 
239.859361 
239.836207 
239.813048 
239.789881 
239.766708 
239.743529 
239.720343 
239.697150 
239.673950 
239.650744 
239.627532 
239.604313 
239.581087 
239.557854 
239.534615 
239.511370 
239.488117 
239.464858 
239.441593 
239.418320 
239.395041 
239.371756 
239.348463 
239.325164 
239.301858 
239.278546 
239.255227 
239.231901 
239.208569 
239.185229 
239.161883 
239.138531 
239.115171 
239.091805 
239.068432 
239.045052 
239.021666 
238.998273 
238.974873 
238.951466 
238.928053 
238.904632 
238.881205 
238.857771 
238.834331 
238.810883 
238.787429 
238.763968 
238.740500 
238.717025 
238.693543 
238.670055 
238.646560 
238.623057 
238.599548 
238.576033 
238.552510 
238.528980 
238.505444 
238.481900 
238.458350 
238.434793 
238.411229 
238.387658 
238.364080 
238.340495 
238.316903 
238.293305 
238.269699 
238.246086 
238.222467 
238.198841 
238.175207 
238.151567 
238.127919 
238.104265 
238.080604 
238.056935 
238.033260 
238.009578 
237.985888 
237.962192 
237.938489 
237.914778 
237.891061 
237.867336 
237.843605 
237.819866 
237.796120 
237.772368 
237.748608 
237.724841 
237.701067 
237.677286 
237.653498 
237.629703 
237.605901 
237.582091 
237.558275 
237.534451 
237.510620 
237.486782 
237.462937 
237.439085 
237.415226 
237.391359 
237.367485 
237.343605 
237.319717 
237.295821 
237.271919 
237.248009 
237.224092 
237.200168 
237.176237 
237.152299 
237.128353 
237.104400 
237.080440 
237.056473 
237.032498 
237.008516 
236.984527 
236.960530 
236.936527 
236.912516 
236.888497 
236.864472 
236.840439 
236.816398 
236.792351 
236.768296 
236.744234 
236.720164 
236.696087 
236.672003 
236.647912 
236.623813 
236.599706 
236.575593 
236.551472 
236.527343 
236.503207 
236.479064 
236.454914 
236.430756 
236.406590 
236.382417 
236.358237 
236.334049 
236.309854 
236.285651 
236.261441 
236.237223 
236.212998 
236.188766 
236.164526 
236.140278 
236.116023 
236.091761 
236.067491 
236.043213 
236.018928 
235.994636 
235.970336 
235.946028 
235.921713 
235.897390 
235.873060 
235.848722 
235.824376 
235.800023 
235.775662 
235.751294 
235.726918 
235.702535 
235.678144 
235.653745 
235.629339 
235.604925 
235.580503 
235.556074 
235.531637 
235.507192 
235.482740 
235.458280 
235.433812 
235.409337 
235.384854 
235.360363 
235.335865 
235.311359 
235.286845 
235.262323 
235.237794 
235.213257 
235.188712 
235.164159 
235.139599 
235.115031 
235.090455 
235.065871 
235.041279 
235.016680 
234.992073 
234.967458 
234.942835 
234.918205 
234.893566 
234.868920 
234.844266 
234.819604 
234.794934 
234.770256 
234.745570 
234.720877 
234.696175 
234.671466 
234.646749 
234.622024 
234.597290 
234.572549 
234.547800 
234.523044 
234.498279 
234.473506 
234.448725 
234.423936 
234.399140 
234.374335 
234.349522 
234.324701 
234.299873 
234.275036 
234.250191 
234.225338 
234.200477 
234.175608 
234.150731 
234.125846 
234.100953 
234.076052 
234.051143 
234.026225 
234.001300 
233.976366 
233.951425 
233.926475 
233.901517 
233.876551 
233.851577 
233.826594 
233.801604 
233.776605 
233.751598 
233.726583 
233.701560 
233.676528 
233.651489 
233.626441 
233.601385 
233.576320 
233.551248 
233.526167 
233.501078 
233.475981 
233.450875 
233.425761 
233.400639 
233.375509 
233.350370 
233.325223 
233.300068 
233.274904 
233.249732 
233.224552 
233.199363 
233.174166 
233.148960 
233.123747 
233.098524 
233.073294 
233.048055 
233.022808 
232.997552 
232.972288 
232.947015 
232.921734 
232.896445 
232.871147 
232.845841 
232.820526 
232.795203 
232.769871 
232.744531 
232.719182 
232.693825 
232.668459 
232.643085 
232.617702 
232.592310 
232.566911 
232.541502 
232.516085 
232.490660 
232.465225 
232.439783 
232.414331 
232.388872 
232.363403 
232.337926 
232.312440 
232.286946 
232.261443 
232.235931 
232.210411 
232.184882 
232.159344 
232.133797 
232.108242 
232.082679 
232.057106 
232.031525 
232.005935 
231.980336 
231.954729 
231.929113 
231.903488 
231.877854 
231.852212 
231.826561 
231.800901 
231.775232 
231.749554 
231.723868 
231.698172 
231.672468 
231.646755 
231.621033 
231.595303 
231.569563 
231.543815 
231.518057 
231.492291 
231.466516 
231.440732 
231.414939 
231.389137 
231.363326 
231.337507 
231.311678 
231.285840 
231.259993 
231.234138 
231.208273 
231.182399 
231.156517 
231.130625 
231.104724 
231.078815 
231.052896 
231.026968 
231.001031 
230.975085 
230.949130 
230.923166 
230.897193 
230.871210 
230.845219 
230.819218 
230.793209 
230.767190 
230.741162 
230.715124 
230.689078 
230.663023 
230.636958 
230.610884 
230.584801 
230.558708 
230.532607 
230.506496 
230.480376 
230.454247 
230.428108 
230.401960 
230.375803 
230.349637 
230.323461 
230.297276 
230.271082 
230.244878 
230.218665 
230.192443 
230.166211 
230.139970 
230.113719 
230.087459 
230.061190 
230.034912 
230.008624 
229.982326 
229.956019 
229.929703 
229.903377 
229.877042 
229.850697 
229.824343 
229.797979 
229.771606 
229.745223 
229.718831 
229.692429 
229.666018 
229.639597 
229.613167 
229.586727 
229.560278 
229.533819 
229.507350 
229.480872 
229.454384 
229.427886 
229.401379 
229.374862 
229.348336 
229.321800 
229.295254 
229.268698 
229.242133 
229.215558 
229.188974 
229.162379 
229.135775 
229.109161 
229.082538 
229.055905 
229.029262 
229.002609 
228.975946 
228.949274 
228.922591 
228.895899 
228.869197 
228.842486 
228.815764 
228.789032 
228.762291 
228.735540 
228.708779 
228.682008 
228.655227 
228.628436 
228.601635 
228.574824 
228.548003 
228.521173 
228.494332 
228.467481 
228.440621 
228.413750 
228.386869 
228.359979 
228.333078 
228.306167 
228.279246 
228.252315 
228.225374 
228.198423 
228.171462 
228.144491 
228.117509 
228.090518 
228.063516 
228.036504 
228.009482 
227.982450 
227.955407 
227.928355 
227.901292 
227.874219 
227.847136 
227.820042 
227.792938 
227.765824 
227.738700 
227.711565 
227.684420 
227.657265 
227.630100 
227.602924 
227.575738 
227.548541 
227.521334 
227.494117 
227.466889 
227.439651 
227.412403 
227.385144 
227.357874 
227.330595 
227.303304 
227.276004 
227.248693 
227.221371 
227.194039 
227.166696 
227.139343 
227.111979 
227.084605 
227.057220 
227.029825 
227.002419 
226.975003 
226.947576 
226.920138 
226.892690 
226.865231 
226.837761 
226.810281 
226.782790 
226.755288 
226.727776 
226.700253 
226.672719 
226.645175 
226.617620 
226.590054 
226.562477 
226.534889 
226.507291 
226.479682 
226.452062 
226.424432 
226.396790 
226.369138 
226.341475 
226.313801 
226.286116 
226.258420 
226.230713 
226.202995 
226.175267 
226.147527 
226.119777 
226.092016 
226.064243 
226.036460 
226.008665 
225.980860 
225.953044 
225.925216 
225.897378 
225.869528 
225.841667 
225.813796 
225.785913 
225.758019 
225.730114 
225.702198 
225.674271 
225.646332 
225.618382 
225.590422 
225.562450 
225.534466 
225.506472 
225.478466 
225.450449 
225.422421 
225.394382 
225.366331 
225.338269 
225.310196 
225.282111 
225.254015 
225.225908 
225.197789 
225.169659 
225.141517 
225.113365 
225.085200 
225.057025 
225.028838 
225.000639 
224.972429 
224.944207 
224.915974 
224.887730 
224.859474 
224.831206 
224.802927 
224.774637 
224.746335 
224.718021 
224.689695 
224.661358 
224.633010 
224.604650 
224.576278 
224.547894 
224.519499 
224.491092 
224.462674 
224.434243 
224.405801 
224.377348 
224.348882 
224.320405 
224.291916 
224.263415 
224.234902 
224.206378 
224.177841 
224.149293 
224.120733 
224.092161 
224.063578 
224.034982 
224.006374 
223.977755 
223.949123 
223.920480 
223.891825 
223.863157 
223.834478 
223.805786 
223.777083 
223.748368 
223.719640 
223.690900 
223.662149 
223.633385 
223.604609 
223.575821 
223.547021 
223.518209 
223.489384 
223.460548 
223.431699 
223.402838 
223.373965 
223.345079 
223.316181 
223.287271 
223.258349 
223.229414 
223.200467 
223.171508 
223.142537 
223.113553 
223.084556 
223.055548 
223.026527 
222.997493 
222.968447 
222.939389 
222.910318 
222.881235 
222.852139 
222.823031 
222.793910 
222.764777 
222.735631 
222.706472 
222.677301 
222.648118 
222.618921 
222.589713 
222.560491 
222.531257 
222.502010 
222.472751 
222.443478 
222.414194 
222.384896 
222.355586 
222.326263 
222.296927 
222.267578 
222.238216 
222.208842 
222.179455 
222.150055 
222.120642 
222.091216 
222.061778 
222.032326 
222.002862 
221.973384 
221.943894 
221.914391 
221.884874 
221.855345 
221.825803 
221.796247 
221.766679 
221.737097 
221.707502 
221.677895 
221.648274 
221.618640 
221.588993 
221.559332 
221.529659 
221.499972 
221.470272 
221.440559 
221.410833 
221.381093 
221.351340 
221.321574 
221.291794 
221.262002 
221.232195 
221.202376 
221.172543 
221.142696 
221.112837 
221.082963 
221.053077 
221.023177 
220.993263 
220.963336 
220.933395 
220.903441 
220.873474 
220.843492 
220.813498 
220.783489 
220.753467 
220.723431 
220.693382 
220.663319 
220.633242 
220.603152 
220.573048 
220.542930 
220.512799 
220.482653 
220.452494 
220.422321 
220.392135 
220.361934 
220.331720 
220.301491 
220.271249 
220.240993 
220.210723 
220.180439 
220.150141 
220.119829 
220.089503 
220.059163 
220.028809 
219.998441 
219.968059 
219.937663 
219.907253 
219.876828 
219.846390 
219.815937 
219.785470 
219.754989 
219.724494 
219.693984 
219.663461 
219.632923 
219.602370 
219.571804 
219.541223 
219.510627 
219.480018 
219.449394 
219.418755 
219.388103 
219.357435 
219.326754 
219.296057 
219.265347 
219.234622 
219.203882 
219.173128 
219.142359 
219.111575 
219.080777 
219.049965 
219.019138 
218.988296 
218.957439 
218.926568 
218.895682 
218.864781 
218.833865 
218.802935 
218.771990 
218.741030 
218.710055 
218.679066 
218.648061 
218.617042 
218.586008 
218.554958 
218.523894 
218.492815 
218.461721 
218.430612 
218.399488 
218.368349 
218.337194 
218.306025 
218.274840 
218.243641 
218.212426 
218.181196 
218.149951 
218.118691 
218.087415 
218.056124 
218.024818 
217.993497 
217.962160 
217.930808 
217.899441 
217.868058 
217.836660 
217.805246 
217.773817 
217.742373 
217.710913 
217.679437 
217.647946 
217.616440 
217.584918 
217.553380 
217.521827 
217.490258 
217.458673 
217.427073 
217.395457 
217.363826 
217.332178 
217.300515 
217.268836 
217.237142 
217.205431 
217.173705 
217.141963 
217.110205 
217.078431 
217.046641 
217.014835 
216.983013 
216.951175 
216.919322 
216.887452 
216.855566 
216.823664 
216.791746 
216.759812 
216.727861 
216.695895 
216.663912 
216.631913 
216.599898 
216.567866 
216.535819 
216.503755 
216.471674 
216.439578 
216.407464 
216.375335 
216.343189 
216.311027 
216.278848 
216.246653 
216.214441 
216.182213 
216.149968 
216.117706 
216.085428 
216.053134 
216.020822 
215.988494 
215.956150 
215.923788 
215.891410 
215.859015 
215.826603 
215.794175 
215.761729 
215.729267 
215.696788 
215.664292 
215.631779 
215.599249 
215.566702 
215.534138 
215.501557 
215.468959 
215.436344 
215.403712 
215.371063 
215.338396 
215.305713 
215.273012 
215.240294 
215.207558 
215.174806 
215.142036 
215.109249 
215.076444 
215.043622 
215.010783 
214.977926 
214.945052 
214.912160 
214.879251 
214.846324 
214.813380 
214.780418 
214.747439 
214.714442 
214.681427 
214.648395 
214.615344 
214.582277 
214.549191 
214.516088 
214.482966 
214.449827 
214.416671 
214.383496 
214.350303 
214.317092 
214.283864 
214.250617 
214.217353 
214.184070 
214.150769 
214.117450 
214.084113 
214.050758 
214.017385 
213.983994 
213.950584 
213.917156 
213.883710 
213.850245 
213.816762 
213.783261 
213.749741 
213.716203 
213.682646 
213.649071 
213.615478 
213.581866 
213.548235 
213.514586 
213.480918 
213.447231 
213.413526 
213.379802 
213.346060 
213.312298 
213.278518 
213.244719 
213.210901 
213.177065 
213.143209 
213.109334 
213.075441 
213.041528 
213.007597 
212.973646 
212.939677 
212.905688 
212.871680 
212.837653 
212.803607 
212.769542 
212.735457 
212.701353 
212.667230 
212.633087 
212.598925 
212.564744 
212.530543 
212.496323 
212.462083 
212.427824 
212.393545 
212.359247 
212.324929 
212.290591 
212.256234 
212.221857 
212.187461 
212.153044 
212.118608 
212.084152 
212.049676 
212.015180 
211.980664 
211.946129 
211.911573 
211.876997 
211.842402 
211.807786 
211.773150 
211.738494 
211.703818 
211.669122 
211.634405 
211.599668 
211.564911 
211.530134 
211.495336 
211.460518 
211.425679 
211.390820 
211.355940 
211.321040 
211.286120 
211.251178 
211.216217 
211.181234 
211.146231 
211.111207 
211.076162 
211.041097 
211.006011 
210.970904 
210.935776 
210.900627 
210.865457 
210.830266 
210.795054 
210.759821 
210.724568 
210.689292 
210.653996 
210.618679 
210.583340 
210.547980 
210.512599 
210.477197 
210.441773 
210.406327 
210.370861 
210.335373 
210.299863 
210.264332 
210.228779 
210.193205 
210.157609 
210.121991 
210.086352 
210.050690 
210.015008 
209.979303 
209.943576 
209.907828 
209.872057 
209.836265 
209.800451 
209.764614 
209.728756 
209.692875 
209.656972 
209.621048 
209.585100 
209.549131 
209.513139 
209.477125 
209.441089 
209.405030 
209.368949 
209.332845 
209.296719 
209.260570 
209.224399 
209.188205 
209.151988 
209.115749 
209.079487 
209.043202 
209.006894 
208.970563 
208.934210 
208.897834 
208.861434 
208.825012 
208.788566 
208.752098 
208.715606 
208.679091 
208.642553 
208.605992 
208.569407 
208.532799 
208.496168 
208.459513 
208.422835 
208.386133 
208.349408 
208.312659 
208.275886 
208.239090 
208.202270 
208.165427 
208.128560 
208.091668 
208.054753 
208.017815 
207.980852 
207.943865 
207.906854 
207.869819 
207.832760 
207.795677 
207.758570 
207.721438 
207.684282 
207.647102 
207.609897 
207.572668 
207.535415 
207.498137 
207.460834 
207.423507 
207.386156 
207.348779 
207.311378 
207.273952 
207.236502 
207.199026 
207.161526 
207.124001 
207.086450 
207.048875 
207.011275 
206.973649 
206.935999 
206.898323 
206.860622 
206.822895 
206.785144 
206.747366 
206.709564 
206.671736 
206.633882 
206.596003 
206.558099 
206.520168 
206.482212 
206.444231 
206.406223 
206.368190 
206.330130 
206.292045 
206.253934 
206.215796 
206.177633 
206.139444 
206.101228 
206.062986 
206.024718 
205.986423 
205.948102 
205.909755 
205.871381 
205.832981 
205.794554 
205.756101 
205.717621 
205.679114 
205.640580 
205.602020 
205.563433 
205.524819 
205.486177 
205.447509 
205.408814 
205.370092 
205.331342 
205.292566 
205.253762 
205.214930 
205.176072 
205.137186 
205.098272 
205.059331 
205.020362 
204.981366 
204.942342 
204.903291 
204.864211 
204.825104 
204.785969 
204.746805 
204.707614 
204.668395 
204.629148 
204.589873 
204.550569 
204.511237 
204.471877 
204.432488 
204.393071 
204.353626 
204.314152 
204.274649 
204.235118 
204.195558 
204.155969 
204.116351 
204.076705 
204.037030 
203.997325 
203.957592 
203.917830 
203.878038 
203.838217 
203.798367 
203.758488 
203.718579 
203.678641 
203.638673 
203.598676 
203.558649 
203.518592 
203.478506 
203.438390 
203.398244 
203.358068 
203.317862 
203.277626 
203.237361 
203.197065 
203.156738 
203.116382 
203.075995 
203.035578 
202.995130 
202.954652 
202.914143 
202.873604 
202.833034 
202.792433 
202.751801 
202.711139 
202.670446 
202.629721 
202.588966 
202.548179 
202.507361 
202.466512 
202.425632 
202.384720 
202.343777 
202.302802 
202.261796 
202.220758 
202.179688 
202.138587 
202.097454 
202.056289 
202.015092 
201.973863 
201.932602 
201.891308 
201.849983 
201.808625 
201.767235 
201.725812 
201.684357 
201.642869 
201.601349 
201.559796 
201.518210 
201.476591 
201.434940 
201.393255 
201.351538 
201.309787 
201.268003 
201.226186 
201.184336 
201.142452 
201.100535 
201.058584 
201.016599 
200.974581 
200.932530 
200.890444 
200.848324 
200.806171 
200.763983 
200.721762 
200.679506 
200.637216 
200.594892 
200.552533 
200.510139 
200.467712 
200.425249 
200.382752 
200.340220 
200.297653 
200.255052 
200.212415 
200.169743 
200.127037 
200.084294 
200.041517 
199.998704 
199.955856 
199.912972 
199.870053 
199.827098 
199.784107 
199.741080 
199.698017 
199.654919 
199.611784 
199.568613 
199.525406 
199.482162 
199.438883 
199.395566 
199.352213 
199.308824 
199.265397 
199.221934 
199.178434 
199.134897 
199.091323 
199.047712 
199.004063 
198.960378 
198.916654 
198.872894 
198.829096 
198.785260 
198.741386 
198.697475 
198.653525 
198.609538 
198.565513 
198.521449 
198.477347 
198.433207 
198.389029 
198.344811 
198.300556 
198.256261 
198.211928 
198.167556 
198.123145 
198.078695 
198.034206 
197.989677 
197.945110 
197.900502 
197.855856 
197.811169 
197.766443 
197.721678 
197.676872 
197.632026 
197.587141 
197.542215 
197.497249 
197.452242 
197.407195 
197.362108 
197.316980 
197.271811 
197.226601 
197.181351 
197.136059 
197.090726 
197.045352 
196.999937 
196.954480 
196.908982 
196.863443 
196.817861 
196.772238 
196.726572 
196.680865 
196.635116 
196.589324 
196.543490 
196.497614 
196.451695 
196.405734 
196.359729 
196.313682 
196.267592 
196.221459 
196.175283 
196.129064 
196.082801 
196.036495 
195.990145 
195.943751 
195.897314 
195.850832 
195.804307 
195.757738 
195.711124 
195.664466 
195.617764 
195.571017 
195.524225 
195.477389 
195.430507 
195.383581 
195.336609 
195.289593 
195.242531 
195.195423 
195.148270 
195.101071 
195.053827 
195.006536 
194.959199 
194.911817 
194.864388 
194.816912 
194.769390 
194.721822 
194.674206 
194.626544 
194.578835 
194.531079 
194.483275 
194.435424 
194.387526 
194.339580 
194.291586 
194.243544 
194.195455 
194.147317 
194.099131 
194.050897 
194.002614 
193.954283 
193.905903 
193.857474 
193.808996 
193.760469 
193.711892 
193.663267 
193.614591 
193.565866 
193.517092 
193.468267 
193.419393 
193.370468 
193.321493 
193.272467 
193.223391 
193.174264 
193.125086 
193.075858 
193.026578 
192.977247 
192.927864 
192.878430 
192.828944 
192.779407 
192.729817 
192.680175 
192.630481 
192.580735 
192.530936 
192.481085 
192.431180 
192.381223 
192.331212 
192.281148 
192.231031 
192.180861 
192.130636 
192.080358 
192.030025 
191.979639 
191.929198 
191.878703 
191.828153 
191.777548 
191.726888 
191.676174 
191.625404 
191.574578 
191.523697 
191.472761 
191.421768 
191.370720 
191.319615 
191.268454 
191.217236 
191.165962 
191.114631 
191.063243 
191.011797 
190.960295 
190.908735 
190.857117 
190.805441 
190.753708 
190.701916 
190.650066 
190.598157 
190.546190 
190.494164 
190.442078 
190.389934 
190.337730 
190.285467 
190.233144 
190.180761 
190.128318 
190.075815 
190.023251 
189.970627 
189.917942 
189.865196 
189.812388 
189.759520 
189.706590 
189.653598 
189.600544 
189.547428 
189.494250 
189.441009 
189.387706 
189.334340 
189.280911 
189.227418 
189.173863 
189.120243 
189.066560 
189.012813 
188.959001 
188.905125 
188.851185 
188.797180 
188.743109 
188.688974 
188.634773 
188.580507 
188.526174 
188.471776 
188.417311 
188.362780 
188.308182 
188.253518 
188.198786 
188.143987 
188.089121 
188.034186 
187.979184 
187.924114 
187.868975 
187.813768 
187.758492 
187.703147 
187.647733 
187.592249 
187.536696 
187.481072 
187.425379 
187.369615 
187.313780 
187.257875 
187.201898 
187.145850 
187.089731 
187.033540 
186.977277 
186.920942 
186.864534 
186.808053 
186.751500 
186.694873 
186.638173 
186.581399 
186.524551 
186.467629 
186.410632 
186.353561 
186.296415 
186.239194 
186.181897 
186.124524 
186.067076 
186.009551 
185.951950 
185.894272 
185.836517 
185.778685 
185.720775 
185.662788 
185.604722 
185.546578 
185.488355 
185.430054 
185.371673 
185.313213 
185.254673 
185.196053 
185.137353 
185.078572 
185.019711 
184.960768 
184.901744 
184.842638 
184.783450 
184.724180 
184.664828 
184.605392 
184.545873 
184.486271 
184.426585 
184.366815 
184.306961 
184.247021 
184.186997 
184.126888 
184.066693 
184.006412 
183.946045 
183.885591 
183.825050 
183.764422 
183.703707 
183.642904 
183.582012 
183.521033 
183.459964 
183.398806 
183.337559 
183.276222 
183.214794 
183.153277 
183.091668 
183.029968 
182.968177 
182.906294 
182.844318 
182.782250 
182.720089 
182.657835 
182.595487 
182.533045 
182.470509 
182.407878 
182.345152 
182.282331 
182.219414 
182.156400 
182.093290 
182.030083 
181.966778 
181.903376 
181.839876 
181.776277 
181.712580 
181.648783 
181.584886 
181.520890 
181.456793 
181.392595 
181.328295 
181.263894 
181.199391 
181.134786 
181.070077 
181.005266 
180.940350 
180.875330 
180.810206 
180.744977 
180.679642 
180.614201 
180.548654 
180.483000 
180.417239 
180.351370 
180.285393 
180.219308 
180.153113 
180.086809 
180.020396 
179.953871 
179.887236 
179.820490 
179.753631 
179.686661 
179.619577 
179.552381 
179.485070 
179.417646 
179.350106 
179.282452 
179.214681 
179.146795 
179.078792 
179.010671 
178.942433 
178.874077 
178.805601 
178.737007 
178.668292 
178.599458 
178.530502 
178.461425 
178.392226 
178.322904 
178.253459 
178.183891 
178.114198 
178.044381 
177.974439 
177.904370 
177.834175 
177.763853 
177.693403 
177.622826 
177.552119 
177.481283 
177.410317 
177.339220 
177.267992 
177.196632 
177.125140 
177.053515 
176.981756 
176.909863 
176.837835 
176.765671 
176.693371 
176.620934 
176.548360 
176.475647 
176.402795 
176.329804 
176.256673 
176.183401 
176.109987 
176.036431 
175.962732 
175.888889 
175.814902 
175.740770 
175.666492 
175.592067 
175.517495 
175.442775 
175.367907 
175.292889 
175.217720 
175.142401 
175.066930 
174.991306 
174.915529 
174.839598 
174.763512 
174.687270 
174.610872 
174.534317 
174.457603 
174.380731 
174.303698 
174.226505 
174.149151 
174.071635 
173.993955 
173.916111 
173.838102 
173.759928 
173.681587 
173.603078 
173.524401 
173.445554 
173.366538 
173.287350 
173.207990 
173.128456 
173.048749 
172.968867 
172.888809 
172.808574 
172.728161 
172.647569 
172.566797 
172.485845 
172.404710 
172.323393 
172.241891 
172.160205 
172.078333 
171.996273 
171.914025 
171.831588 
171.748960 
171.666141 
171.583130 
171.499924 
171.416524 
171.332928 
171.249134 
171.165143 
171.080952 
170.996560 
170.911966 
170.827169 
170.742168 
170.656962 
170.571548 
170.485927 
170.400096 
170.314054 
170.227801 
170.141335 
170.054654 
169.967757 
169.880643 
169.793311 
169.705758 
169.617985 
169.529988 
169.441768 
169.353322 
169.264649 
169.175748 
169.086617 
168.997254 
168.907659 
168.817829 
168.727763 
168.637460 
168.546918 
168.456136 
168.365111 
168.273842 
168.182328 
168.090567 
167.998557 
167.906296 
167.813784 
167.721018 
167.627996 
167.534717 
167.441179 
167.347380 
167.253318 
167.158992 
167.064399 
166.969538 
166.874407 
166.779004 
166.683327 
166.587374 
166.491144 
166.394633 
166.297840 
166.200764 
166.103401 
166.005750 
165.907809 
165.809576 
165.711048 
165.612223 
165.513099 
165.413674 
165.313946 
165.213911 
165.113569 
165.012916 
164.911950 
164.810669 
164.709071 
164.607152 
164.504910 
164.402344 
164.299449 
164.196224 
164.092667 
163.988773 
163.884541 
163.779968 
163.675052 
163.569788 
163.464176 
163.358210 
163.251890 
163.145212 
163.038172 
162.930768 
162.822997 
162.714856 
162.606341 
162.497449 
162.388178 
162.278523 
162.168482 
162.058051 
161.947226 
161.836005 
161.724384 
161.612359 
161.499927 
161.387083 
161.273825 
161.160148 
161.046049 
160.931524 
160.816569 
160.701180 
160.585352 
160.469083 
160.352367 
160.235200 
160.117579 
159.999498 
159.880954 
159.761941 
159.642456 
159.522494 
159.402050 
159.281119 
159.159697 
159.037778 
158.915357 
158.792431 
158.668992 
158.545037 
158.420560 
158.295554 
158.170016 
158.043940 
157.917319 
157.790147 
157.662420 
157.534131 
157.405274 
157.275843 
157.145832 
157.015234 
156.884042 
156.752251 
156.619853 
156.486842 
156.353210 
156.218951 
156.084057 
155.948522 
155.812336 
155.675494 
155.537987 
155.399808 
155.260947 
155.121398 
154.981151 
154.840198 
154.698531 
154.556141 
154.413018 
154.269154 
154.124539 
153.979163 
153.833018 
153.686092 
153.538375 
153.389858 
153.240530 
153.090380 
152.939396 
152.787569 
152.634885 
152.481334 
152.326903 
152.171580 
152.015353 
151.858209 
151.700135 
151.541116 
151.381141 
151.220194 
151.058261 
150.895328 
150.731379 
150.566400 
150.400374 
150.233285 
150.065117 
149.895854 
149.725476 
149.553968 
149.381310 
149.207484 
149.032471 
148.856251 
148.678804 
148.500110 
148.320146 
148.138891 
147.956323 
147.772419 
147.587155 
147.400507 
147.212449 
147.022956 
146.832002 
146.639559 
146.445599 
146.250094 
146.053012 
145.854325 
145.654000 
145.452004 
145.248305 
145.042867 
144.835654 
144.626629 
144.415755 
144.202992 
143.988299 
143.771633 
143.552952 
143.332209 
143.109359 
142.884352 
142.657138 
142.427666 
142.195881 
141.961727 
141.725145 
141.486076 
141.244457 
141.000221 
140.753301 
140.503625 
140.251121 
139.995711 
139.737314 
139.475847 
139.211221 
138.943346 
138.672126 
138.397460 
138.119243 
137.837364 
137.551710 
137.262157 
136.968578 
136.670839 
136.368799 
136.062308 
135.751210 
135.435337 
135.114516 
134.788559 
134.457269 
134.120437 
133.777842 
133.429247 
133.074399 
132.713030 
132.344853 
131.969561 
131.586823 
131.196285 
130.797566 
130.390256 
129.973911 
129.548048 
129.112147 
128.665639 
128.207906 
127.738267 
127.255981 
126.760228 
126.250103 
125.724603 
125.182612 
124.622883 
124.044015 
123.444426 
122.822322 
122.175656 
121.502075 
120.798855 
120.062819 
119.290228 
118.476634 
117.616689 
116.703875 
115.730133 
114.685315 
113.556387 
112.326181 
110.971397 
109.459202 
107.741033 
105.740276 
103.324538 
100.230877 
95.791836 
86.846224 
NaN
NaN
NaN
NaN
NaN
NaN
NaN
NaN
NaN
NaN
NaN
NaN
NaN
NaN
NaN
NaN
NaN
NaN
NaN
NaN
NaN
NaN
NaN
NaN
NaN
NaN
NaN
NaN
NaN
NaN
NaN
NaN
NaN
NaN
NaN
NaN
NaN
