-0.011920724 
-0.011622706 
-0.011324687 
-0.011026669 
-0.010728650 
-0.010430632 
-0.010132613 
-0.009834595 
-0.009536577 
-0.009238558 
-0.008940540 
-0.008642521 
-0.008344503 
-0.008046484 
-0.007748466 
-0.007450447 
-0.007152429 
-0.006854410 
-0.006556392 
-0.006258373 
-0.005960355 
-0.005662337 
-0.005364318 
-0.005066300 
-0.004768281 
-0.004470263 
-0.004172244 
-0.003874226 
-0.003576207 
-0.003278189 
-0.002980170 
-0.002682152 
-0.002384133 
-0.002086115 
-0.001788097 
-0.001490078 
-0.001192060 
-0.000894041 
-0.000596023 
-0.000298004 
0.000000014 
0.000298033 
0.000596051 
0.000894070 
0.001192088 
0.001490107 
0.001788125 
0.002086143 
0.002384162 
0.002682180 
0.002980199 
0.003278217 
0.003576236 
0.003874254 
0.004172273 
0.004470291 
0.004768310 
0.005066328 
0.005364347 
0.005662365 
0.005960383 
0.006258402 
0.006556420 
0.006854439 
0.007152457 
0.007450476 
0.007748494 
0.008046513 
0.008344531 
0.008642550 
0.008940568 
0.009238587 
0.009536605 
0.009834623 
0.010132642 
0.010430660 
0.010728679 
0.011026697 
0.011324716 
0.011622734 
0.011920753 
0.012218771 
0.012516790 
0.012814808 
0.013112827 
0.013410845 
0.013708863 
0.014006882 
0.014304900 
0.014602919 
0.014900937 
0.015198956 
0.015496974 
0.015794993 
0.016093011 
0.016391030 
0.016689048 
0.016987066 
0.017285085 
0.017583103 
0.017881122 
0.018179140 
0.018477159 
0.018775177 
0.019073196 
0.019371214 
0.019669233 
0.019967251 
0.020265270 
0.020563288 
0.020861306 
0.021159325 
0.021457343 
0.021755362 
0.022053380 
0.022351399 
0.022649417 
0.022947436 
0.023245454 
0.023543473 
0.023841491 
0.024139510 
0.024437528 
0.024735546 
0.025033565 
0.025331583 
0.025629602 
0.025927620 
0.026225639 
0.026523657 
0.026821676 
0.027119694 
0.027417713 
0.027715731 
0.028013750 
0.028311768 
0.028609786 
0.028907805 
0.029205823 
0.029503842 
0.029801860 
0.030099879 
0.030397897 
0.030695916 
0.030993934 
0.031291953 
0.031589971 
0.031887990 
0.032186008 
0.032484026 
0.032782045 
0.033080063 
0.033378082 
0.033676100 
0.033974119 
0.034272137 
0.034570156 
0.034868174 
0.035166193 
0.035464211 
0.035762230 
0.036060248 
0.036358266 
0.036656285 
0.036954303 
0.037252322 
0.037550340 
0.037848359 
0.038146377 
0.038444396 
0.038742414 
0.039040433 
0.039338451 
0.039636470 
0.039934488 
0.040232506 
0.040530525 
0.040828543 
0.041126562 
0.041424580 
0.041722599 
0.042020617 
0.042318636 
0.042616654 
0.042914673 
0.043212691 
0.043510710 
0.043808728 
0.044106746 
0.044404765 
0.044702783 
0.045000802 
0.045298820 
0.045596839 
0.045894857 
0.046192876 
0.046490894 
0.046788913 
0.047086931 
0.047384950 
0.047682968 
0.047980986 
0.048279005 
0.048577023 
0.048875042 
0.049173060 
0.049471079 
0.049769097 
0.050067116 
0.050365134 
0.050663153 
0.050961171 
0.051259189 
0.051557208 
0.051855226 
0.052153245 
0.052451263 
0.052749282 
0.053047300 
0.053345319 
0.053643337 
0.053941356 
0.054239374 
0.054537393 
0.054835411 
0.055133429 
0.055431448 
0.055729466 
0.056027485 
0.056325503 
0.056623522 
0.056921540 
0.057219559 
0.057517577 
0.057815596 
0.058113614 
0.058411633 
0.058709651 
0.059007669 
0.059305688 
0.059603706 
0.059901725 
0.060199743 
0.060497762 
0.060795780 
0.061093799 
0.061391817 
0.061689836 
0.061987854 
0.062285873 
0.062583891 
0.062881909 
0.063179928 
0.063477946 
0.063775965 
0.064073983 
0.064372002 
0.064670020 
0.064968039 
0.065266057 
0.065564076 
0.065862094 
0.066160113 
0.066458131 
0.066756149 
0.067054168 
0.067352186 
0.067650205 
0.067948223 
0.068246242 
0.068544260 
0.068842279 
0.069140297 
0.069438316 
0.069736334 
0.070034353 
0.070332371 
0.070630389 
0.070928408 
0.071226426 
0.071524445 
0.071822463 
0.072120482 
0.072418500 
0.072716519 
0.073014537 
0.073312556 
0.073610574 
0.073908593 
0.074206611 
0.074504629 
0.074802648 
0.075100666 
0.075398685 
0.075696703 
0.075994722 
0.076292740 
0.076590759 
0.076888777 
0.077186796 
0.077484814 
0.077782833 
0.078080851 
0.078378869 
0.078676888 
0.078974906 
0.079272925 
0.079570943 
0.079868962 
0.080166980 
0.080464999 
0.080763017 
0.081061036 
0.081359054 
0.081657072 
0.081955091 
0.082253109 
0.082551128 
0.082849146 
0.083147165 
0.083445183 
0.083743202 
0.084041220 
0.084339239 
0.084637257 
0.084935276 
0.085233294 
0.085531312 
0.085829331 
0.086127349 
0.086425368 
0.086723386 
0.087021405 
0.087319423 
0.087617442 
0.087915460 
0.088213479 
0.088511497 
0.088809516 
0.089107534 
0.089405552 
0.089703571 
0.090001589 
0.090299608 
0.090597626 
0.090895645 
0.091193663 
0.091491682 
0.091789700 
0.092087719 
0.092385737 
0.092683756 
0.092981774 
0.093279792 
0.093577811 
0.093875829 
0.094173848 
0.094471866 
0.094769885 
0.095067903 
0.095365922 
0.095663940 
0.095961959 
0.096259977 
0.096557996 
0.096856014 
0.097154032 
0.097452051 
0.097750069 
0.098048088 
0.098346106 
0.098644125 
0.098942143 
0.099240162 
0.099538180 
0.099836199 
0.100134217 
0.100432236 
0.100730254 
0.101028272 
0.101326291 
0.101624309 
0.101922328 
0.102220346 
0.102518365 
0.102816383 
0.103114402 
0.103412420 
0.103710439 
0.104008457 
0.104306476 
0.104604494 
0.104902512 
0.105200531 
0.105498549 
0.105796568 
0.106094586 
0.106392605 
0.106690623 
0.106988642 
0.107286660 
0.107584679 
0.107882697 
0.108180716 
0.108478734 
0.108776752 
0.109074771 
0.109372789 
0.109670808 
0.109968826 
0.110266845 
0.110564863 
0.110862882 
0.111160900 
0.111458919 
0.111756937 
0.112054956 
0.112352974 
0.112650992 
0.112949011 
0.113247029 
0.113545048 
0.113843066 
0.114141085 
0.114439103 
0.114737122 
0.115035140 
0.115333159 
0.115631177 
0.115929195 
0.116227214 
0.116525232 
0.116823251 
0.117121269 
0.117419288 
0.117717306 
0.118015325 
0.118313343 
0.118611362 
0.118909380 
0.119207399 
0.119505417 
0.119803435 
0.120101454 
0.120399472 
0.120697491 
0.120995509 
0.121293528 
0.121591546 
0.121889565 
0.122187583 
0.122485602 
0.122783620 
0.123081639 
0.123379657 
0.123677675 
0.123975694 
0.124273712 
0.124571731 
0.124869749 
0.125167768 
0.125465786 
0.125763805 
0.126061823 
0.126359842 
0.126657860 
0.126955879 
0.127253897 
0.127551915 
0.127849934 
0.128147952 
0.128445971 
0.128743989 
0.129042008 
0.129340026 
0.129638045 
0.129936063 
0.130234082 
0.130532100 
0.130830119 
0.131128137 
0.131426155 
0.131724174 
0.132022192 
0.132320211 
0.132618229 
0.132916248 
0.133214266 
0.133512285 
0.133810303 
0.134108322 
0.134406340 
0.134704359 
0.135002377 
0.135300395 
0.135598414 
0.135896432 
0.136194451 
0.136492469 
0.136790488 
0.137088506 
0.137386525 
0.137684543 
0.137982562 
0.138280580 
0.138578599 
0.138876617 
0.139174635 
0.139472654 
0.139770672 
0.140068691 
0.140366709 
0.140664728 
0.140962746 
0.141260765 
0.141558783 
0.141856802 
0.142154820 
0.142452839 
0.142750857 
0.143048875 
0.143346894 
0.143644912 
0.143942931 
0.144240949 
0.144538968 
0.144836986 
0.145135005 
0.145433023 
0.145731042 
0.146029060 
0.146327079 
0.146625097 
0.146923115 
0.147221134 
0.147519152 
0.147817171 
0.148115189 
0.148413208 
0.148711226 
0.149009245 
0.149307263 
0.149605282 
0.149903300 
0.150201318 
0.150499337 
0.150797355 
0.151095374 
0.151393392 
0.151691411 
0.151989429 
0.152287448 
0.152585466 
0.152883485 
0.153181503 
0.153479522 
0.153777540 
0.154075558 
0.154373577 
0.154671595 
0.154969614 
0.155267632 
0.155565651 
0.155863669 
0.156161688 
0.156459706 
0.156757725 
0.157055743 
0.157353762 
0.157651780 
0.157949798 
0.158247817 
0.158545835 
0.158843854 
0.159141872 
0.159439891 
0.159737909 
0.160035928 
0.160333946 
0.160631965 
0.160929983 
0.161228002 
0.161526020 
0.161824038 
0.162122057 
0.162420075 
0.162718094 
0.163016112 
0.163314131 
0.163612149 
0.163910168 
0.164208186 
0.164506205 
0.164804223 
0.165102242 
0.165400260 
0.165698278 
0.165996297 
0.166294315 
0.166592334 
0.166890352 
0.167188371 
0.167486389 
0.167784408 
0.168082426 
0.168380445 
0.168678463 
0.168976482 
0.169274500 
0.169572518 
0.169870537 
0.170168555 
0.170466574 
0.170764592 
0.171062611 
0.171360629 
0.171658648 
0.171956666 
0.172254685 
0.172552703 
0.172850722 
0.173148740 
0.173446758 
0.173744777 
0.174042795 
0.174340814 
0.174638832 
0.174936851 
0.175234869 
0.175532888 
0.175830906 
0.176128925 
0.176426943 
0.176724962 
0.177022980 
0.177320998 
0.177619017 
0.177917035 
0.178215054 
0.178513072 
0.178811091 
0.179109109 
0.179407128 
0.179705146 
0.180003165 
0.180301183 
0.180599202 
0.180897220 
0.181195238 
0.181493257 
0.181791275 
0.182089294 
0.182387312 
0.182685331 
0.182983349 
0.183281368 
0.183579386 
0.183877405 
0.184175423 
0.184473441 
0.184771460 
0.185069478 
0.185367497 
0.185665515 
0.185963534 
0.186261552 
0.186559571 
0.186857589 
0.187155608 
0.187453626 
0.187751645 
0.188049663 
0.188347681 
0.188645700 
0.188943718 
0.189241737 
0.189539755 
0.189837774 
0.190135792 
0.190433811 
0.190731829 
0.191029848 
0.191327866 
0.191625885 
0.191923903 
0.192221921 
0.192519940 
0.192817958 
0.193115977 
0.193413995 
0.193712014 
0.194010032 
0.194308051 
0.194606069 
0.194904088 
0.195202106 
0.195500125 
0.195798143 
0.196096161 
0.196394180 
0.196692198 
0.196990217 
0.197288235 
0.197586254 
0.197884272 
0.198182291 
0.198480309 
0.198778328 
0.199076346 
0.199374365 
0.199672383 
0.199970401 
0.200268420 
0.200566438 
0.200864457 
0.201162475 
0.201460494 
0.201758512 
0.202056531 
0.202354549 
0.202652568 
0.202950586 
0.203248605 
0.203546623 
0.203844641 
0.204142660 
0.204440678 
0.204738697 
0.205036715 
0.205334734 
0.205632752 
0.205930771 
0.206228789 
0.206526808 
0.206824826 
0.207122845 
0.207420863 
0.207718881 
0.208016900 
0.208314918 
0.208612937 
0.208910955 
0.209208974 
0.209506992 
0.209805011 
0.210103029 
0.210401048 
0.210699066 
0.210997085 
0.211295103 
0.211593121 
0.211891140 
0.212189158 
0.212487177 
0.212785195 
0.213083214 
0.213381232 
0.213679251 
0.213977269 
0.214275288 
0.214573306 
0.214871325 
0.215169343 
0.215467361 
0.215765380 
0.216063398 
0.216361417 
0.216659435 
0.216957454 
0.217255472 
0.217553491 
0.217851509 
0.218149528 
0.218447546 
0.218745564 
0.219043583 
0.219341601 
0.219639620 
0.219937638 
0.220235657 
0.220533675 
0.220831694 
0.221129712 
0.221427731 
0.221725749 
0.222023768 
0.222321786 
0.222619804 
0.222917823 
0.223215841 
0.223513860 
0.223811878 
0.224109897 
0.224407915 
0.224705934 
0.225003952 
0.225301971 
0.225599989 
0.225898008 
0.226196026 
0.226494044 
0.226792063 
0.227090081 
0.227388100 
0.227686118 
0.227984137 
0.228282155 
0.228580174 
0.228878192 
0.229176211 
0.229474229 
0.229772248 
0.230070266 
0.230368284 
0.230666303 
0.230964321 
0.231262340 
0.231560358 
0.231858377 
0.232156395 
0.232454414 
0.232752432 
0.233050451 
0.233348469 
0.233646488 
0.233944506 
0.234242524 
0.234540543 
0.234838561 
0.235136580 
0.235434598 
0.235732617 
0.236030635 
0.236328654 
0.236626672 
0.236924691 
0.237222709 
0.237520728 
0.237818746 
0.238116764 
0.238414783 
0.238712801 
0.239010820 
0.239308838 
0.239606857 
0.239904875 
0.240202894 
0.240500912 
0.240798931 
0.241096949 
0.241394968 
0.241692986 
0.241991004 
0.242289023 
0.242587041 
0.242885060 
0.243183078 
0.243481097 
0.243779115 
0.244077134 
0.244375152 
0.244673171 
0.244971189 
0.245269208 
0.245567226 
0.245865244 
0.246163263 
0.246461281 
0.246759300 
0.247057318 
0.247355337 
0.247653355 
0.247951374 
0.248249392 
0.248547411 
0.248845429 
0.249143448 
0.249441466 
0.249739484 
0.250037503 
0.250335521 
0.250633540 
0.250931558 
0.251229577 
0.251527595 
0.251825614 
0.252123632 
0.252421651 
0.252719669 
0.253017687 
0.253315706 
0.253613724 
0.253911743 
0.254209761 
0.254507780 
0.254805798 
0.255103817 
0.255401835 
0.255699854 
0.255997872 
0.256295891 
0.256593909 
0.256891927 
0.257189946 
0.257487964 
0.257785983 
0.258084001 
0.258382020 
0.258680038 
0.258978057 
0.259276075 
0.259574094 
0.259872112 
0.260170131 
0.260468149 
0.260766167 
0.261064186 
0.261362204 
0.261660223 
0.261958241 
0.262256260 
0.262554278 
0.262852297 
0.263150315 
0.263448334 
0.263746352 
0.264044371 
0.264342389 
0.264640407 
0.264938426 
0.265236444 
0.265534463 
0.265832481 
0.266130500 
0.266428518 
0.266726537 
0.267024555 
0.267322574 
0.267620592 
0.267918611 
0.268216629 
0.268514647 
0.268812666 
0.269110684 
0.269408703 
0.269706721 
0.270004740 
0.270302758 
0.270600777 
0.270898795 
0.271196814 
0.271494832 
0.271792851 
0.272090869 
0.272388887 
0.272686906 
0.272984924 
0.273282943 
0.273580961 
0.273878980 
0.274176998 
0.274475017 
0.274773035 
0.275071054 
0.275369072 
0.275667091 
0.275965109 
0.276263127 
0.276561146 
0.276859164 
0.277157183 
0.277455201 
0.277753220 
0.278051238 
0.278349257 
0.278647275 
0.278945294 
0.279243312 
0.279541331 
0.279839349 
0.280137367 
0.280435386 
0.280733404 
0.281031423 
0.281329441 
0.281627460 
0.281925478 
0.282223497 
0.282521515 
0.282819534 
0.283117552 
0.283415571 
0.283713589 
0.284011607 
0.284309626 
0.284607644 
0.284905663 
0.285203681 
0.285501700 
0.285799718 
0.286097737 
0.286395755 
0.286693774 
0.286991792 
0.287289810 
0.287587829 
0.287885847 
0.288183866 
0.288481884 
0.288779903 
0.289077921 
0.289375940 
0.289673958 
0.289971977 
0.290269995 
0.290568014 
0.290866032 
0.291164050 
0.291462069 
0.291760087 
0.292058106 
0.292356124 
0.292654143 
0.292952161 
0.293250180 
0.293548198 
0.293846217 
0.294144235 
0.294442254 
0.294740272 
0.295038290 
0.295336309 
0.295634327 
0.295932346 
0.296230364 
0.296528383 
0.296826401 
0.297124420 
0.297422438 
0.297720457 
0.298018475 
0.298316494 
0.298614512 
0.298912530 
0.299210549 
0.299508567 
0.299806586 
0.300104604 
0.300402623 
0.300700641 
0.300998660 
0.301296678 
0.301594697 
0.301892715 
0.302190734 
0.302488752 
0.302786770 
0.303084789 
0.303382807 
0.303680826 
0.303978844 
0.304276863 
0.304574881 
0.304872900 
0.305170918 
0.305468937 
0.305766955 
0.306064974 
0.306362992 
0.306661010 
0.306959029 
0.307257047 
0.307555066 
0.307853084 
0.308151103 
0.308449121 
0.308747140 
0.309045158 
0.309343177 
0.309641195 
0.309939214 
0.310237232 
0.310535250 
0.310833269 
0.311131287 
0.311429306 
0.311727324 
0.312025343 
0.312323361 
0.312621380 
0.312919398 
0.313217417 
0.313515435 
0.313813454 
0.314111472 
0.314409490 
0.314707509 
0.315005527 
0.315303546 
0.315601564 
0.315899583 
0.316197601 
0.316495620 
0.316793638 
0.317091657 
0.317389675 
0.317687694 
0.317985712 
0.318283730 
0.318581749 
0.318879767 
0.319177786 
0.319475804 
0.319773823 
0.320071841 
0.320369860 
0.320667878 
0.320965897 
0.321263915 
0.321561933 
0.321859952 
0.322157970 
0.322455989 
0.322754007 
0.323052026 
0.323350044 
0.323648063 
0.323946081 
0.324244100 
0.324542118 
0.324840137 
0.325138155 
0.325436173 
0.325734192 
0.326032210 
0.326330229 
0.326628247 
0.326926266 
0.327224284 
0.327522303 
0.327820321 
0.328118340 
0.328416358 
0.328714377 
0.329012395 
0.329310413 
0.329608432 
0.329906450 
0.330204469 
0.330502487 
0.330800506 
0.331098524 
0.331396543 
0.331694561 
0.331992580 
0.332290598 
0.332588617 
0.332886635 
0.333184653 
0.333482672 
0.333780690 
0.334078709 
0.334376727 
0.334674746 
0.334972764 
0.335270783 
0.335568801 
0.335866820 
0.336164838 
0.336462857 
0.336760875 
0.337058893 
0.337356912 
0.337654930 
0.337952949 
0.338250967 
0.338548986 
0.338847004 
0.339145023 
0.339443041 
0.339741060 
0.340039078 
0.340337097 
0.340635115 
0.340933133 
0.341231152 
0.341529170 
0.341827189 
0.342125207 
0.342423226 
0.342721244 
0.343019263 
0.343317281 
0.343615300 
0.343913318 
0.344211337 
0.344509355 
0.344807373 
0.345105392 
0.345403410 
0.345701429 
0.345999447 
0.346297466 
0.346595484 
0.346893503 
0.347191521 
0.347489540 
0.347787558 
0.348085577 
0.348383595 
0.348681613 
0.348979632 
0.349277650 
0.349575669 
0.349873687 
0.350171706 
0.350469724 
0.350767743 
0.351065761 
0.351363780 
0.351661798 
0.351959816 
0.352257835 
0.352555853 
0.352853872 
0.353151890 
0.353449909 
0.353747927 
0.354045946 
0.354343964 
0.354641983 
0.354940001 
0.355238020 
0.355536038 
0.355834056 
0.356132075 
0.356430093 
0.356728112 
0.357026130 
0.357324149 
0.357622167 
0.357920186 
0.358218204 
0.358516223 
0.358814241 
0.359112260 
0.359410278 
0.359708296 
0.360006315 
0.360304333 
0.360602352 
0.360900370 
0.361198389 
0.361496407 
0.361794426 
0.362092444 
0.362390463 
0.362688481 
0.362986500 
0.363284518 
0.363582536 
0.363880555 
0.364178573 
0.364476592 
0.364774610 
0.365072629 
0.365370647 
0.365668666 
0.365966684 
0.366264703 
0.366562721 
0.366860740 
0.367158758 
0.367456776 
0.367754795 
0.368052813 
0.368350832 
0.368648850 
0.368946869 
0.369244887 
0.369542906 
0.369840924 
0.370138943 
0.370436961 
0.370734980 
0.371032998 
0.371331016 
0.371629035 
0.371927053 
0.372225072 
0.372523090 
0.372821109 
0.373119127 
0.373417146 
0.373715164 
0.374013183 
0.374311201 
0.374609220 
0.374907238 
0.375205256 
0.375503275 
0.375801293 
0.376099312 
0.376397330 
0.376695349 
0.376993367 
0.377291386 
0.377589404 
0.377887423 
0.378185441 
0.378483460 
0.378781478 
0.379079496 
0.379377515 
0.379675533 
0.379973552 
0.380271570 
0.380569589 
0.380867607 
0.381165626 
0.381463644 
0.381761663 
0.382059681 
0.382357700 
0.382655718 
0.382953736 
0.383251755 
0.383549773 
0.383847792 
0.384145810 
0.384443829 
0.384741847 
0.385039866 
0.385337884 
0.385635903 
0.385933921 
0.386231939 
0.386529958 
0.386827976 
0.387125995 
0.387424013 
0.387722032 
0.388020050 
0.388318069 
0.388616087 
0.388914106 
0.389212124 
0.389510143 
0.389808161 
0.390106179 
0.390404198 
0.390702216 
0.391000235 
0.391298253 
0.391596272 
0.391894290 
0.392192309 
0.392490327 
0.392788346 
0.393086364 
0.393384383 
0.393682401 
0.393980419 
0.394278438 
0.394576456 
0.394874475 
0.395172493 
0.395470512 
0.395768530 
0.396066549 
0.396364567 
0.396662586 
0.396960604 
0.397258623 
0.397556641 
0.397854659 
0.398152678 
0.398450696 
0.398748715 
0.399046733 
0.399344752 
0.399642770 
0.399940789 
0.400238807 
0.400536826 
0.400834844 
0.401132863 
0.401430881 
0.401728899 
0.402026918 
0.402324936 
0.402622955 
0.402920973 
0.403218992 
0.403517010 
0.403815029 
0.404113047 
0.404411066 
0.404709084 
0.405007103 
0.405305121 
0.405603139 
0.405901158 
0.406199176 
0.406497195 
0.406795213 
0.407093232 
0.407391250 
0.407689269 
0.407987287 
0.408285306 
0.408583324 
0.408881343 
0.409179361 
0.409477379 
0.409775398 
0.410073416 
0.410371435 
0.410669453 
0.410967472 
0.411265490 
0.411563509 
0.411861527 
0.412159546 
0.412457564 
0.412755583 
0.413053601 
0.413351619 
0.413649638 
0.413947656 
0.414245675 
0.414543693 
0.414841712 
0.415139730 
0.415437749 
0.415735767 
0.416033786 
0.416331804 
0.416629823 
0.416927841 
0.417225859 
0.417523878 
0.417821896 
0.418119915 
0.418417933 
0.418715952 
0.419013970 
0.419311989 
0.419610007 
0.419908026 
0.420206044 
0.420504062 
0.420802081 
0.421100099 
0.421398118 
0.421696136 
0.421994155 
0.422292173 
0.422590192 
0.422888210 
0.423186229 
0.423484247 
0.423782266 
0.424080284 
0.424378302 
0.424676321 
0.424974339 
0.425272358 
0.425570376 
0.425868395 
0.426166413 
0.426464432 
0.426762450 
0.427060469 
0.427358487 
0.427656506 
0.427954524 
0.428252542 
0.428550561 
0.428848579 
0.429146598 
0.429444616 
0.429742635 
0.430040653 
0.430338672 
0.430636690 
0.430934709 
0.431232727 
0.431530746 
0.431828764 
0.432126782 
0.432424801 
0.432722819 
0.433020838 
0.433318856 
0.433616875 
0.433914893 
0.434212912 
0.434510930 
0.434808949 
0.435106967 
0.435404986 
0.435703004 
0.436001022 
0.436299041 
0.436597059 
0.436895078 
0.437193096 
0.437491115 
0.437789133 
0.438087152 
0.438385170 
0.438683189 
0.438981207 
0.439279226 
0.439577244 
0.439875262 
0.440173281 
0.440471299 
0.440769318 
0.441067336 
0.441365355 
0.441663373 
0.441961392 
0.442259410 
0.442557429 
0.442855447 
0.443153466 
0.443451484 
0.443749502 
0.444047521 
0.444345539 
0.444643558 
0.444941576 
0.445239595 
0.445537613 
0.445835632 
0.446133650 
0.446431669 
0.446729687 
0.447027706 
0.447325724 
0.447623742 
0.447921761 
0.448219779 
0.448517798 
0.448815816 
0.449113835 
0.449411853 
0.449709872 
0.450007890 
0.450305909 
0.450603927 
0.450901946 
0.451199964 
0.451497982 
0.451796001 
0.452094019 
0.452392038 
0.452690056 
0.452988075 
0.453286093 
0.453584112 
0.453882130 
0.454180149 
0.454478167 
0.454776185 
0.455074204 
0.455372222 
0.455670241 
0.455968259 
0.456266278 
0.456564296 
0.456862315 
0.457160333 
0.457458352 
0.457756370 
0.458054389 
0.458352407 
0.458650425 
0.458948444 
0.459246462 
0.459544481 
0.459842499 
0.460140518 
0.460438536 
0.460736555 
0.461034573 
0.461332592 
0.461630610 
0.461928629 
0.462226647 
0.462524665 
0.462822684 
0.463120702 
0.463418721 
0.463716739 
0.464014758 
0.464312776 
0.464610795 
0.464908813 
0.465206832 
0.465504850 
0.465802869 
0.466100887 
0.466398905 
0.466696924 
0.466994942 
0.467292961 
0.467590979 
0.467888998 
0.468187016 
0.468485035 
0.468783053 
0.469081072 
0.469379090 
0.469677109 
0.469975127 
0.470273145 
0.470571164 
0.470869182 
0.471167201 
0.471465219 
0.471763238 
0.472061256 
0.472359275 
0.472657293 
0.472955312 
0.473253330 
0.473551349 
0.473849367 
0.474147385 
0.474445404 
0.474743422 
0.475041441 
0.475339459 
0.475637478 
0.475935496 
0.476233515 
0.476531533 
0.476829552 
0.477127570 
0.477425589 
0.477723607 
0.478021625 
0.478319644 
0.478617662 
0.478915681 
0.479213699 
0.479511718 
0.479809736 
0.480107755 
0.480405773 
0.480703792 
0.481001810 
0.481299829 
0.481597847 
0.481895865 
0.482193884 
0.482491902 
0.482789921 
0.483087939 
0.483385958 
0.483683976 
0.483981995 
0.484280013 
0.484578032 
0.484876050 
0.485174069 
0.485472087 
0.485770105 
0.486068124 
0.486366142 
0.486664161 
0.486962179 
0.487260198 
0.487558216 
0.487856235 
0.488154253 
0.488452272 
0.488750290 
0.489048308 
0.489346327 
0.489644345 
0.489942364 
0.490240382 
0.490538401 
0.490836419 
0.491134438 
0.491432456 
0.491730475 
0.492028493 
0.492326512 
0.492624530 
0.492922548 
0.493220567 
0.493518585 
0.493816604 
0.494114622 
0.494412641 
0.494710659 
0.495008678 
0.495306696 
0.495604715 
0.495902733 
0.496200752 
0.496498770 
0.496796788 
0.497094807 
0.497392825 
0.497690844 
0.497988862 
0.498286881 
0.498584899 
0.498882918 
0.499180936 
0.499478955 
0.499776973 
0.500074992 
0.500373010 
0.500671028 
0.500969047 
0.501267065 
0.501565084 
0.501863102 
0.502161121 
0.502459139 
0.502757158 
0.503055176 
0.503353195 
0.503651213 
0.503949232 
0.504247250 
0.504545268 
0.504843287 
0.505141305 
0.505439324 
0.505737342 
0.506035361 
0.506333379 
0.506631398 
0.506929416 
0.507227435 
0.507525453 
0.507823472 
0.508121490 
0.508419508 
0.508717527 
0.509015545 
0.509313564 
0.509611582 
0.509909601 
0.510207619 
0.510505638 
0.510803656 
0.511101675 
0.511399693 
0.511697712 
0.511995730 
0.512293748 
0.512591767 
0.512889785 
0.513187804 
0.513485822 
0.513783841 
0.514081859 
0.514379878 
0.514677896 
0.514975915 
0.515273933 
0.515571952 
0.515869970 
0.516167988 
0.516466007 
0.516764025 
0.517062044 
0.517360062 
0.517658081 
0.517956099 
0.518254118 
0.518552136 
0.518850155 
0.519148173 
0.519446192 
0.519744210 
0.520042228 
0.520340247 
0.520638265 
0.520936284 
0.521234302 
0.521532321 
0.521830339 
0.522128358 
0.522426376 
0.522724395 
0.523022413 
0.523320431 
0.523618450 
0.523916468 
0.524214487 
0.524512505 
0.524810524 
0.525108542 
0.525406561 
0.525704579 
0.526002598 
0.526300616 
0.526598635 
0.526896653 
0.527194671 
0.527492690 
0.527790708 
0.528088727 
0.528386745 
0.528684764 
0.528982782 
0.529280801 
0.529578819 
0.529876838 
0.530174856 
0.530472875 
0.530770893 
0.531068911 
0.531366930 
0.531664948 
0.531962967 
0.532260985 
0.532559004 
0.532857022 
0.533155041 
0.533453059 
0.533751078 
0.534049096 
0.534347115 
0.534645133 
0.534943151 
0.535241170 
0.535539188 
0.535837207 
0.536135225 
0.536433244 
0.536731262 
0.537029281 
0.537327299 
0.537625318 
0.537923336 
0.538221355 
0.538519373 
0.538817391 
0.539115410 
0.539413428 
0.539711447 
0.540009465 
0.540307484 
0.540605502 
0.540903521 
0.541201539 
0.541499558 
0.541797576 
0.542095595 
0.542393613 
0.542691631 
0.542989650 
0.543287668 
0.543585687 
0.543883705 
0.544181724 
0.544479742 
0.544777761 
0.545075779 
0.545373798 
0.545671816 
0.545969835 
0.546267853 
0.546565871 
0.546863890 
0.547161908 
0.547459927 
0.547757945 
0.548055964 
0.548353982 
0.548652001 
0.548950019 
0.549248038 
0.549546056 
0.549844075 
0.550142093 
0.550440111 
0.550738130 
0.551036148 
0.551334167 
0.551632185 
0.551930204 
0.552228222 
0.552526241 
0.552824259 
0.553122278 
0.553420296 
0.553718315 
0.554016333 
0.554314351 
0.554612370 
0.554910388 
0.555208407 
0.555506425 
0.555804444 
0.556102462 
0.556400481 
0.556698499 
0.556996518 
0.557294536 
0.557592554 
0.557890573 
0.558188591 
0.558486610 
0.558784628 
0.559082647 
0.559380665 
0.559678684 
0.559976702 
0.560274721 
0.560572739 
0.560870758 
0.561168776 
0.561466794 
0.561764813 
0.562062831 
0.562360850 
0.562658868 
0.562956887 
0.563254905 
0.563552924 
0.563850942 
0.564148961 
0.564446979 
0.564744998 
0.565043016 
0.565341034 
0.565639053 
0.565937071 
0.566235090 
0.566533108 
0.566831127 
0.567129145 
0.567427164 
0.567725182 
0.568023201 
0.568321219 
0.568619238 
0.568917256 
0.569215274 
0.569513293 
0.569811311 
0.570109330 
0.570407348 
0.570705367 
0.571003385 
0.571301404 
0.571599422 
0.571897441 
0.572195459 
0.572493478 
0.572791496 
0.573089514 
0.573387533 
0.573685551 
0.573983570 
0.574281588 
0.574579607 
0.574877625 
0.575175644 
0.575473662 
0.575771681 
0.576069699 
0.576367718 
0.576665736 
0.576963754 
0.577261773 
0.577559791 
0.577857810 
0.578155828 
0.578453847 
0.578751865 
0.579049884 
0.579347902 
0.579645921 
0.579943939 
0.580241958 
0.580539976 
0.580837994 
0.581136013 
0.581434031 
0.581732050 
0.582030068 
0.582328087 
0.582626105 
0.582924124 
0.583222142 
0.583520161 
0.583818179 
0.584116198 
0.584414216 
0.584712234 
0.585010253 
0.585308271 
0.585606290 
0.585904308 
0.586202327 
0.586500345 
0.586798364 
0.587096382 
0.587394401 
0.587692419 
0.587990437 
0.588288456 
0.588586474 
0.588884493 
0.589182511 
0.589480530 
0.589778548 
0.590076567 
0.590374585 
0.590672604 
0.590970622 
0.591268641 
0.591566659 
0.591864677 
0.592162696 
0.592460714 
0.592758733 
0.593056751 
0.593354770 
0.593652788 
0.593950807 
0.594248825 
0.594546844 
0.594844862 
0.595142881 
0.595440899 
0.595738917 
0.596036936 
0.596334954 
0.596632973 
0.596930991 
0.597229010 
0.597527028 
0.597825047 
0.598123065 
0.598421084 
0.598719102 
0.599017121 
0.599315139 
0.599613157 
0.599911176 
0.600209194 
0.600507213 
0.600805231 
0.601103250 
0.601401268 
0.601699287 
0.601997305 
0.602295324 
0.602593342 
0.602891361 
0.603189379 
0.603487397 
0.603785416 
0.604083434 
0.604381453 
0.604679471 
0.604977490 
0.605275508 
0.605573527 
0.605871545 
0.606169564 
0.606467582 
0.606765601 
0.607063619 
0.607361637 
0.607659656 
0.607957674 
0.608255693 
0.608553711 
0.608851730 
0.609149748 
0.609447767 
0.609745785 
0.610043804 
0.610341822 
0.610639841 
0.610937859 
0.611235877 
0.611533896 
0.611831914 
0.612129933 
0.612427951 
0.612725970 
0.613023988 
0.613322007 
0.613620025 
0.613918044 
0.614216062 
0.614514081 
0.614812099 
0.615110117 
0.615408136 
0.615706154 
0.616004173 
0.616302191 
0.616600210 
0.616898228 
0.617196247 
0.617494265 
0.617792284 
0.618090302 
0.618388321 
0.618686339 
0.618984357 
0.619282376 
0.619580394 
0.619878413 
0.620176431 
0.620474450 
0.620772468 
0.621070487 
0.621368505 
0.621666524 
0.621964542 
0.622262560 
0.622560579 
0.622858597 
0.623156616 
0.623454634 
0.623752653 
0.624050671 
0.624348690 
0.624646708 
0.624944727 
0.625242745 
0.625540764 
0.625838782 
0.626136800 
0.626434819 
0.626732837 
0.627030856 
0.627328874 
0.627626893 
0.627924911 
0.628222930 
0.628520948 
0.628818967 
0.629116985 
0.629415004 
0.629713022 
0.630011040 
0.630309059 
0.630607077 
0.630905096 
0.631203114 
0.631501133 
0.631799151 
0.632097170 
0.632395188 
0.632693207 
0.632991225 
0.633289244 
0.633587262 
0.633885280 
0.634183299 
0.634481317 
0.634779336 
0.635077354 
0.635375373 
0.635673391 
0.635971410 
0.636269428 
0.636567447 
0.636865465 
0.637163484 
0.637461502 
0.637759520 
0.638057539 
0.638355557 
0.638653576 
0.638951594 
0.639249613 
0.639547631 
0.639845650 
0.640143668 
0.640441687 
0.640739705 
0.641037724 
0.641335742 
0.641633760 
0.641931779 
0.642229797 
0.642527816 
0.642825834 
0.643123853 
0.643421871 
0.643719890 
0.644017908 
0.644315927 
0.644613945 
0.644911964 
0.645209982 
0.645508000 
0.645806019 
0.646104037 
0.646402056 
0.646700074 
0.646998093 
0.647296111 
0.647594130 
0.647892148 
0.648190167 
0.648488185 
0.648786204 
0.649084222 
0.649382240 
0.649680259 
0.649978277 
0.650276296 
0.650574314 
0.650872333 
0.651170351 
0.651468370 
0.651766388 
0.652064407 
0.652362425 
0.652660444 
0.652958462 
0.653256480 
0.653554499 
0.653852517 
0.654150536 
0.654448554 
0.654746573 
0.655044591 
0.655342610 
0.655640628 
0.655938647 
0.656236665 
0.656534683 
0.656832702 
0.657130720 
0.657428739 
0.657726757 
0.658024776 
0.658322794 
0.658620813 
0.658918831 
0.659216850 
0.659514868 
0.659812887 
0.660110905 
0.660408923 
0.660706942 
0.661004960 
0.661302979 
0.661600997 
0.661899016 
0.662197034 
0.662495053 
0.662793071 
0.663091090 
0.663389108 
0.663687127 
0.663985145 
0.664283163 
0.664581182 
0.664879200 
0.665177219 
0.665475237 
0.665773256 
0.666071274 
0.666369293 
0.666667311 
0.666965330 
0.667263348 
0.667561367 
0.667859385 
0.668157403 
0.668455422 
0.668753440 
0.669051459 
0.669349477 
0.669647496 
0.669945514 
0.670243533 
0.670541551 
0.670839570 
0.671137588 
0.671435607 
0.671733625 
0.672031643 
0.672329662 
0.672627680 
0.672925699 
0.673223717 
0.673521736 
0.673819754 
0.674117773 
0.674415791 
0.674713810 
0.675011828 
0.675309847 
0.675607865 
0.675905883 
0.676203902 
0.676501920 
0.676799939 
0.677097957 
0.677395976 
0.677693994 
0.677992013 
0.678290031 
0.678588050 
0.678886068 
0.679184087 
0.679482105 
0.679780123 
0.680078142 
0.680376160 
0.680674179 
0.680972197 
0.681270216 
0.681568234 
0.681866253 
0.682164271 
0.682462290 
0.682760308 
0.683058327 
0.683356345 
0.683654363 
0.683952382 
0.684250400 
0.684548419 
0.684846437 
0.685144456 
0.685442474 
0.685740493 
0.686038511 
0.686336530 
0.686634548 
0.686932567 
0.687230585 
0.687528603 
0.687826622 
0.688124640 
0.688422659 
0.688720677 
0.689018696 
0.689316714 
0.689614733 
0.689912751 
0.690210770 
0.690508788 
0.690806806 
0.691104825 
0.691402843 
0.691700862 
0.691998880 
0.692296899 
0.692594917 
0.692892936 
0.693190954 
0.693488973 
0.693786991 
0.694085010 
0.694383028 
0.694681046 
0.694979065 
0.695277083 
0.695575102 
0.695873120 
0.696171139 
0.696469157 
0.696767176 
0.697065194 
0.697363213 
0.697661231 
0.697959250 
0.698257268 
0.698555286 
0.698853305 
0.699151323 
0.699449342 
0.699747360 
0.700045379 
0.700343397 
0.700641416 
0.700939434 
0.701237453 
0.701535471 
0.701833490 
0.702131508 
0.702429526 
0.702727545 
0.703025563 
0.703323582 
0.703621600 
0.703919619 
0.704217637 
0.704515656 
0.704813674 
0.705111693 
0.705409711 
0.705707730 
0.706005748 
0.706303766 
0.706601785 
0.706899803 
0.707197822 
0.707495840 
0.707793859 
0.708091877 
0.708389896 
0.708687914 
0.708985933 
0.709283951 
0.709581970 
0.709879988 
0.710178006 
0.710476025 
0.710774043 
0.711072062 
0.711370080 
0.711668099 
0.711966117 
0.712264136 
0.712562154 
0.712860173 
0.713158191 
0.713456210 
0.713754228 
0.714052246 
0.714350265 
0.714648283 
0.714946302 
0.715244320 
0.715542339 
0.715840357 
0.716138376 
0.716436394 
0.716734413 
0.717032431 
0.717330450 
0.717628468 
0.717926486 
0.718224505 
0.718522523 
0.718820542 
0.719118560 
0.719416579 
0.719714597 
0.720012616 
0.720310634 
0.720608653 
0.720906671 
0.721204690 
0.721502708 
0.721800726 
0.722098745 
0.722396763 
0.722694782 
0.722992800 
0.723290819 
0.723588837 
0.723886856 
0.724184874 
0.724482893 
0.724780911 
0.725078929 
0.725376948 
0.725674966 
0.725972985 
0.726271003 
0.726569022 
0.726867040 
0.727165059 
0.727463077 
0.727761096 
0.728059114 
0.728357133 
0.728655151 
0.728953169 
0.729251188 
0.729549206 
0.729847225 
0.730145243 
0.730443262 
0.730741280 
0.731039299 
0.731337317 
0.731635336 
0.731933354 
0.732231373 
0.732529391 
0.732827409 
0.733125428 
0.733423446 
0.733721465 
0.734019483 
0.734317502 
0.734615520 
0.734913539 
0.735211557 
0.735509576 
0.735807594 
0.736105613 
0.736403631 
0.736701649 
0.736999668 
0.737297686 
0.737595705 
0.737893723 
0.738191742 
0.738489760 
0.738787779 
0.739085797 
0.739383816 
0.739681834 
0.739979853 
0.740277871 
0.740575889 
0.740873908 
0.741171926 
0.741469945 
0.741767963 
0.742065982 
0.742364000 
0.742662019 
0.742960037 
0.743258056 
0.743556074 
0.743854093 
0.744152111 
0.744450129 
0.744748148 
0.745046166 
0.745344185 
0.745642203 
0.745940222 
0.746238240 
0.746536259 
0.746834277 
0.747132296 
0.747430314 
0.747728333 
0.748026351 
0.748324369 
0.748622388 
0.748920406 
0.749218425 
0.749516443 
0.749814462 
0.750112480 
0.750410499 
0.750708517 
0.751006536 
0.751304554 
0.751602573 
0.751900591 
0.752198609 
0.752496628 
0.752794646 
0.753092665 
0.753390683 
0.753688702 
0.753986720 
0.754284739 
0.754582757 
0.754880776 
0.755178794 
0.755476813 
0.755774831 
0.756072849 
0.756370868 
0.756668886 
0.756966905 
0.757264923 
0.757562942 
0.757860960 
0.758158979 
0.758456997 
0.758755016 
0.759053034 
0.759351052 
0.759649071 
0.759947089 
0.760245108 
0.760543126 
0.760841145 
0.761139163 
0.761437182 
0.761735200 
0.762033219 
0.762331237 
0.762629256 
0.762927274 
0.763225292 
0.763523311 
0.763821329 
0.764119348 
0.764417366 
0.764715385 
0.765013403 
0.765311422 
0.765609440 
0.765907459 
0.766205477 
0.766503496 
0.766801514 
0.767099532 
0.767397551 
0.767695569 
0.767993588 
0.768291606 
0.768589625 
0.768887643 
0.769185662 
0.769483680 
0.769781699 
0.770079717 
0.770377736 
0.770675754 
0.770973772 
0.771271791 
0.771569809 
0.771867828 
0.772165846 
0.772463865 
0.772761883 
0.773059902 
0.773357920 
0.773655939 
0.773953957 
0.774251976 
0.774549994 
0.774848012 
0.775146031 
0.775444049 
0.775742068 
0.776040086 
0.776338105 
0.776636123 
0.776934142 
0.777232160 
0.777530179 
0.777828197 
0.778126216 
0.778424234 
0.778722252 
0.779020271 
0.779318289 
0.779616308 
0.779914326 
0.780212345 
0.780510363 
0.780808382 
0.781106400 
0.781404419 
0.781702437 
0.782000456 
0.782298474 
0.782596492 
0.782894511 
0.783192529 
0.783490548 
0.783788566 
0.784086585 
0.784384603 
0.784682622 
0.784980640 
0.785278659 
0.785576677 
0.785874696 
0.786172714 
0.786470732 
0.786768751 
0.787066769 
0.787364788 
0.787662806 
0.787960825 
0.788258843 
0.788556862 
0.788854880 
0.789152899 
0.789450917 
0.789748936 
0.790046954 
0.790344972 
0.790642991 
0.790941009 
0.791239028 
0.791537046 
0.791835065 
0.792133083 
0.792431102 
0.792729120 
0.793027139 
0.793325157 
0.793623175 
0.793921194 
0.794219212 
0.794517231 
0.794815249 
0.795113268 
0.795411286 
0.795709305 
0.796007323 
0.796305342 
0.796603360 
0.796901379 
0.797199397 
0.797497415 
0.797795434 
0.798093452 
0.798391471 
0.798689489 
0.798987508 
0.799285526 
0.799583545 
0.799881563 
0.800179582 
0.800477600 
0.800775619 
0.801073637 
0.801371655 
0.801669674 
0.801967692 
0.802265711 
0.802563729 
0.802861748 
0.803159766 
0.803457785 
0.803755803 
0.804053822 
0.804351840 
0.804649859 
0.804947877 
0.805245895 
0.805543914 
0.805841932 
0.806139951 
0.806437969 
0.806735988 
0.807034006 
0.807332025 
0.807630043 
0.807928062 
0.808226080 
0.808524099 
0.808822117 
0.809120135 
0.809418154 
0.809716172 
0.810014191 
0.810312209 
0.810610228 
0.810908246 
0.811206265 
0.811504283 
0.811802302 
0.812100320 
0.812398339 
0.812696357 
0.812994375 
0.813292394 
0.813590412 
0.813888431 
0.814186449 
0.814484468 
0.814782486 
0.815080505 
0.815378523 
0.815676542 
0.815974560 
0.816272579 
0.816570597 
0.816868615 
0.817166634 
0.817464652 
0.817762671 
0.818060689 
0.818358708 
0.818656726 
0.818954745 
0.819252763 
0.819550782 
0.819848800 
0.820146819 
0.820444837 
0.820742855 
0.821040874 
0.821338892 
0.821636911 
0.821934929 
0.822232948 
0.822530966 
0.822828985 
0.823127003 
0.823425022 
0.823723040 
0.824021059 
0.824319077 
0.824617095 
0.824915114 
0.825213132 
0.825511151 
0.825809169 
0.826107188 
0.826405206 
0.826703225 
0.827001243 
0.827299262 
0.827597280 
0.827895298 
0.828193317 
0.828491335 
0.828789354 
0.829087372 
0.829385391 
0.829683409 
0.829981428 
0.830279446 
0.830577465 
0.830875483 
0.831173502 
0.831471520 
0.831769538 
0.832067557 
0.832365575 
0.832663594 
0.832961612 
0.833259631 
0.833557649 
0.833855668 
0.834153686 
0.834451705 
0.834749723 
0.835047742 
0.835345760 
0.835643778 
0.835941797 
0.836239815 
0.836537834 
0.836835852 
0.837133871 
0.837431889 
0.837729908 
0.838027926 
0.838325945 
0.838623963 
0.838921982 
0.839220000 
0.839518018 
0.839816037 
0.840114055 
0.840412074 
0.840710092 
0.841008111 
0.841306129 
0.841604148 
0.841902166 
0.842200185 
0.842498203 
0.842796222 
0.843094240 
0.843392258 
0.843690277 
0.843988295 
0.844286314 
0.844584332 
0.844882351 
0.845180369 
0.845478388 
0.845776406 
0.846074425 
0.846372443 
0.846670462 
0.846968480 
0.847266498 
0.847564517 
0.847862535 
0.848160554 
0.848458572 
0.848756591 
0.849054609 
0.849352628 
0.849650646 
0.849948665 
0.850246683 
0.850544702 
0.850842720 
0.851140738 
0.851438757 
0.851736775 
0.852034794 
0.852332812 
0.852630831 
0.852928849 
0.853226868 
0.853524886 
0.853822905 
0.854120923 
0.854418942 
0.854716960 
0.855014978 
0.855312997 
0.855611015 
0.855909034 
0.856207052 
0.856505071 
0.856803089 
0.857101108 
0.857399126 
0.857697145 
0.857995163 
0.858293181 
0.858591200 
0.858889218 
0.859187237 
0.859485255 
0.859783274 
0.860081292 
0.860379311 
0.860677329 
0.860975348 
0.861273366 
0.861571385 
0.861869403 
0.862167421 
0.862465440 
0.862763458 
0.863061477 
0.863359495 
0.863657514 
0.863955532 
0.864253551 
0.864551569 
0.864849588 
0.865147606 
0.865445625 
0.865743643 
0.866041661 
0.866339680 
0.866637698 
0.866935717 
0.867233735 
0.867531754 
0.867829772 
0.868127791 
0.868425809 
0.868723828 
0.869021846 
0.869319865 
0.869617883 
0.869915901 
0.870213920 
0.870511938 
0.870809957 
0.871107975 
0.871405994 
0.871704012 
0.872002031 
0.872300049 
0.872598068 
0.872896086 
0.873194105 
0.873492123 
0.873790141 
0.874088160 
0.874386178 
0.874684197 
0.874982215 
0.875280234 
0.875578252 
0.875876271 
0.876174289 
0.876472308 
0.876770326 
0.877068345 
0.877366363 
0.877664381 
0.877962400 
0.878260418 
0.878558437 
0.878856455 
0.879154474 
0.879452492 
0.879750511 
0.880048529 
0.880346548 
0.880644566 
0.880942585 
0.881240603 
0.881538621 
0.881836640 
0.882134658 
0.882432677 
0.882730695 
0.883028714 
0.883326732 
0.883624751 
0.883922769 
0.884220788 
0.884518806 
0.884816825 
0.885114843 
0.885412861 
0.885710880 
0.886008898 
0.886306917 
0.886604935 
0.886902954 
0.887200972 
0.887498991 
0.887797009 
0.888095028 
0.888393046 
0.888691065 
0.888989083 
0.889287101 
0.889585120 
0.889883138 
0.890181157 
0.890479175 
0.890777194 
0.891075212 
0.891373231 
0.891671249 
0.891969268 
0.892267286 
0.892565304 
0.892863323 
0.893161341 
0.893459360 
0.893757378 
0.894055397 
0.894353415 
0.894651434 
0.894949452 
0.895247471 
0.895545489 
0.895843508 
0.896141526 
0.896439544 
0.896737563 
0.897035581 
0.897333600 
0.897631618 
0.897929637 
0.898227655 
0.898525674 
0.898823692 
0.899121711 
0.899419729 
0.899717748 
0.900015766 
0.900313784 
0.900611803 
0.900909821 
0.901207840 
0.901505858 
0.901803877 
0.902101895 
0.902399914 
0.902697932 
0.902995951 
0.903293969 
0.903591988 
0.903890006 
0.904188024 
0.904486043 
0.904784061 
0.905082080 
0.905380098 
0.905678117 
0.905976135 
0.906274154 
0.906572172 
0.906870191 
0.907168209 
0.907466228 
0.907764246 
0.908062264 
0.908360283 
0.908658301 
0.908956320 
0.909254338 
0.909552357 
0.909850375 
0.910148394 
0.910446412 
0.910744431 
0.911042449 
0.911340468 
0.911638486 
0.911936504 
0.912234523 
0.912532541 
0.912830560 
0.913128578 
0.913426597 
0.913724615 
0.914022634 
0.914320652 
0.914618671 
0.914916689 
0.915214708 
0.915512726 
0.915810744 
0.916108763 
0.916406781 
0.916704800 
0.917002818 
0.917300837 
0.917598855 
0.917896874 
0.918194892 
0.918492911 
0.918790929 
0.919088948 
0.919386966 
0.919684984 
0.919983003 
0.920281021 
0.920579040 
0.920877058 
0.921175077 
0.921473095 
0.921771114 
0.922069132 
0.922367151 
0.922665169 
0.922963188 
0.923261206 
0.923559224 
0.923857243 
0.924155261 
0.924453280 
0.924751298 
0.925049317 
0.925347335 
0.925645354 
0.925943372 
0.926241391 
0.926539409 
0.926837427 
0.927135446 
0.927433464 
0.927731483 
0.928029501 
0.928327520 
0.928625538 
0.928923557 
0.929221575 
0.929519594 
0.929817612 
0.930115631 
0.930413649 
0.930711667 
0.931009686 
0.931307704 
0.931605723 
0.931903741 
0.932201760 
0.932499778 
0.932797797 
0.933095815 
0.933393834 
0.933691852 
0.933989871 
0.934287889 
0.934585907 
0.934883926 
0.935181944 
0.935479963 
0.935777981 
0.936076000 
0.936374018 
0.936672037 
0.936970055 
0.937268074 
0.937566092 
0.937864111 
0.938162129 
0.938460147 
0.938758166 
0.939056184 
0.939354203 
0.939652221 
0.939950240 
0.940248258 
0.940546277 
0.940844295 
0.941142314 
0.941440332 
0.941738351 
0.942036369 
0.942334387 
0.942632406 
0.942930424 
0.943228443 
0.943526461 
0.943824480 
0.944122498 
0.944420517 
0.944718535 
0.945016554 
0.945314572 
0.945612591 
0.945910609 
0.946208627 
0.946506646 
0.946804664 
0.947102683 
0.947400701 
0.947698720 
0.947996738 
0.948294757 
0.948592775 
0.948890794 
0.949188812 
0.949486831 
0.949784849 
0.950082867 
0.950380886 
0.950678904 
0.950976923 
0.951274941 
0.951572960 
0.951870978 
0.952168997 
0.952467015 
0.952765034 
0.953063052 
0.953361071 
0.953659089 
0.953957107 
0.954255126 
0.954553144 
0.954851163 
0.955149181 
0.955447200 
0.955745218 
0.956043237 
0.956341255 
0.956639274 
0.956937292 
0.957235311 
0.957533329 
0.957831347 
0.958129366 
0.958427384 
0.958725403 
0.959023421 
0.959321440 
0.959619458 
0.959917477 
0.960215495 
0.960513514 
0.960811532 
0.961109550 
0.961407569 
0.961705587 
0.962003606 
0.962301624 
0.962599643 
0.962897661 
0.963195680 
0.963493698 
0.963791717 
0.964089735 
0.964387754 
0.964685772 
0.964983790 
0.965281809 
0.965579827 
0.965877846 
0.966175864 
0.966473883 
0.966771901 
0.967069920 
0.967367938 
0.967665957 
0.967963975 
0.968261994 
0.968560012 
0.968858030 
0.969156049 
0.969454067 
0.969752086 
0.970050104 
0.970348123 
0.970646141 
0.970944160 
0.971242178 
0.971540197 
0.971838215 
0.972136234 
0.972434252 
0.972732270 
0.973030289 
0.973328307 
0.973626326 
0.973924344 
0.974222363 
0.974520381 
0.974818400 
0.975116418 
0.975414437 
0.975712455 
0.976010474 
0.976308492 
0.976606510 
0.976904529 
0.977202547 
0.977500566 
0.977798584 
0.978096603 
0.978394621 
0.978692640 
0.978990658 
0.979288677 
0.979586695 
0.979884714 
0.980182732 
0.980480750 
0.980778769 
0.981076787 
0.981374806 
0.981672824 
0.981970843 
0.982268861 
0.982566880 
0.982864898 
0.983162917 
0.983460935 
0.983758954 
0.984056972 
0.984354990 
0.984653009 
0.984951027 
0.985249046 
0.985547064 
0.985845083 
0.986143101 
0.986441120 
0.986739138 
0.987037157 
0.987335175 
0.987633194 
0.987931212 
0.988229230 
0.988527249 
0.988825267 
0.989123286 
0.989421304 
0.989719323 
0.990017341 
0.990315360 
0.990613378 
0.990911397 
0.991209415 
0.991507434 
0.991805452 
0.992103470 
0.992401489 
0.992699507 
0.992997526 
0.993295544 
0.993593563 
0.993891581 
0.994189600 
0.994487618 
0.994785637 
0.995083655 
0.995381673 
0.995679692 
0.995977710 
0.996275729 
0.996573747 
0.996871766 
0.997169784 
0.997467803 
0.997765821 
0.998063840 
0.998361858 
0.998659877 
0.998957895 
0.999255913 
0.999553932 
0.999851950 
1.000149969 
1.000447987 
1.000746006 
1.001044024 
1.001342043 
1.001640061 
1.001938080 
1.002236098 
1.002534117 
1.002832135 
1.003130153 
1.003428172 
1.003726190 
1.004024209 
1.004322227 
1.004620246 
1.004918264 
1.005216283 
1.005514301 
1.005812320 
1.006110338 
1.006408357 
1.006706375 
1.007004393 
1.007302412 
1.007600430 
1.007898449 
1.008196467 
1.008494486 
1.008792504 
1.009090523 
1.009388541 
1.009686560 
1.009984578 
1.010282597 
1.010580615 
1.010878633 
1.011176652 
1.011474670 
1.011772689 
1.012070707 
1.012368726 
1.012666744 
1.012964763 
1.013262781 
1.013560800 
1.013858818 
1.014156837 
1.014454855 
1.014752873 
1.015050892 
1.015348910 
1.015646929 
1.015944947 
1.016242966 
1.016540984 
1.016839003 
1.017137021 
1.017435040 
1.017733058 
1.018031077 
1.018329095 
1.018627113 
1.018925132 
1.019223150 
1.019521169 
1.019819187 
1.020117206 
1.020415224 
1.020713243 
1.021011261 
1.021309280 
1.021607298 
1.021905317 
1.022203335 
1.022501353 
1.022799372 
1.023097390 
1.023395409 
1.023693427 
1.023991446 
1.024289464 
1.024587483 
1.024885501 
1.025183520 
1.025481538 
1.025779557 
1.026077575 
1.026375593 
1.026673612 
1.026971630 
1.027269649 
1.027567667 
1.027865686 
1.028163704 
1.028461723 
1.028759741 
1.029057760 
1.029355778 
1.029653796 
1.029951815 
1.030249833 
1.030547852 
1.030845870 
1.031143889 
1.031441907 
1.031739926 
1.032037944 
1.032335963 
1.032633981 
1.032932000 
1.033230018 
1.033528036 
1.033826055 
1.034124073 
1.034422092 
1.034720110 
1.035018129 
1.035316147 
1.035614166 
1.035912184 
1.036210203 
1.036508221 
1.036806240 
1.037104258 
1.037402276 
1.037700295 
1.037998313 
1.038296332 
1.038594350 
1.038892369 
1.039190387 
1.039488406 
1.039786424 
1.040084443 
1.040382461 
1.040680480 
1.040978498 
1.041276516 
1.041574535 
1.041872553 
1.042170572 
1.042468590 
1.042766609 
1.043064627 
1.043362646 
1.043660664 
1.043958683 
1.044256701 
1.044554720 
1.044852738 
1.045150756 
1.045448775 
1.045746793 
1.046044812 
1.046342830 
1.046640849 
1.046938867 
1.047236886 
1.047534904 
1.047832923 
1.048130941 
1.048428960 
1.048726978 
1.049024996 
1.049323015 
1.049621033 
1.049919052 
1.050217070 
1.050515089 
1.050813107 
1.051111126 
1.051409144 
1.051707163 
1.052005181 
1.052303200 
1.052601218 
1.052899236 
1.053197255 
1.053495273 
1.053793292 
1.054091310 
1.054389329 
1.054687347 
1.054985366 
1.055283384 
1.055581403 
1.055879421 
1.056177440 
1.056475458 
1.056773476 
1.057071495 
1.057369513 
1.057667532 
1.057965550 
1.058263569 
1.058561587 
1.058859606 
1.059157624 
1.059455643 
1.059753661 
1.060051680 
1.060349698 
1.060647716 
1.060945735 
1.061243753 
1.061541772 
1.061839790 
1.062137809 
1.062435827 
1.062733846 
1.063031864 
1.063329883 
1.063627901 
1.063925919 
1.064223938 
1.064521956 
1.064819975 
1.065117993 
1.065416012 
1.065714030 
1.066012049 
1.066310067 
1.066608086 
1.066906104 
1.067204123 
1.067502141 
1.067800159 
1.068098178 
1.068396196 
1.068694215 
1.068992233 
1.069290252 
1.069588270 
1.069886289 
1.070184307 
1.070482326 
1.070780344 
1.071078363 
1.071376381 
1.071674399 
1.071972418 
1.072270436 
1.072568455 
1.072866473 
1.073164492 
1.073462510 
1.073760529 
1.074058547 
1.074356566 
1.074654584 
1.074952603 
1.075250621 
1.075548639 
1.075846658 
1.076144676 
1.076442695 
1.076740713 
1.077038732 
1.077336750 
1.077634769 
1.077932787 
1.078230806 
1.078528824 
1.078826843 
1.079124861 
1.079422879 
1.079720898 
1.080018916 
1.080316935 
1.080614953 
1.080912972 
1.081210990 
1.081509009 
1.081807027 
1.082105046 
1.082403064 
1.082701083 
1.082999101 
1.083297119 
1.083595138 
1.083893156 
1.084191175 
1.084489193 
1.084787212 
1.085085230 
1.085383249 
1.085681267 
1.085979286 
1.086277304 
1.086575323 
1.086873341 
1.087171359 
1.087469378 
1.087767396 
1.088065415 
1.088363433 
1.088661452 
1.088959470 
1.089257489 
1.089555507 
1.089853526 
1.090151544 
1.090449563 
1.090747581 
1.091045599 
1.091343618 
1.091641636 
1.091939655 
1.092237673 
1.092535692 
1.092833710 
1.093131729 
1.093429747 
1.093727766 
1.094025784 
1.094323803 
1.094621821 
1.094919839 
1.095217858 
1.095515876 
1.095813895 
1.096111913 
1.096409932 
1.096707950 
1.097005969 
1.097303987 
1.097602006 
1.097900024 
1.098198042 
1.098496061 
1.098794079 
1.099092098 
1.099390116 
1.099688135 
1.099986153 
1.100284172 
1.100582190 
1.100880209 
1.101178227 
1.101476246 
1.101774264 
1.102072282 
1.102370301 
1.102668319 
1.102966338 
1.103264356 
1.103562375 
1.103860393 
1.104158412 
1.104456430 
1.104754449 
1.105052467 
1.105350486 
1.105648504 
1.105946522 
1.106244541 
1.106542559 
1.106840578 
1.107138596 
1.107436615 
1.107734633 
1.108032652 
1.108330670 
1.108628689 
1.108926707 
1.109224726 
1.109522744 
1.109820762 
1.110118781 
1.110416799 
1.110714818 
1.111012836 
1.111310855 
1.111608873 
1.111906892 
1.112204910 
1.112502929 
1.112800947 
1.113098966 
1.113396984 
1.113695002 
1.113993021 
1.114291039 
1.114589058 
1.114887076 
1.115185095 
1.115483113 
1.115781132 
1.116079150 
1.116377169 
1.116675187 
1.116973206 
1.117271224 
1.117569242 
1.117867261 
1.118165279 
1.118463298 
1.118761316 
1.119059335 
1.119357353 
1.119655372 
1.119953390 
1.120251409 
1.120549427 
1.120847446 
1.121145464 
1.121443482 
1.121741501 
1.122039519 
1.122337538 
1.122635556 
1.122933575 
1.123231593 
1.123529612 
1.123827630 
1.124125649 
1.124423667 
1.124721686 
1.125019704 
1.125317722 
1.125615741 
1.125913759 
1.126211778 
1.126509796 
1.126807815 
1.127105833 
1.127403852 
1.127701870 
1.127999889 
1.128297907 
1.128595925 
1.128893944 
1.129191962 
1.129489981 
1.129787999 
1.130086018 
1.130384036 
1.130682055 
1.130980073 
1.131278092 
1.131576110 
1.131874129 
1.132172147 
1.132470165 
1.132768184 
1.133066202 
1.133364221 
1.133662239 
1.133960258 
1.134258276 
1.134556295 
1.134854313 
1.135152332 
1.135450350 
1.135748369 
1.136046387 
1.136344405 
1.136642424 
1.136940442 
1.137238461 
1.137536479 
1.137834498 
1.138132516 
1.138430535 
1.138728553 
1.139026572 
1.139324590 
1.139622609 
1.139920627 
1.140218645 
1.140516664 
1.140814682 
1.141112701 
1.141410719 
1.141708738 
1.142006756 
1.142304775 
1.142602793 
1.142900812 
1.143198830 
1.143496849 
1.143794867 
1.144092885 
1.144390904 
1.144688922 
1.144986941 
1.145284959 
1.145582978 
1.145880996 
1.146179015 
1.146477033 
1.146775052 
1.147073070 
1.147371089 
1.147669107 
1.147967125 
1.148265144 
1.148563162 
1.148861181 
1.149159199 
1.149457218 
1.149755236 
1.150053255 
1.150351273 
1.150649292 
1.150947310 
1.151245329 
1.151543347 
1.151841365 
1.152139384 
1.152437402 
1.152735421 
1.153033439 
1.153331458 
1.153629476 
1.153927495 
1.154225513 
1.154523532 
1.154821550 
1.155119569 
1.155417587 
1.155715605 
1.156013624 
1.156311642 
1.156609661 
1.156907679 
1.157205698 
1.157503716 
1.157801735 
1.158099753 
1.158397772 
1.158695790 
1.158993809 
1.159291827 
1.159589845 
1.159887864 
1.160185882 
1.160483901 
1.160781919 
1.161079938 
1.161377956 
1.161675975 
1.161973993 
1.162272012 
1.162570030 
1.162868048 
1.163166067 
1.163464085 
1.163762104 
1.164060122 
1.164358141 
1.164656159 
1.164954178 
1.165252196 
1.165550215 
1.165848233 
1.166146252 
1.166444270 
1.166742288 
1.167040307 
1.167338325 
1.167636344 
1.167934362 
1.168232381 
1.168530399 
1.168828418 
1.169126436 
1.169424455 
1.169722473 
1.170020492 
1.170318510 
1.170616528 
1.170914547 
1.171212565 
1.171510584 
1.171808602 
1.172106621 
1.172404639 
1.172702658 
1.173000676 
1.173298695 
1.173596713 
1.173894732 
1.174192750 
1.174490768 
1.174788787 
1.175086805 
1.175384824 
1.175682842 
1.175980861 
1.176278879 
1.176576898 
1.176874916 
1.177172935 
1.177470953 
1.177768972 
1.178066990 
1.178365008 
1.178663027 
1.178961045 
1.179259064 
1.179557082 
1.179855101 
1.180153119 
1.180451138 
1.180749156 
1.181047175 
1.181345193 
1.181643212 
1.181941230 
1.182239248 
1.182537267 
1.182835285 
1.183133304 
1.183431322 
1.183729341 
1.184027359 
1.184325378 
1.184623396 
1.184921415 
1.185219433 
1.185517452 
1.185815470 
1.186113488 
1.186411507 
1.186709525 
1.187007544 
1.187305562 
1.187603581 
1.187901599 
1.188199618 
1.188497636 
1.188795655 
1.189093673 
1.189391692 
1.189689710 
1.189987728 
1.190285747 
1.190583765 
1.190881784 
1.191179802 
1.191477821 
1.191775839 
1.192073858 
1.192371876 
1.192669895 
1.192967913 
1.193265932 
1.193563950 
1.193861968 
1.194159987 
1.194458005 
1.194756024 
1.195054042 
1.195352061 
1.195650079 
1.195948098 
1.196246116 
1.196544135 
1.196842153 
1.197140171 
1.197438190 
1.197736208 
1.198034227 
1.198332245 
1.198630264 
1.198928282 
1.199226301 
1.199524319 
1.199822338 
1.200120356 
1.200418375 
1.200716393 
1.201014411 
1.201312430 
1.201610448 
1.201908467 
1.202206485 
1.202504504 
1.202802522 
1.203100541 
1.203398559 
1.203696578 
1.203994596 
1.204292615 
1.204590633 
1.204888651 
1.205186670 
1.205484688 
1.205782707 
1.206080725 
1.206378744 
1.206676762 
1.206974781 
1.207272799 
1.207570818 
1.207868836 
1.208166855 
1.208464873 
