-7.270904541 
-6.907358736 
-6.543812931 
-6.180267125 
-5.816721320 
-5.453175515 
-5.089629710 
-4.726083905 
-4.362538099 
-3.998992294 
-3.635446489 
-3.271900684 
-2.908354878 
-2.544809073 
-2.181263268 
-1.817717463 
-1.454171658 
-1.090625852 
-0.727080047 
-0.363534242 
0.000011563 
0.363557369 
0.727103174 
1.090648979 
1.454194784 
1.817740589 
2.181286395 
2.544832200 
2.908378005 
3.271923810 
3.635469615 
3.999015421 
4.362561226 
4.726107031 
5.089652836 
5.453198642 
5.816744447 
6.180290252 
6.543836057 
6.907381862 
7.270927668 
7.634473473 
7.998019278 
8.361565083 
8.725110888 
9.088656694 
9.452202499 
9.815748304 
10.179294109 
10.542839915 
10.906385720 
11.269931525 
11.633477330 
11.997023135 
12.360568941 
12.724114746 
13.087660551 
13.451206356 
13.814752162 
14.178297967 
14.541843772 
14.905389577 
15.268935382 
15.632481188 
15.996026993 
16.359572798 
16.723118603 
17.086664408 
17.450210214 
17.813756019 
18.177301824 
18.540847629 
18.904393435 
19.267939240 
19.631485045 
19.995030850 
20.358576655 
20.722122461 
21.085668266 
21.449214071 
21.812759876 
22.176305681 
22.539851487 
22.903397292 
23.266943097 
23.630488902 
23.994034708 
24.357580513 
24.721126318 
25.084672123 
25.448217928 
25.811763734 
26.175309539 
26.538855344 
26.902401149 
27.265946954 
27.629492760 
27.993038565 
28.356584370 
28.720130175 
29.083675981 
29.447221786 
29.810767591 
30.174313396 
30.537859201 
30.901405007 
31.264950812 
31.628496617 
31.992042422 
32.355588228 
32.719134033 
33.082679838 
33.446225643 
33.809771448 
34.173317254 
34.536863059 
34.900408864 
35.263954669 
35.627500474 
35.991046280 
36.354592085 
36.718137890 
37.081683695 
37.445229501 
37.808775306 
38.172321111 
38.535866916 
38.899412721 
39.262958527 
39.626504332 
39.990050137 
40.353595942 
40.717141747 
41.080687553 
41.444233358 
41.807779163 
42.171324968 
42.534870774 
42.898416579 
43.261962384 
43.625508189 
43.989053994 
44.352599800 
44.716145605 
45.079691410 
45.443237215 
45.806783020 
46.170328826 
46.533874631 
46.897420436 
47.260966241 
47.624512047 
47.988057852 
48.351603657 
48.715149462 
49.078695267 
49.442241073 
49.805786878 
50.169332683 
50.532878488 
50.896424294 
51.259970099 
51.623515904 
51.987061709 
52.350607514 
52.714153320 
53.077699125 
53.441244930 
53.804790735 
54.168336540 
54.531882346 
54.895428151 
55.258973956 
55.622519761 
55.986065567 
56.349611372 
56.713157177 
57.076702982 
57.440248787 
57.803794593 
58.167340398 
58.530886203 
58.894432008 
59.257977813 
59.621523619 
59.985069424 
60.348615229 
60.712161034 
61.075706840 
61.439252645 
61.802798450 
62.166344255 
62.529890060 
62.893435866 
63.256981671 
63.620527476 
63.984073281 
64.347619087 
64.711164892 
65.074710697 
65.438256502 
65.801802307 
66.165348113 
66.528893918 
66.892439723 
67.255985528 
67.619531333 
67.983077139 
68.346622944 
68.710168749 
69.073714554 
69.437260360 
69.800806165 
70.164351970 
70.527897775 
70.891443580 
71.254989386 
71.618535191 
71.982080996 
72.345626801 
72.709172606 
73.072718412 
73.436264217 
73.799810022 
74.163355827 
74.526901633 
74.890447438 
75.253993243 
75.617539048 
75.981084853 
76.344630659 
76.708176464 
77.071722269 
77.435268074 
77.798813879 
78.162359685 
78.525905490 
78.889451295 
79.252997100 
79.616542906 
79.980088711 
80.343634516 
80.707180321 
81.070726126 
81.434271932 
81.797817737 
82.161363542 
82.524909347 
82.888455153 
83.252000958 
83.615546763 
83.979092568 
84.342638373 
84.706184179 
85.069729984 
85.433275789 
85.796821594 
86.160367399 
86.523913205 
86.887459010 
87.251004815 
87.614550620 
87.978096426 
88.341642231 
88.705188036 
89.068733841 
89.432279646 
89.795825452 
90.159371257 
90.522917062 
90.886462867 
91.250008672 
91.613554478 
91.977100283 
92.340646088 
92.704191893 
93.067737699 
93.431283504 
93.794829309 
94.158375114 
94.521920919 
94.885466725 
95.249012530 
95.612558335 
95.976104140 
96.339649945 
96.703195751 
97.066741556 
97.430287361 
97.793833166 
98.157378972 
98.520924777 
98.884470582 
99.248016387 
99.611562192 
99.975107998 
100.338653803 
100.702199608 
101.065745413 
101.429291219 
101.792837024 
102.156382829 
102.519928634 
102.883474439 
103.247020245 
103.610566050 
103.974111855 
104.337657660 
104.701203465 
105.064749271 
105.428295076 
105.791840881 
106.155386686 
106.518932492 
106.882478297 
107.246024102 
107.609569907 
107.973115712 
108.336661518 
108.700207323 
109.063753128 
109.427298933 
109.790844738 
110.154390544 
110.517936349 
110.881482154 
111.245027959 
111.608573765 
111.972119570 
112.335665375 
112.699211180 
113.062756985 
113.426302791 
113.789848596 
114.153394401 
114.516940206 
114.880486012 
115.244031817 
115.607577622 
115.971123427 
116.334669232 
116.698215038 
117.061760843 
117.425306648 
117.788852453 
118.152398258 
118.515944064 
118.879489869 
119.243035674 
119.606581479 
119.970127285 
120.333673090 
120.697218895 
121.060764700 
121.424310505 
121.787856311 
122.151402116 
122.514947921 
122.878493726 
123.242039531 
123.605585337 
123.969131142 
124.332676947 
124.696222752 
125.059768558 
125.423314363 
125.786860168 
126.150405973 
126.513951778 
126.877497584 
127.241043389 
127.604589194 
127.968134999 
128.331680804 
128.695226610 
129.058772415 
129.422318220 
129.785864025 
130.149409831 
130.512955636 
130.876501441 
131.240047246 
131.603593051 
131.967138857 
132.330684662 
132.694230467 
133.057776272 
133.421322078 
133.784867883 
134.148413688 
134.511959493 
134.875505298 
135.239051104 
135.602596909 
135.966142714 
136.329688519 
136.693234324 
137.056780130 
137.420325935 
137.783871740 
138.147417545 
138.510963351 
138.874509156 
139.238054961 
139.601600766 
139.965146571 
140.328692377 
140.692238182 
141.055783987 
141.419329792 
141.782875597 
142.146421403 
142.509967208 
142.873513013 
143.237058818 
143.600604624 
143.964150429 
144.327696234 
144.691242039 
145.054787844 
145.418333650 
145.781879455 
146.145425260 
146.508971065 
146.872516870 
147.236062676 
147.599608481 
147.963154286 
148.326700091 
148.690245897 
149.053791702 
149.417337507 
149.780883312 
150.144429117 
150.507974923 
150.871520728 
151.235066533 
151.598612338 
151.962158144 
152.325703949 
152.689249754 
153.052795559 
153.416341364 
153.779887170 
154.143432975 
154.506978780 
154.870524585 
155.234070390 
155.597616196 
155.961162001 
156.324707806 
156.688253611 
157.051799417 
157.415345222 
157.778891027 
158.142436832 
158.505982637 
158.869528443 
159.233074248 
159.596620053 
159.960165858 
160.323711663 
160.687257469 
161.050803274 
161.414349079 
161.777894884 
162.141440690 
162.504986495 
162.868532300 
163.232078105 
163.595623910 
163.959169716 
164.322715521 
164.686261326 
165.049807131 
165.413352937 
165.776898742 
166.140444547 
166.503990352 
166.867536157 
167.231081963 
167.594627768 
167.958173573 
168.321719378 
168.685265183 
169.048810989 
169.412356794 
169.775902599 
170.139448404 
170.502994210 
170.866540015 
171.230085820 
171.593631625 
171.957177430 
172.320723236 
172.684269041 
173.047814846 
173.411360651 
173.774906456 
174.138452262 
174.501998067 
174.865543872 
175.229089677 
175.592635483 
175.956181288 
176.319727093 
176.683272898 
177.046818703 
177.410364509 
177.773910314 
178.137456119 
178.501001924 
178.864547729 
179.228093535 
179.591639340 
179.955185145 
180.318730950 
180.682276756 
181.045822561 
181.409368366 
181.772914171 
182.136459976 
182.500005782 
182.863551587 
183.227097392 
183.590643197 
183.954189003 
184.317734808 
184.681280613 
185.044826418 
185.408372223 
185.771918029 
186.135463834 
186.499009639 
186.862555444 
187.226101249 
187.589647055 
187.953192860 
188.316738665 
188.680284470 
189.043830276 
189.407376081 
189.770921886 
190.134467691 
190.498013496 
190.861559302 
191.225105107 
191.588650912 
191.952196717 
192.315742522 
192.679288328 
193.042834133 
193.406379938 
193.769925743 
194.133471549 
194.497017354 
194.860563159 
195.224108964 
195.587654769 
195.951200575 
196.314746380 
196.678292185 
197.041837990 
197.405383795 
197.768929601 
198.132475406 
198.496021211 
198.859567016 
199.223112822 
199.586658627 
199.950204432 
200.313750237 
200.677296042 
201.040841848 
201.404387653 
201.767933458 
202.131479263 
202.495025069 
202.858570874 
203.222116679 
203.585662484 
203.949208289 
204.312754095 
204.676299900 
205.039845705 
205.403391510 
205.766937315 
206.130483121 
206.494028926 
206.857574731 
207.221120536 
207.584666342 
207.948212147 
208.311757952 
208.675303757 
209.038849562 
209.402395368 
209.765941173 
210.129486978 
210.493032783 
210.856578588 
211.220124394 
211.583670199 
211.947216004 
212.310761809 
212.674307615 
213.037853420 
213.401399225 
213.764945030 
214.128490835 
214.492036641 
214.855582446 
215.219128251 
215.582674056 
215.946219862 
216.309765667 
216.673311472 
217.036857277 
217.400403082 
217.763948888 
218.127494693 
218.491040498 
218.854586303 
219.218132108 
219.581677914 
219.945223719 
220.308769524 
220.672315329 
221.035861135 
221.399406940 
221.762952745 
222.126498550 
222.490044355 
222.853590161 
223.217135966 
223.580681771 
223.944227576 
224.307773381 
224.671319187 
225.034864992 
225.398410797 
225.761956602 
226.125502408 
226.489048213 
226.852594018 
227.216139823 
227.579685628 
227.943231434 
228.306777239 
228.670323044 
229.033868849 
229.397414654 
229.760960460 
230.124506265 
230.488052070 
230.851597875 
231.215143681 
231.578689486 
231.942235291 
232.305781096 
232.669326901 
233.032872707 
233.396418512 
233.759964317 
234.123510122 
234.487055928 
234.850601733 
235.214147538 
235.577693343 
235.941239148 
236.304784954 
236.668330759 
237.031876564 
237.395422369 
237.758968174 
238.122513980 
238.486059785 
238.849605590 
239.213151395 
239.576697201 
239.940243006 
240.303788811 
240.667334616 
241.030880421 
241.394426227 
241.757972032 
242.121517837 
242.485063642 
242.848609447 
243.212155253 
243.575701058 
243.939246863 
244.302792668 
244.666338474 
245.029884279 
245.393430084 
245.756975889 
246.120521694 
246.484067500 
246.847613305 
247.211159110 
247.574704915 
247.938250721 
248.301796526 
248.665342331 
249.028888136 
249.392433941 
249.755979747 
250.119525552 
250.483071357 
250.846617162 
251.210162967 
251.573708773 
251.937254578 
252.300800383 
252.664346188 
253.027891994 
253.391437799 
253.754983604 
254.118529409 
254.482075214 
254.845621020 
255.209166825 
255.572712630 
255.936258435 
256.299804240 
256.663350046 
257.026895851 
257.390441656 
257.753987461 
258.117533267 
258.481079072 
258.844624877 
259.208170682 
259.571716487 
259.935262293 
260.298808098 
260.662353903 
261.025899708 
261.389445513 
261.752991319 
262.116537124 
262.480082929 
262.843628734 
263.207174540 
263.570720345 
263.934266150 
264.297811955 
264.661357760 
265.024903566 
265.388449371 
265.751995176 
266.115540981 
266.479086787 
266.842632592 
267.206178397 
267.569724202 
267.933270007 
268.296815813 
268.660361618 
269.023907423 
269.387453228 
269.750999033 
270.114544839 
270.478090644 
270.841636449 
271.205182254 
271.568728060 
271.932273865 
272.295819670 
272.659365475 
273.022911280 
273.386457086 
273.750002891 
274.113548696 
274.477094501 
274.840640306 
275.204186112 
275.567731917 
275.931277722 
276.294823527 
276.658369333 
277.021915138 
277.385460943 
277.749006748 
278.112552553 
278.476098359 
278.839644164 
279.203189969 
279.566735774 
279.930281579 
280.293827385 
280.657373190 
281.020918995 
281.384464800 
281.748010606 
282.111556411 
282.475102216 
282.838648021 
283.202193826 
283.565739632 
283.929285437 
284.292831242 
284.656377047 
285.019922853 
285.383468658 
285.747014463 
286.110560268 
286.474106073 
286.837651879 
287.201197684 
287.564743489 
287.928289294 
288.291835099 
288.655380905 
289.018926710 
289.382472515 
289.746018320 
290.109564126 
290.473109931 
290.836655736 
291.200201541 
291.563747346 
291.927293152 
292.290838957 
292.654384762 
293.017930567 
293.381476372 
293.745022178 
294.108567983 
294.472113788 
294.835659593 
295.199205399 
295.562751204 
295.926297009 
296.289842814 
296.653388619 
297.016934425 
297.380480230 
297.744026035 
298.107571840 
298.471117646 
298.834663451 
299.198209256 
299.561755061 
299.925300866 
300.288846672 
300.652392477 
301.015938282 
301.379484087 
301.743029892 
302.106575698 
302.470121503 
302.833667308 
303.197213113 
303.560758919 
303.924304724 
304.287850529 
304.651396334 
305.014942139 
305.378487945 
305.742033750 
306.105579555 
306.469125360 
306.832671165 
307.196216971 
307.559762776 
307.923308581 
308.286854386 
308.650400192 
309.013945997 
309.377491802 
309.741037607 
310.104583412 
310.468129218 
310.831675023 
311.195220828 
311.558766633 
311.922312438 
312.285858244 
312.649404049 
313.012949854 
313.376495659 
313.740041465 
314.103587270 
314.467133075 
314.830678880 
315.194224685 
315.557770491 
315.921316296 
316.284862101 
316.648407906 
317.011953712 
317.375499517 
317.739045322 
318.102591127 
318.466136932 
318.829682738 
319.193228543 
319.556774348 
319.920320153 
320.283865958 
320.647411764 
321.010957569 
321.374503374 
321.738049179 
322.101594985 
322.465140790 
322.828686595 
323.192232400 
323.555778205 
323.919324011 
324.282869816 
324.646415621 
325.009961426 
325.373507231 
325.737053037 
326.100598842 
326.464144647 
326.827690452 
327.191236258 
327.554782063 
327.918327868 
328.281873673 
328.645419478 
329.008965284 
329.372511089 
329.736056894 
330.099602699 
330.463148504 
330.826694310 
331.190240115 
331.553785920 
331.917331725 
332.280877531 
332.644423336 
333.007969141 
333.371514946 
333.735060751 
334.098606557 
334.462152362 
334.825698167 
335.189243972 
335.552789778 
335.916335583 
336.279881388 
336.643427193 
337.006972998 
337.370518804 
337.734064609 
338.097610414 
338.461156219 
338.824702024 
339.188247830 
339.551793635 
339.915339440 
340.278885245 
340.642431051 
341.005976856 
341.369522661 
341.733068466 
342.096614271 
342.460160077 
342.823705882 
343.187251687 
343.550797492 
343.914343297 
344.277889103 
344.641434908 
345.004980713 
345.368526518 
345.732072324 
346.095618129 
346.459163934 
346.822709739 
347.186255544 
347.549801350 
347.913347155 
348.276892960 
348.640438765 
349.003984571 
349.367530376 
349.731076181 
350.094621986 
350.458167791 
350.821713597 
351.185259402 
351.548805207 
351.912351012 
352.275896817 
352.639442623 
353.002988428 
353.366534233 
353.730080038 
354.093625844 
354.457171649 
354.820717454 
355.184263259 
355.547809064 
355.911354870 
356.274900675 
356.638446480 
357.001992285 
357.365538090 
357.729083896 
358.092629701 
358.456175506 
358.819721311 
359.183267117 
359.546812922 
359.910358727 
360.273904532 
360.637450337 
361.000996143 
361.364541948 
361.728087753 
362.091633558 
362.455179363 
362.818725169 
363.182270974 
363.545816779 
363.909362584 
364.272908390 
364.636454195 
365.000000000 
365.363545805 
365.727091610 
366.090637416 
366.454183221 
366.817729026 
367.181274831 
367.544820637 
367.908366442 
368.271912247 
368.635458052 
368.999003857 
369.362549663 
369.726095468 
370.089641273 
370.453187078 
370.816732883 
371.180278689 
371.543824494 
371.907370299 
372.270916104 
372.634461910 
372.998007715 
373.361553520 
373.725099325 
374.088645130 
374.452190936 
374.815736741 
375.179282546 
375.542828351 
375.906374156 
376.269919962 
376.633465767 
376.997011572 
377.360557377 
377.724103183 
378.087648988 
378.451194793 
378.814740598 
379.178286403 
379.541832209 
379.905378014 
380.268923819 
380.632469624 
380.996015429 
381.359561235 
381.723107040 
382.086652845 
382.450198650 
382.813744456 
383.177290261 
383.540836066 
383.904381871 
384.267927676 
384.631473482 
384.995019287 
385.358565092 
385.722110897 
386.085656703 
386.449202508 
386.812748313 
387.176294118 
387.539839923 
387.903385729 
388.266931534 
388.630477339 
388.994023144 
389.357568949 
389.721114755 
390.084660560 
390.448206365 
390.811752170 
391.175297976 
391.538843781 
391.902389586 
392.265935391 
392.629481196 
392.993027002 
393.356572807 
393.720118612 
394.083664417 
394.447210222 
394.810756028 
395.174301833 
395.537847638 
395.901393443 
396.264939249 
396.628485054 
396.992030859 
397.355576664 
397.719122469 
398.082668275 
398.446214080 
398.809759885 
399.173305690 
399.536851496 
399.900397301 
400.263943106 
400.627488911 
400.991034716 
401.354580522 
401.718126327 
402.081672132 
402.445217937 
402.808763742 
403.172309548 
403.535855353 
403.899401158 
404.262946963 
404.626492769 
404.990038574 
405.353584379 
405.717130184 
406.080675989 
406.444221795 
406.807767600 
407.171313405 
407.534859210 
407.898405015 
408.261950821 
408.625496626 
408.989042431 
409.352588236 
409.716134042 
410.079679847 
410.443225652 
410.806771457 
411.170317262 
411.533863068 
411.897408873 
412.260954678 
412.624500483 
412.988046288 
413.351592094 
413.715137899 
414.078683704 
414.442229509 
414.805775315 
415.169321120 
415.532866925 
415.896412730 
416.259958535 
416.623504341 
416.987050146 
417.350595951 
417.714141756 
418.077687562 
418.441233367 
418.804779172 
419.168324977 
419.531870782 
419.895416588 
420.258962393 
420.622508198 
420.986054003 
421.349599808 
421.713145614 
422.076691419 
422.440237224 
422.803783029 
423.167328835 
423.530874640 
423.894420445 
424.257966250 
424.621512055 
424.985057861 
425.348603666 
425.712149471 
426.075695276 
426.439241081 
426.802786887 
427.166332692 
427.529878497 
427.893424302 
428.256970108 
428.620515913 
428.984061718 
429.347607523 
429.711153328 
430.074699134 
430.438244939 
430.801790744 
431.165336549 
431.528882354 
431.892428160 
432.255973965 
432.619519770 
432.983065575 
433.346611381 
433.710157186 
434.073702991 
434.437248796 
434.800794601 
435.164340407 
435.527886212 
435.891432017 
436.254977822 
436.618523628 
436.982069433 
437.345615238 
437.709161043 
438.072706848 
438.436252654 
438.799798459 
439.163344264 
439.526890069 
439.890435874 
440.253981680 
440.617527485 
440.981073290 
441.344619095 
441.708164901 
442.071710706 
442.435256511 
442.798802316 
443.162348121 
443.525893927 
443.889439732 
444.252985537 
444.616531342 
444.980077147 
445.343622953 
445.707168758 
446.070714563 
446.434260368 
446.797806174 
447.161351979 
447.524897784 
447.888443589 
448.251989394 
448.615535200 
448.979081005 
449.342626810 
449.706172615 
450.069718421 
450.433264226 
450.796810031 
451.160355836 
451.523901641 
451.887447447 
452.250993252 
452.614539057 
452.978084862 
453.341630667 
453.705176473 
454.068722278 
454.432268083 
454.795813888 
455.159359694 
455.522905499 
455.886451304 
456.249997109 
456.613542914 
456.977088720 
457.340634525 
457.704180330 
458.067726135 
458.431271940 
458.794817746 
459.158363551 
459.521909356 
459.885455161 
460.249000967 
460.612546772 
460.976092577 
461.339638382 
461.703184187 
462.066729993 
462.430275798 
462.793821603 
463.157367408 
463.520913213 
463.884459019 
464.248004824 
464.611550629 
464.975096434 
465.338642240 
465.702188045 
466.065733850 
466.429279655 
466.792825460 
467.156371266 
467.519917071 
467.883462876 
468.247008681 
468.610554487 
468.974100292 
469.337646097 
469.701191902 
470.064737707 
470.428283513 
470.791829318 
471.155375123 
471.518920928 
471.882466733 
472.246012539 
472.609558344 
472.973104149 
473.336649954 
473.700195760 
474.063741565 
474.427287370 
474.790833175 
475.154378980 
475.517924786 
475.881470591 
476.245016396 
476.608562201 
476.972108006 
477.335653812 
477.699199617 
478.062745422 
478.426291227 
478.789837033 
479.153382838 
479.516928643 
479.880474448 
480.244020253 
480.607566059 
480.971111864 
481.334657669 
481.698203474 
482.061749279 
482.425295085 
482.788840890 
483.152386695 
483.515932500 
483.879478306 
484.243024111 
484.606569916 
484.970115721 
485.333661526 
485.697207332 
486.060753137 
486.424298942 
486.787844747 
487.151390553 
487.514936358 
487.878482163 
488.242027968 
488.605573773 
488.969119579 
489.332665384 
489.696211189 
490.059756994 
490.423302799 
490.786848605 
491.150394410 
491.513940215 
491.877486020 
492.241031826 
492.604577631 
492.968123436 
493.331669241 
493.695215046 
494.058760852 
494.422306657 
494.785852462 
495.149398267 
495.512944072 
495.876489878 
496.240035683 
496.603581488 
496.967127293 
497.330673099 
497.694218904 
498.057764709 
498.421310514 
498.784856319 
499.148402125 
499.511947930 
499.875493735 
500.239039540 
500.602585346 
500.966131151 
501.329676956 
501.693222761 
502.056768566 
502.420314372 
502.783860177 
503.147405982 
503.510951787 
503.874497592 
504.238043398 
504.601589203 
504.965135008 
505.328680813 
505.692226619 
506.055772424 
506.419318229 
506.782864034 
507.146409839 
507.509955645 
507.873501450 
508.237047255 
508.600593060 
508.964138865 
509.327684671 
509.691230476 
510.054776281 
510.418322086 
510.781867892 
511.145413697 
511.508959502 
511.872505307 
512.236051112 
512.599596918 
512.963142723 
513.326688528 
513.690234333 
514.053780138 
514.417325944 
514.780871749 
515.144417554 
515.507963359 
515.871509165 
516.235054970 
516.598600775 
516.962146580 
517.325692385 
517.689238191 
518.052783996 
518.416329801 
518.779875606 
519.143421412 
519.506967217 
519.870513022 
520.234058827 
520.597604632 
520.961150438 
521.324696243 
521.688242048 
522.051787853 
522.415333658 
522.778879464 
523.142425269 
523.505971074 
523.869516879 
524.233062685 
524.596608490 
524.960154295 
525.323700100 
525.687245905 
526.050791711 
526.414337516 
526.777883321 
527.141429126 
527.504974931 
527.868520737 
528.232066542 
528.595612347 
528.959158152 
529.322703958 
529.686249763 
530.049795568 
530.413341373 
530.776887178 
531.140432984 
531.503978789 
531.867524594 
532.231070399 
532.594616204 
532.958162010 
533.321707815 
533.685253620 
534.048799425 
534.412345231 
534.775891036 
535.139436841 
535.502982646 
535.866528451 
536.230074257 
536.593620062 
536.957165867 
537.320711672 
537.684257478 
538.047803283 
538.411349088 
538.774894893 
539.138440698 
539.501986504 
539.865532309 
540.229078114 
540.592623919 
540.956169724 
541.319715530 
541.683261335 
542.046807140 
542.410352945 
542.773898751 
543.137444556 
543.500990361 
543.864536166 
544.228081971 
544.591627777 
544.955173582 
545.318719387 
545.682265192 
546.045810997 
546.409356803 
546.772902608 
547.136448413 
547.499994218 
547.863540024 
548.227085829 
548.590631634 
548.954177439 
549.317723244 
549.681269050 
550.044814855 
550.408360660 
550.771906465 
551.135452271 
551.498998076 
551.862543881 
552.226089686 
552.589635491 
552.953181297 
553.316727102 
553.680272907 
554.043818712 
554.407364517 
554.770910323 
555.134456128 
555.498001933 
555.861547738 
556.225093544 
556.588639349 
556.952185154 
557.315730959 
557.679276764 
558.042822570 
558.406368375 
558.769914180 
559.133459985 
559.497005790 
559.860551596 
560.224097401 
560.587643206 
560.951189011 
561.314734817 
561.678280622 
562.041826427 
562.405372232 
562.768918037 
563.132463843 
563.496009648 
563.859555453 
564.223101258 
564.586647063 
564.950192869 
565.313738674 
565.677284479 
566.040830284 
566.404376090 
566.767921895 
567.131467700 
567.495013505 
567.858559310 
568.222105116 
568.585650921 
568.949196726 
569.312742531 
569.676288337 
570.039834142 
570.403379947 
570.766925752 
571.130471557 
571.494017363 
571.857563168 
572.221108973 
572.584654778 
572.948200583 
573.311746389 
573.675292194 
574.038837999 
574.402383804 
574.765929610 
575.129475415 
575.493021220 
575.856567025 
576.220112830 
576.583658636 
576.947204441 
577.310750246 
577.674296051 
578.037841856 
578.401387662 
578.764933467 
579.128479272 
579.492025077 
579.855570883 
580.219116688 
580.582662493 
580.946208298 
581.309754103 
581.673299909 
582.036845714 
582.400391519 
582.763937324 
583.127483130 
583.491028935 
583.854574740 
584.218120545 
584.581666350 
584.945212156 
585.308757961 
585.672303766 
586.035849571 
586.399395376 
586.762941182 
587.126486987 
587.490032792 
587.853578597 
588.217124403 
588.580670208 
588.944216013 
589.307761818 
589.671307623 
590.034853429 
590.398399234 
590.761945039 
591.125490844 
591.489036649 
591.852582455 
592.216128260 
592.579674065 
592.943219870 
593.306765676 
593.670311481 
594.033857286 
594.397403091 
594.760948896 
595.124494702 
595.488040507 
595.851586312 
596.215132117 
596.578677922 
596.942223728 
597.305769533 
597.669315338 
598.032861143 
598.396406949 
598.759952754 
599.123498559 
599.487044364 
599.850590169 
600.214135975 
600.577681780 
600.941227585 
601.304773390 
601.668319196 
602.031865001 
602.395410806 
602.758956611 
603.122502416 
603.486048222 
603.849594027 
604.213139832 
604.576685637 
604.940231442 
605.303777248 
605.667323053 
606.030868858 
606.394414663 
606.757960469 
607.121506274 
607.485052079 
607.848597884 
608.212143689 
608.575689495 
608.939235300 
609.302781105 
609.666326910 
610.029872715 
610.393418521 
610.756964326 
611.120510131 
611.484055936 
611.847601742 
612.211147547 
612.574693352 
612.938239157 
613.301784962 
613.665330768 
614.028876573 
614.392422378 
614.755968183 
615.119513988 
615.483059794 
615.846605599 
616.210151404 
616.573697209 
616.937243015 
617.300788820 
617.664334625 
618.027880430 
618.391426235 
618.754972041 
619.118517846 
619.482063651 
619.845609456 
620.209155262 
620.572701067 
620.936246872 
621.299792677 
621.663338482 
622.026884288 
622.390430093 
622.753975898 
623.117521703 
623.481067508 
623.844613314 
624.208159119 
624.571704924 
624.935250729 
625.298796535 
625.662342340 
626.025888145 
626.389433950 
626.752979755 
627.116525561 
627.480071366 
627.843617171 
628.207162976 
628.570708781 
628.934254587 
629.297800392 
629.661346197 
630.024892002 
630.388437808 
630.751983613 
631.115529418 
631.479075223 
631.842621028 
632.206166834 
632.569712639 
632.933258444 
633.296804249 
633.660350055 
634.023895860 
634.387441665 
634.750987470 
635.114533275 
635.478079081 
635.841624886 
636.205170691 
636.568716496 
636.932262301 
637.295808107 
637.659353912 
638.022899717 
638.386445522 
638.749991328 
639.113537133 
639.477082938 
639.840628743 
640.204174548 
640.567720354 
640.931266159 
641.294811964 
641.658357769 
642.021903574 
642.385449380 
642.748995185 
643.112540990 
643.476086795 
643.839632601 
644.203178406 
644.566724211 
644.930270016 
645.293815821 
645.657361627 
646.020907432 
646.384453237 
646.747999042 
647.111544847 
647.475090653 
647.838636458 
648.202182263 
648.565728068 
648.929273874 
649.292819679 
649.656365484 
650.019911289 
650.383457094 
650.747002900 
651.110548705 
651.474094510 
651.837640315 
652.201186121 
652.564731926 
652.928277731 
653.291823536 
653.655369341 
654.018915147 
654.382460952 
654.746006757 
655.109552562 
655.473098367 
655.836644173 
656.200189978 
656.563735783 
656.927281588 
657.290827394 
657.654373199 
658.017919004 
658.381464809 
658.745010614 
659.108556420 
659.472102225 
659.835648030 
660.199193835 
660.562739640 
660.926285446 
661.289831251 
661.653377056 
662.016922861 
662.380468667 
662.744014472 
663.107560277 
663.471106082 
663.834651887 
664.198197693 
664.561743498 
664.925289303 
665.288835108 
665.652380913 
666.015926719 
666.379472524 
666.743018329 
667.106564134 
667.470109940 
667.833655745 
668.197201550 
668.560747355 
668.924293160 
669.287838966 
669.651384771 
670.014930576 
670.378476381 
670.742022187 
671.105567992 
671.469113797 
671.832659602 
672.196205407 
672.559751213 
672.923297018 
673.286842823 
673.650388628 
674.013934433 
674.377480239 
674.741026044 
675.104571849 
675.468117654 
675.831663460 
676.195209265 
676.558755070 
676.922300875 
677.285846680 
677.649392486 
678.012938291 
678.376484096 
678.740029901 
679.103575706 
679.467121512 
679.830667317 
680.194213122 
680.557758927 
680.921304733 
681.284850538 
681.648396343 
682.011942148 
682.375487953 
682.739033759 
683.102579564 
683.466125369 
683.829671174 
684.193216980 
684.556762785 
684.920308590 
685.283854395 
685.647400200 
686.010946006 
686.374491811 
686.738037616 
687.101583421 
687.465129226 
687.828675032 
688.192220837 
688.555766642 
688.919312447 
689.282858253 
689.646404058 
690.009949863 
690.373495668 
690.737041473 
691.100587279 
691.464133084 
691.827678889 
692.191224694 
692.554770499 
692.918316305 
693.281862110 
693.645407915 
694.008953720 
694.372499526 
694.736045331 
695.099591136 
695.463136941 
695.826682746 
696.190228552 
696.553774357 
696.917320162 
697.280865967 
697.644411772 
698.007957578 
698.371503383 
698.735049188 
699.098594993 
699.462140799 
699.825686604 
700.189232409 
700.552778214 
700.916324019 
701.279869825 
701.643415630 
702.006961435 
702.370507240 
702.734053046 
703.097598851 
703.461144656 
703.824690461 
704.188236266 
704.551782072 
704.915327877 
705.278873682 
705.642419487 
706.005965292 
706.369511098 
706.733056903 
707.096602708 
707.460148513 
707.823694319 
708.187240124 
708.550785929 
708.914331734 
709.277877539 
709.641423345 
710.004969150 
710.368514955 
710.732060760 
711.095606565 
711.459152371 
711.822698176 
712.186243981 
712.549789786 
712.913335592 
713.276881397 
713.640427202 
714.003973007 
714.367518812 
714.731064618 
715.094610423 
715.458156228 
715.821702033 
716.185247838 
716.548793644 
716.912339449 
717.275885254 
717.639431059 
718.002976865 
718.366522670 
718.730068475 
719.093614280 
719.457160085 
719.820705891 
720.184251696 
720.547797501 
720.911343306 
721.274889112 
721.638434917 
722.001980722 
722.365526527 
722.729072332 
723.092618138 
723.456163943 
723.819709748 
724.183255553 
724.546801358 
724.910347164 
725.273892969 
725.637438774 
726.000984579 
726.364530385 
726.728076190 
727.091621995 
727.455167800 
727.818713605 
728.182259411 
728.545805216 
728.909351021 
729.272896826 
729.636442631 
729.999988437 
730.363534242 
730.727080047 
731.090625852 
731.454171658 
731.817717463 
732.181263268 
732.544809073 
732.908354878 
733.271900684 
733.635446489 
733.998992294 
734.362538099 
734.726083905 
735.089629710 
735.453175515 
735.816721320 
736.180267125 
736.543812931 
736.907358736 
