66.748077 
66.739890 
66.731702 
66.723514 
66.715326 
66.707138 
66.698951 
66.690763 
66.682575 
66.674387 
66.666199 
66.658012 
66.649824 
66.641636 
66.633448 
66.625260 
66.617073 
66.608885 
66.600697 
66.592509 
66.584321 
66.576134 
66.567946 
66.559758 
66.551570 
66.543382 
66.535195 
66.527007 
66.518819 
66.510631 
66.502443 
66.494256 
66.486068 
66.477880 
66.469692 
66.461504 
66.453317 
66.445129 
66.436941 
66.428753 
66.420565 
66.412378 
66.404190 
66.396002 
66.387814 
66.379626 
66.371439 
66.363251 
66.355063 
66.346875 
66.338687 
66.330500 
66.322312 
66.314124 
66.305936 
66.297748 
66.289561 
66.281373 
66.273185 
66.264997 
66.256809 
66.248622 
66.240434 
66.232246 
66.224058 
66.215870 
66.207683 
66.199495 
66.191307 
66.183119 
66.174931 
66.166744 
66.158556 
66.150368 
66.142180 
66.133992 
66.125805 
66.117617 
66.109429 
66.101241 
66.093053 
66.084866 
66.076678 
66.068490 
66.060302 
66.052114 
66.043927 
66.035739 
66.027551 
66.019363 
66.011176 
66.002988 
65.994800 
65.986612 
65.978424 
65.970237 
65.962049 
65.953861 
65.945673 
65.937485 
65.929298 
65.921110 
65.912922 
65.904734 
65.896546 
65.888359 
65.880171 
65.871983 
65.863795 
65.855607 
65.847420 
65.839232 
65.831044 
65.822856 
65.814668 
65.806481 
65.798293 
65.790105 
65.781917 
65.773729 
65.765542 
65.757354 
65.749166 
65.740978 
65.732790 
65.724603 
65.716415 
65.708227 
65.700039 
65.691851 
65.683664 
65.675476 
65.667288 
65.659100 
65.650912 
65.642725 
65.634537 
65.626349 
65.618161 
65.609973 
65.601786 
65.593598 
65.585410 
65.577222 
65.569034 
65.560847 
65.552659 
65.544471 
65.536283 
65.528095 
65.519908 
65.511720 
65.503532 
65.495344 
65.487156 
65.478969 
65.470781 
65.462593 
65.454405 
65.446217 
65.438030 
65.429842 
65.421654 
65.413466 
65.405278 
65.397091 
65.388903 
65.380715 
65.372527 
65.364339 
65.356152 
65.347964 
65.339776 
65.331588 
65.323400 
65.315213 
65.307025 
65.298837 
65.290649 
65.282461 
65.274274 
65.266086 
65.257898 
65.249710 
65.241522 
65.233335 
65.225147 
65.216959 
65.208771 
65.200583 
65.192396 
65.184208 
65.176020 
65.167832 
65.159644 
65.151457 
65.143269 
65.135081 
65.126893 
65.118705 
65.110518 
65.102330 
65.094142 
65.085954 
65.077766 
65.069579 
65.061391 
65.053203 
65.045015 
65.036827 
65.028640 
65.020452 
65.012264 
65.004076 
64.995888 
64.987701 
64.979513 
64.971325 
64.963137 
64.954949 
64.946762 
64.938574 
64.930386 
64.922198 
64.914010 
64.905823 
64.897635 
64.889447 
64.881259 
64.873071 
64.864884 
64.856696 
64.848508 
64.840320 
64.832132 
64.823945 
64.815757 
64.807569 
64.799381 
64.791193 
64.783006 
64.774818 
64.766630 
64.758442 
64.750254 
64.742067 
64.733879 
64.725691 
64.717503 
64.709315 
64.701128 
64.692940 
64.684752 
64.676564 
64.668377 
64.660189 
64.652001 
64.643813 
64.635625 
64.627438 
64.619250 
64.611062 
64.602874 
64.594686 
64.586499 
64.578311 
64.570123 
64.561935 
64.553747 
64.545560 
64.537372 
64.529184 
64.520996 
64.512808 
64.504621 
64.496433 
64.488245 
64.480057 
64.471869 
64.463682 
64.455494 
64.447306 
64.439118 
64.430930 
64.422743 
64.414555 
64.406367 
64.398179 
64.389991 
64.381804 
64.373616 
64.365428 
64.357240 
64.349052 
64.340865 
64.332677 
64.324489 
64.316301 
64.308113 
64.299926 
64.291738 
64.283550 
64.275362 
64.267174 
64.258987 
64.250799 
64.242611 
64.234423 
64.226235 
64.218048 
64.209860 
64.201672 
64.193484 
64.185296 
64.177109 
64.168921 
64.160733 
64.152545 
64.144357 
64.136170 
64.127982 
64.119794 
64.111606 
64.103418 
64.095231 
64.087043 
64.078855 
64.070667 
64.062479 
64.054292 
64.046104 
64.037916 
64.029728 
64.021540 
64.013353 
64.005165 
63.996977 
63.988789 
63.980601 
63.972414 
63.964226 
63.956038 
63.947850 
63.939662 
63.931475 
63.923287 
63.915099 
63.906911 
63.898723 
63.890536 
63.882348 
63.874160 
63.865972 
63.857784 
63.849597 
63.841409 
63.833221 
63.825033 
63.816845 
63.808658 
63.800470 
63.792282 
63.784094 
63.775906 
63.767719 
63.759531 
63.751343 
63.743155 
63.734967 
63.726780 
63.718592 
63.710404 
63.702216 
63.694028 
63.685841 
63.677653 
63.669465 
63.661277 
63.653089 
63.644902 
63.636714 
63.628526 
63.620338 
63.612150 
63.603963 
63.595775 
63.587587 
63.579399 
63.571211 
63.563024 
63.554836 
63.546648 
63.538460 
63.530272 
63.522085 
63.513897 
63.505709 
63.497521 
63.489333 
63.481146 
63.472958 
63.464770 
63.456582 
63.448394 
63.440207 
63.432019 
63.423831 
63.415643 
63.407455 
63.399268 
63.391080 
63.382892 
63.374704 
63.366516 
63.358329 
63.350141 
63.341953 
63.333765 
63.325578 
63.317390 
63.309202 
63.301014 
63.292826 
63.284639 
63.276451 
63.268263 
63.260075 
63.251887 
63.243700 
63.235512 
63.227324 
63.219136 
63.210948 
63.202761 
63.194573 
63.186385 
63.178197 
63.170009 
63.161822 
63.153634 
63.145446 
63.137258 
63.129070 
63.120883 
63.112695 
63.104507 
63.096319 
63.088131 
63.079944 
63.071756 
63.063568 
63.055380 
63.047192 
63.039005 
63.030817 
63.022629 
63.014441 
63.006253 
62.998066 
62.989878 
62.981690 
62.973502 
62.965314 
62.957127 
62.948939 
62.940751 
62.932563 
62.924375 
62.916188 
62.908000 
62.899812 
62.891624 
62.883436 
62.875249 
62.867061 
62.858873 
62.850685 
62.842497 
62.834310 
62.826122 
62.817934 
62.809746 
62.801558 
62.793371 
62.785183 
62.776995 
62.768807 
62.760619 
62.752432 
62.744244 
62.736056 
62.727868 
62.719680 
62.711493 
62.703305 
62.695117 
62.686929 
62.678741 
62.670554 
62.662366 
62.654178 
62.645990 
62.637802 
62.629615 
62.621427 
62.613239 
62.605051 
62.596863 
62.588676 
62.580488 
62.572300 
62.564112 
62.555924 
62.547737 
62.539549 
62.531361 
62.523173 
62.514985 
62.506798 
62.498610 
62.490422 
62.482234 
62.474046 
62.465859 
62.457671 
62.449483 
62.441295 
62.433107 
62.424920 
62.416732 
62.408544 
62.400356 
62.392168 
62.383981 
62.375793 
62.367605 
62.359417 
62.351229 
62.343042 
62.334854 
62.326666 
62.318478 
62.310290 
62.302103 
62.293915 
62.285727 
62.277539 
62.269351 
62.261164 
62.252976 
62.244788 
62.236600 
62.228412 
62.220225 
62.212037 
62.203849 
62.195661 
62.187473 
62.179286 
62.171098 
62.162910 
62.154722 
62.146534 
62.138347 
62.130159 
62.121971 
62.113783 
62.105595 
62.097408 
62.089220 
62.081032 
62.072844 
62.064656 
62.056469 
62.048281 
62.040093 
62.031905 
62.023717 
62.015530 
62.007342 
61.999154 
61.990966 
61.982779 
61.974591 
61.966403 
61.958215 
61.950027 
61.941840 
61.933652 
61.925464 
61.917276 
61.909088 
61.900901 
61.892713 
61.884525 
61.876337 
61.868149 
61.859962 
61.851774 
61.843586 
61.835398 
61.827210 
61.819023 
61.810835 
61.802647 
61.794459 
61.786271 
61.778084 
61.769896 
61.761708 
61.753520 
61.745332 
61.737145 
61.728957 
61.720769 
61.712581 
61.704393 
61.696206 
61.688018 
61.679830 
61.671642 
61.663454 
61.655267 
61.647079 
61.638891 
61.630703 
61.622515 
61.614328 
61.606140 
61.597952 
61.589764 
61.581576 
61.573389 
61.565201 
61.557013 
61.548825 
61.540637 
61.532450 
61.524262 
61.516074 
61.507886 
61.499698 
61.491511 
61.483323 
61.475135 
61.466947 
61.458759 
61.450572 
61.442384 
61.434196 
61.426008 
61.417820 
61.409633 
61.401445 
61.393257 
61.385069 
61.376881 
61.368694 
61.360506 
61.352318 
61.344130 
61.335942 
61.327755 
61.319567 
61.311379 
61.303191 
61.295003 
61.286816 
61.278628 
61.270440 
61.262252 
61.254064 
61.245877 
61.237689 
61.229501 
61.221313 
61.213125 
61.204938 
61.196750 
61.188562 
61.180374 
61.172186 
61.163999 
61.155811 
61.147623 
61.139435 
61.131247 
61.123060 
61.114872 
61.106684 
61.098496 
61.090308 
61.082121 
61.073933 
61.065745 
61.057557 
61.049369 
61.041182 
61.032994 
61.024806 
61.016618 
61.008430 
61.000243 
60.992055 
60.983867 
60.975679 
60.967491 
60.959304 
60.951116 
60.942928 
60.934740 
60.926552 
60.918365 
60.910177 
60.901989 
60.893801 
60.885613 
60.877426 
60.869238 
60.861050 
60.852862 
60.844674 
60.836487 
60.828299 
60.820111 
60.811923 
60.803735 
60.795548 
60.787360 
60.779172 
60.770984 
60.762796 
60.754609 
60.746421 
60.738233 
60.730045 
60.721857 
60.713670 
60.705482 
60.697294 
60.689106 
60.680918 
60.672731 
60.664543 
60.656355 
60.648167 
60.639980 
60.631792 
60.623604 
60.615416 
60.607228 
60.599041 
60.590853 
60.582665 
60.574477 
60.566289 
60.558102 
60.549914 
60.541726 
60.533538 
60.525350 
60.517163 
60.508975 
60.500787 
60.492599 
60.484411 
60.476224 
60.468036 
60.459848 
60.451660 
60.443472 
60.435285 
60.427097 
60.418909 
60.410721 
60.402533 
60.394346 
60.386158 
60.377970 
60.369782 
60.361594 
60.353407 
60.345219 
60.337031 
60.328843 
60.320655 
60.312468 
60.304280 
60.296092 
60.287904 
60.279716 
60.271529 
60.263341 
60.255153 
60.246965 
60.238777 
60.230590 
60.222402 
60.214214 
60.206026 
60.197838 
60.189651 
60.181463 
60.173275 
60.165087 
60.156899 
60.148712 
60.140524 
60.132336 
60.124148 
60.115960 
60.107773 
60.099585 
60.091397 
60.083209 
60.075021 
60.066834 
60.058646 
60.050458 
60.042270 
60.034082 
60.025895 
60.017707 
60.009519 
60.001331 
59.993143 
59.984956 
59.976768 
59.968580 
59.960392 
59.952204 
59.944017 
59.935829 
59.927641 
59.919453 
59.911265 
59.903078 
59.894890 
59.886702 
59.878514 
59.870326 
59.862139 
59.853951 
59.845763 
59.837575 
59.829387 
59.821200 
59.813012 
59.804824 
59.796636 
59.788448 
59.780261 
59.772073 
59.763885 
59.755697 
59.747509 
59.739322 
59.731134 
59.722946 
59.714758 
59.706570 
59.698383 
59.690195 
59.682007 
59.673819 
59.665631 
59.657444 
59.649256 
59.641068 
59.632880 
59.624692 
59.616505 
59.608317 
59.600129 
59.591941 
59.583753 
59.575566 
59.567378 
59.559190 
59.551002 
59.542814 
59.534627 
59.526439 
59.518251 
59.510063 
59.501875 
59.493688 
59.485500 
59.477312 
59.469124 
59.460936 
59.452749 
59.444561 
59.436373 
59.428185 
59.419997 
59.411810 
59.403622 
59.395434 
59.387246 
59.379058 
59.370871 
59.362683 
59.354495 
59.346307 
59.338119 
59.329932 
59.321744 
59.313556 
59.305368 
59.297180 
59.288993 
59.280805 
59.272617 
59.264429 
59.256242 
59.248054 
59.239866 
59.231678 
59.223490 
59.215303 
59.207115 
59.198927 
59.190739 
59.182551 
59.174364 
59.166176 
59.157988 
59.149800 
59.141612 
59.133425 
59.125237 
59.117049 
59.108861 
59.100673 
59.092486 
59.084298 
59.076110 
59.067922 
59.059734 
59.051547 
59.043359 
59.035171 
59.026983 
59.018795 
59.010608 
59.002420 
58.994232 
58.986044 
58.977856 
58.969669 
58.961481 
58.953293 
58.945105 
58.936917 
58.928730 
58.920542 
58.912354 
58.904166 
58.895978 
58.887791 
58.879603 
58.871415 
58.863227 
58.855039 
58.846852 
58.838664 
58.830476 
58.822288 
58.814100 
58.805913 
58.797725 
58.789537 
58.781349 
58.773161 
58.764974 
58.756786 
58.748598 
58.740410 
58.732222 
58.724035 
58.715847 
58.707659 
58.699471 
58.691283 
58.683096 
58.674908 
58.666720 
58.658532 
58.650344 
58.642157 
58.633969 
58.625781 
58.617593 
58.609405 
58.601218 
58.593030 
58.584842 
58.576654 
58.568466 
58.560279 
58.552091 
58.543903 
58.535715 
58.527527 
58.519340 
58.511152 
58.502964 
58.494776 
58.486588 
58.478401 
58.470213 
58.462025 
58.453837 
58.445649 
58.437462 
58.429274 
58.421086 
58.412898 
58.404710 
58.396523 
58.388335 
58.380147 
58.371959 
58.363771 
58.355584 
58.347396 
58.339208 
58.331020 
58.322832 
58.314645 
58.306457 
58.298269 
58.290081 
58.281893 
58.273706 
58.265518 
58.257330 
58.249142 
58.240954 
58.232767 
58.224579 
58.216391 
58.208203 
58.200015 
58.191828 
58.183640 
58.175452 
58.167264 
58.159076 
58.150889 
58.142701 
58.134513 
58.126325 
58.118137 
58.109950 
58.101762 
58.093574 
58.085386 
58.077198 
58.069011 
58.060823 
58.052635 
58.044447 
58.036259 
58.028072 
58.019884 
58.011696 
58.003508 
57.995320 
57.987133 
57.978945 
57.970757 
57.962569 
57.954381 
57.946194 
57.938006 
57.929818 
57.921630 
57.913443 
57.905255 
57.897067 
57.888879 
57.880691 
57.872504 
57.864316 
57.856128 
57.847940 
57.839752 
57.831565 
57.823377 
57.815189 
57.807001 
57.798813 
57.790626 
57.782438 
57.774250 
57.766062 
57.757874 
57.749687 
57.741499 
57.733311 
57.725123 
57.716935 
57.708748 
57.700560 
57.692372 
57.684184 
57.675996 
57.667809 
57.659621 
57.651433 
57.643245 
57.635057 
57.626870 
57.618682 
57.610494 
57.602306 
57.594118 
57.585931 
57.577743 
57.569555 
57.561367 
57.553179 
57.544992 
57.536804 
57.528616 
57.520428 
57.512240 
57.504053 
57.495865 
57.487677 
57.479489 
57.471301 
57.463114 
57.454926 
57.446738 
57.438550 
57.430362 
57.422175 
57.413987 
57.405799 
57.397611 
57.389423 
57.381236 
57.373048 
57.364860 
57.356672 
57.348484 
57.340297 
57.332109 
57.323921 
57.315733 
57.307545 
57.299358 
57.291170 
57.282982 
57.274794 
57.266606 
57.258419 
57.250231 
57.242043 
57.233855 
57.225667 
57.217480 
57.209292 
57.201104 
57.192916 
57.184728 
57.176541 
57.168353 
57.160165 
57.151977 
57.143789 
57.135602 
57.127414 
57.119226 
57.111038 
57.102850 
57.094663 
57.086475 
57.078287 
57.070099 
57.061911 
57.053724 
57.045536 
57.037348 
57.029160 
57.020972 
57.012785 
57.004597 
56.996409 
56.988221 
56.980033 
56.971846 
56.963658 
56.955470 
56.947282 
56.939094 
56.930907 
56.922719 
56.914531 
56.906343 
56.898155 
56.889968 
56.881780 
56.873592 
56.865404 
56.857216 
56.849029 
56.840841 
56.832653 
56.824465 
56.816277 
56.808090 
56.799902 
56.791714 
56.783526 
56.775338 
56.767151 
56.758963 
56.750775 
56.742587 
56.734399 
56.726212 
56.718024 
56.709836 
56.701648 
56.693460 
56.685273 
56.677085 
56.668897 
56.660709 
56.652521 
56.644334 
56.636146 
56.627958 
56.619770 
56.611582 
56.603395 
56.595207 
56.587019 
56.578831 
56.570644 
56.562456 
56.554268 
56.546080 
56.537892 
56.529705 
56.521517 
56.513329 
56.505141 
56.496953 
56.488766 
56.480578 
56.472390 
56.464202 
56.456014 
56.447827 
56.439639 
56.431451 
56.423263 
56.415075 
56.406888 
56.398700 
56.390512 
56.382324 
56.374136 
56.365949 
56.357761 
56.349573 
56.341385 
56.333197 
56.325010 
56.316822 
56.308634 
56.300446 
56.292258 
56.284071 
56.275883 
56.267695 
56.259507 
56.251319 
56.243132 
56.234944 
56.226756 
56.218568 
56.210380 
56.202193 
56.194005 
56.185817 
56.177629 
56.169441 
56.161254 
56.153066 
56.144878 
56.136690 
56.128502 
56.120315 
56.112127 
56.103939 
56.095751 
56.087563 
56.079376 
56.071188 
56.063000 
56.054812 
56.046624 
56.038437 
56.030249 
56.022061 
56.013873 
56.005685 
55.997498 
55.989310 
55.981122 
55.972934 
55.964746 
55.956559 
55.948371 
55.940183 
55.931995 
55.923807 
55.915620 
55.907432 
55.899244 
55.891056 
55.882868 
55.874681 
55.866493 
55.858305 
55.850117 
55.841929 
55.833742 
55.825554 
55.817366 
55.809178 
55.800990 
55.792803 
55.784615 
55.776427 
55.768239 
55.760051 
55.751864 
55.743676 
55.735488 
55.727300 
55.719112 
55.710925 
55.702737 
55.694549 
55.686361 
55.678173 
55.669986 
55.661798 
55.653610 
55.645422 
55.637234 
55.629047 
55.620859 
55.612671 
55.604483 
55.596295 
55.588108 
55.579920 
55.571732 
55.563544 
55.555356 
55.547169 
55.538981 
55.530793 
55.522605 
55.514417 
55.506230 
55.498042 
55.489854 
55.481666 
55.473478 
55.465291 
55.457103 
55.448915 
55.440727 
55.432539 
55.424352 
55.416164 
55.407976 
55.399788 
55.391600 
55.383413 
55.375225 
55.367037 
55.358849 
55.350661 
55.342474 
55.334286 
55.326098 
55.317910 
55.309722 
55.301535 
55.293347 
55.285159 
55.276971 
55.268783 
55.260596 
55.252408 
55.244220 
55.236032 
55.227845 
55.219657 
55.211469 
55.203281 
55.195093 
55.186906 
55.178718 
55.170530 
55.162342 
55.154154 
55.145967 
55.137779 
55.129591 
55.121403 
55.113215 
55.105028 
55.096840 
55.088652 
55.080464 
55.072276 
55.064089 
55.055901 
55.047713 
55.039525 
55.031337 
55.023150 
55.014962 
55.006774 
54.998586 
54.990398 
54.982211 
54.974023 
54.965835 
54.957647 
54.949459 
54.941272 
54.933084 
54.924896 
54.916708 
54.908520 
54.900333 
54.892145 
54.883957 
54.875769 
54.867581 
54.859394 
54.851206 
54.843018 
54.834830 
54.826642 
54.818455 
54.810267 
54.802079 
54.793891 
54.785703 
54.777516 
54.769328 
54.761140 
54.752952 
54.744764 
54.736577 
54.728389 
54.720201 
54.712013 
54.703825 
54.695638 
54.687450 
54.679262 
54.671074 
54.662886 
54.654699 
54.646511 
54.638323 
54.630135 
54.621947 
54.613760 
54.605572 
54.597384 
54.589196 
54.581008 
54.572821 
54.564633 
54.556445 
54.548257 
54.540069 
54.531882 
54.523694 
54.515506 
54.507318 
54.499130 
54.490943 
54.482755 
54.474567 
54.466379 
54.458191 
54.450004 
54.441816 
54.433628 
54.425440 
54.417252 
54.409065 
54.400877 
54.392689 
54.384501 
54.376313 
54.368126 
54.359938 
54.351750 
54.343562 
54.335374 
54.327187 
54.318999 
54.310811 
54.302623 
54.294435 
54.286248 
54.278060 
54.269872 
54.261684 
54.253496 
54.245309 
54.237121 
54.228933 
54.220745 
54.212557 
54.204370 
54.196182 
54.187994 
54.179806 
54.171618 
54.163431 
54.155243 
54.147055 
54.138867 
54.130679 
54.122492 
54.114304 
54.106116 
54.097928 
54.089740 
54.081553 
54.073365 
54.065177 
54.056989 
54.048801 
54.040614 
54.032426 
54.024238 
54.016050 
54.007862 
53.999675 
53.991487 
53.983299 
53.975111 
53.966923 
53.958736 
53.950548 
53.942360 
53.934172 
53.925984 
53.917797 
53.909609 
53.901421 
53.893233 
53.885046 
53.876858 
53.868670 
53.860482 
53.852294 
53.844107 
53.835919 
53.827731 
53.819543 
53.811355 
53.803168 
53.794980 
53.786792 
53.778604 
53.770416 
53.762229 
53.754041 
53.745853 
53.737665 
53.729477 
53.721290 
53.713102 
53.704914 
53.696726 
53.688538 
53.680351 
53.672163 
53.663975 
53.655787 
53.647599 
53.639412 
53.631224 
53.623036 
53.614848 
53.606660 
53.598473 
53.590285 
53.582097 
53.573909 
53.565721 
53.557534 
53.549346 
53.541158 
53.532970 
53.524782 
53.516595 
53.508407 
53.500219 
53.492031 
53.483843 
53.475656 
53.467468 
53.459280 
53.451092 
53.442904 
53.434717 
53.426529 
53.418341 
53.410153 
53.401965 
53.393778 
53.385590 
53.377402 
53.369214 
53.361026 
53.352839 
53.344651 
53.336463 
53.328275 
53.320087 
53.311900 
53.303712 
53.295524 
53.287336 
53.279148 
53.270961 
53.262773 
53.254585 
53.246397 
53.238209 
53.230022 
53.221834 
53.213646 
53.205458 
53.197270 
53.189083 
53.180895 
53.172707 
53.164519 
53.156331 
53.148144 
53.139956 
53.131768 
53.123580 
53.115392 
53.107205 
53.099017 
53.090829 
53.082641 
53.074453 
53.066266 
53.058078 
53.049890 
53.041702 
53.033514 
53.025327 
53.017139 
53.008951 
53.000763 
52.992575 
52.984388 
52.976200 
52.968012 
52.959824 
52.951636 
52.943449 
52.935261 
52.927073 
52.918885 
52.910697 
52.902510 
52.894322 
52.886134 
52.877946 
52.869758 
52.861571 
52.853383 
52.845195 
52.837007 
52.828819 
52.820632 
52.812444 
52.804256 
52.796068 
52.787880 
52.779693 
52.771505 
52.763317 
52.755129 
52.746941 
52.738754 
52.730566 
52.722378 
52.714190 
52.706002 
52.697815 
52.689627 
52.681439 
52.673251 
52.665063 
52.656876 
52.648688 
52.640500 
52.632312 
52.624124 
52.615937 
52.607749 
52.599561 
52.591373 
52.583185 
52.574998 
52.566810 
52.558622 
52.550434 
52.542247 
52.534059 
52.525871 
52.517683 
52.509495 
52.501308 
52.493120 
52.484932 
52.476744 
52.468556 
52.460369 
52.452181 
52.443993 
52.435805 
52.427617 
52.419430 
52.411242 
52.403054 
52.394866 
52.386678 
52.378491 
52.370303 
52.362115 
52.353927 
52.345739 
52.337552 
52.329364 
52.321176 
52.312988 
52.304800 
52.296613 
52.288425 
52.280237 
52.272049 
52.263861 
52.255674 
52.247486 
52.239298 
52.231110 
52.222922 
52.214735 
52.206547 
52.198359 
52.190171 
52.181983 
52.173796 
52.165608 
52.157420 
52.149232 
52.141044 
52.132857 
52.124669 
52.116481 
52.108293 
52.100105 
52.091918 
52.083730 
52.075542 
52.067354 
52.059166 
52.050979 
52.042791 
52.034603 
52.026415 
52.018227 
52.010040 
52.001852 
51.993664 
51.985476 
51.977288 
51.969101 
51.960913 
51.952725 
51.944537 
51.936349 
51.928162 
51.919974 
51.911786 
51.903598 
51.895410 
51.887223 
51.879035 
51.870847 
51.862659 
51.854471 
51.846284 
51.838096 
51.829908 
51.821720 
51.813532 
51.805345 
51.797157 
51.788969 
51.780781 
51.772593 
51.764406 
51.756218 
51.748030 
51.739842 
51.731654 
51.723467 
51.715279 
51.707091 
51.698903 
51.690715 
51.682528 
51.674340 
51.666152 
51.657964 
51.649776 
51.641589 
51.633401 
51.625213 
51.617025 
51.608837 
51.600650 
51.592462 
51.584274 
51.576086 
51.567898 
51.559711 
51.551523 
51.543335 
51.535147 
51.526959 
51.518772 
51.510584 
51.502396 
51.494208 
51.486020 
51.477833 
51.469645 
51.461457 
51.453269 
51.445081 
51.436894 
51.428706 
51.420518 
51.412330 
51.404142 
51.395955 
51.387767 
51.379579 
51.371391 
51.363203 
51.355016 
51.346828 
51.338640 
51.330452 
51.322264 
51.314077 
51.305889 
51.297701 
51.289513 
51.281325 
51.273138 
51.264950 
51.256762 
51.248574 
51.240386 
51.232199 
51.224011 
51.215823 
51.207635 
51.199448 
51.191260 
51.183072 
51.174884 
51.166696 
51.158509 
51.150321 
51.142133 
51.133945 
51.125757 
51.117570 
51.109382 
51.101194 
51.093006 
51.084818 
51.076631 
51.068443 
51.060255 
51.052067 
51.043879 
51.035692 
51.027504 
51.019316 
51.011128 
51.002940 
50.994753 
50.986565 
50.978377 
50.970189 
50.962001 
50.953814 
50.945626 
50.937438 
50.929250 
50.921062 
50.912875 
50.904687 
50.896499 
50.888311 
50.880123 
50.871936 
50.863748 
50.855560 
50.847372 
50.839184 
50.830997 
50.822809 
50.814621 
50.806433 
50.798245 
50.790058 
50.781870 
50.773682 
50.765494 
50.757306 
50.749119 
50.740931 
50.732743 
50.724555 
50.716367 
50.708180 
50.699992 
50.691804 
50.683616 
50.675428 
50.667241 
50.659053 
50.650865 
50.642677 
50.634489 
50.626302 
50.618114 
50.609926 
50.601738 
50.593550 
50.585363 
50.577175 
50.568987 
50.560799 
50.552611 
50.544424 
50.536236 
50.528048 
50.519860 
50.511672 
50.503485 
50.495297 
50.487109 
50.478921 
50.470733 
50.462546 
50.454358 
50.446170 
50.437982 
50.429794 
50.421607 
50.413419 
50.405231 
50.397043 
50.388855 
50.380668 
50.372480 
50.364292 
50.356104 
50.347916 
50.339729 
50.331541 
50.323353 
50.315165 
50.306977 
50.298790 
50.290602 
50.282414 
50.274226 
50.266038 
50.257851 
50.249663 
50.241475 
50.233287 
50.225099 
50.216912 
50.208724 
50.200536 
50.192348 
50.184160 
50.175973 
50.167785 
50.159597 
50.151409 
50.143221 
50.135034 
50.126846 
50.118658 
50.110470 
50.102282 
50.094095 
50.085907 
50.077719 
50.069531 
50.061343 
50.053156 
50.044968 
50.036780 
50.028592 
50.020404 
50.012217 
50.004029 
49.995841 
49.987653 
49.979465 
49.971278 
49.963090 
49.954902 
49.946714 
49.938526 
49.930339 
49.922151 
49.913963 
49.905775 
49.897587 
49.889400 
49.881212 
49.873024 
49.864836 
49.856649 
49.848461 
49.840273 
49.832085 
49.823897 
49.815710 
49.807522 
49.799334 
49.791146 
49.782958 
49.774771 
49.766583 
49.758395 
49.750207 
49.742019 
49.733832 
49.725644 
49.717456 
49.709268 
49.701080 
49.692893 
49.684705 
49.676517 
49.668329 
49.660141 
49.651954 
49.643766 
49.635578 
49.627390 
49.619202 
49.611015 
49.602827 
49.594639 
49.586451 
49.578263 
49.570076 
49.561888 
49.553700 
49.545512 
49.537324 
49.529137 
49.520949 
49.512761 
49.504573 
49.496385 
49.488198 
49.480010 
49.471822 
49.463634 
49.455446 
49.447259 
49.439071 
49.430883 
49.422695 
49.414507 
49.406320 
49.398132 
49.389944 
49.381756 
49.373568 
49.365381 
49.357193 
49.349005 
49.340817 
49.332629 
49.324442 
49.316254 
49.308066 
49.299878 
49.291690 
49.283503 
49.275315 
49.267127 
49.258939 
49.250751 
49.242564 
49.234376 
49.226188 
49.218000 
49.209812 
49.201625 
49.193437 
49.185249 
49.177061 
49.168873 
49.160686 
49.152498 
49.144310 
49.136122 
49.127934 
49.119747 
49.111559 
49.103371 
49.095183 
49.086995 
49.078808 
49.070620 
49.062432 
49.054244 
49.046056 
49.037869 
49.029681 
49.021493 
49.013305 
49.005117 
48.996930 
48.988742 
48.980554 
48.972366 
48.964178 
48.955991 
48.947803 
48.939615 
48.931427 
48.923239 
48.915052 
48.906864 
48.898676 
48.890488 
48.882300 
48.874113 
48.865925 
48.857737 
48.849549 
48.841361 
48.833174 
48.824986 
48.816798 
48.808610 
48.800422 
48.792235 
48.784047 
48.775859 
48.767671 
48.759483 
48.751296 
48.743108 
48.734920 
48.726732 
48.718544 
48.710357 
48.702169 
48.693981 
48.685793 
48.677605 
48.669418 
48.661230 
48.653042 
48.644854 
48.636666 
48.628479 
48.620291 
48.612103 
48.603915 
48.595727 
48.587540 
48.579352 
48.571164 
48.562976 
48.554788 
48.546601 
48.538413 
48.530225 
48.522037 
48.513850 
48.505662 
48.497474 
48.489286 
48.481098 
48.472911 
48.464723 
48.456535 
48.448347 
48.440159 
48.431972 
48.423784 
48.415596 
48.407408 
48.399220 
48.391033 
48.382845 
48.374657 
48.366469 
48.358281 
48.350094 
48.341906 
48.333718 
48.325530 
48.317342 
48.309155 
48.300967 
48.292779 
48.284591 
48.276403 
48.268216 
48.260028 
48.251840 
48.243652 
48.235464 
48.227277 
48.219089 
48.210901 
48.202713 
48.194525 
48.186338 
48.178150 
48.169962 
48.161774 
48.153586 
48.145399 
48.137211 
48.129023 
48.120835 
48.112647 
48.104460 
48.096272 
48.088084 
48.079896 
48.071708 
48.063521 
48.055333 
48.047145 
48.038957 
48.030769 
48.022582 
48.014394 
48.006206 
47.998018 
47.989830 
47.981643 
47.973455 
47.965267 
47.957079 
47.948891 
47.940704 
47.932516 
47.924328 
47.916140 
47.907952 
47.899765 
47.891577 
47.883389 
47.875201 
47.867013 
47.858826 
47.850638 
47.842450 
47.834262 
47.826074 
47.817887 
47.809699 
47.801511 
47.793323 
47.785135 
47.776948 
47.768760 
47.760572 
47.752384 
47.744196 
47.736009 
47.727821 
47.719633 
47.711445 
47.703257 
47.695070 
47.686882 
47.678694 
47.670506 
47.662318 
47.654131 
47.645943 
47.637755 
47.629567 
47.621379 
47.613192 
47.605004 
47.596816 
47.588628 
47.580440 
47.572253 
47.564065 
47.555877 
47.547689 
47.539501 
47.531314 
47.523126 
47.514938 
47.506750 
47.498562 
47.490375 
47.482187 
47.473999 
47.465811 
47.457623 
47.449436 
47.441248 
47.433060 
47.424872 
47.416684 
47.408497 
47.400309 
47.392121 
47.383933 
47.375745 
47.367558 
47.359370 
47.351182 
47.342994 
47.334806 
47.326619 
47.318431 
47.310243 
47.302055 
47.293867 
47.285680 
47.277492 
47.269304 
47.261116 
47.252928 
47.244741 
47.236553 
47.228365 
47.220177 
47.211989 
47.203802 
47.195614 
47.187426 
47.179238 
47.171051 
47.162863 
47.154675 
47.146487 
47.138299 
47.130112 
47.121924 
47.113736 
47.105548 
47.097360 
47.089173 
47.080985 
47.072797 
47.064609 
47.056421 
47.048234 
47.040046 
47.031858 
47.023670 
47.015482 
47.007295 
46.999107 
46.990919 
46.982731 
46.974543 
46.966356 
46.958168 
46.949980 
46.941792 
46.933604 
46.925417 
46.917229 
46.909041 
46.900853 
46.892665 
46.884478 
46.876290 
46.868102 
46.859914 
46.851726 
46.843539 
46.835351 
46.827163 
46.818975 
46.810787 
46.802600 
46.794412 
46.786224 
46.778036 
46.769848 
46.761661 
46.753473 
46.745285 
46.737097 
46.728909 
46.720722 
46.712534 
46.704346 
46.696158 
46.687970 
46.679783 
46.671595 
46.663407 
46.655219 
46.647031 
46.638844 
46.630656 
46.622468 
46.614280 
46.606092 
46.597905 
46.589717 
46.581529 
46.573341 
46.565153 
46.556966 
46.548778 
46.540590 
46.532402 
46.524214 
46.516027 
46.507839 
46.499651 
46.491463 
46.483275 
46.475088 
46.466900 
46.458712 
46.450524 
46.442336 
46.434149 
46.425961 
46.417773 
46.409585 
46.401397 
46.393210 
46.385022 
46.376834 
46.368646 
46.360458 
46.352271 
46.344083 
46.335895 
46.327707 
46.319519 
46.311332 
46.303144 
46.294956 
46.286768 
46.278580 
46.270393 
46.262205 
46.254017 
46.245829 
46.237641 
46.229454 
46.221266 
46.213078 
46.204890 
46.196702 
46.188515 
46.180327 
46.172139 
46.163951 
46.155763 
46.147576 
46.139388 
46.131200 
46.123012 
46.114824 
46.106637 
46.098449 
46.090261 
46.082073 
46.073885 
46.065698 
46.057510 
46.049322 
46.041134 
46.032946 
46.024759 
46.016571 
46.008383 
46.000195 
45.992007 
45.983820 
45.975632 
45.967444 
45.959256 
45.951068 
45.942881 
45.934693 
45.926505 
45.918317 
45.910129 
45.901942 
45.893754 
45.885566 
45.877378 
45.869190 
45.861003 
45.852815 
45.844627 
45.836439 
45.828252 
45.820064 
45.811876 
45.803688 
45.795500 
45.787313 
45.779125 
45.770937 
45.762749 
45.754561 
45.746374 
45.738186 
45.729998 
45.721810 
45.713622 
45.705435 
45.697247 
45.689059 
45.680871 
45.672683 
45.664496 
45.656308 
45.648120 
45.639932 
45.631744 
45.623557 
45.615369 
45.607181 
45.598993 
45.590805 
45.582618 
45.574430 
45.566242 
45.558054 
45.549866 
45.541679 
45.533491 
45.525303 
45.517115 
45.508927 
45.500740 
45.492552 
45.484364 
45.476176 
45.467988 
45.459801 
45.451613 
45.443425 
45.435237 
45.427049 
45.418862 
45.410674 
45.402486 
45.394298 
45.386110 
45.377923 
45.369735 
45.361547 
45.353359 
45.345171 
45.336984 
45.328796 
45.320608 
45.312420 
45.304232 
45.296045 
45.287857 
45.279669 
45.271481 
45.263293 
45.255106 
45.246918 
45.238730 
45.230542 
45.222354 
45.214167 
45.205979 
45.197791 
45.189603 
45.181415 
45.173228 
45.165040 
45.156852 
45.148664 
45.140476 
45.132289 
45.124101 
45.115913 
45.107725 
45.099537 
45.091350 
45.083162 
45.074974 
45.066786 
45.058598 
45.050411 
45.042223 
45.034035 
45.025847 
45.017659 
45.009472 
45.001284 
44.993096 
44.984908 
44.976720 
44.968533 
44.960345 
44.952157 
44.943969 
44.935781 
44.927594 
44.919406 
44.911218 
44.903030 
44.894842 
44.886655 
44.878467 
44.870279 
44.862091 
44.853903 
44.845716 
44.837528 
44.829340 
44.821152 
44.812964 
44.804777 
44.796589 
44.788401 
44.780213 
44.772025 
44.763838 
44.755650 
44.747462 
44.739274 
44.731086 
44.722899 
44.714711 
44.706523 
44.698335 
44.690147 
44.681960 
44.673772 
44.665584 
44.657396 
44.649208 
44.641021 
44.632833 
44.624645 
44.616457 
44.608269 
44.600082 
44.591894 
44.583706 
44.575518 
44.567330 
44.559143 
44.550955 
44.542767 
44.534579 
44.526391 
44.518204 
44.510016 
44.501828 
44.493640 
44.485453 
44.477265 
44.469077 
44.460889 
44.452701 
44.444514 
44.436326 
44.428138 
44.419950 
44.411762 
44.403575 
44.395387 
44.387199 
44.379011 
44.370823 
44.362636 
44.354448 
44.346260 
44.338072 
44.329884 
44.321697 
44.313509 
44.305321 
44.297133 
44.288945 
44.280758 
44.272570 
44.264382 
44.256194 
44.248006 
44.239819 
44.231631 
44.223443 
44.215255 
44.207067 
44.198880 
44.190692 
44.182504 
44.174316 
44.166128 
44.157941 
44.149753 
44.141565 
44.133377 
44.125189 
44.117002 
44.108814 
44.100626 
44.092438 
44.084250 
44.076063 
44.067875 
44.059687 
44.051499 
44.043311 
44.035124 
44.026936 
44.018748 
44.010560 
44.002372 
43.994185 
43.985997 
43.977809 
43.969621 
43.961433 
43.953246 
43.945058 
43.936870 
43.928682 
43.920494 
43.912307 
43.904119 
43.895931 
43.887743 
43.879555 
43.871368 
43.863180 
43.854992 
43.846804 
43.838616 
43.830429 
43.822241 
43.814053 
43.805865 
43.797677 
43.789490 
43.781302 
43.773114 
43.764926 
43.756738 
43.748551 
43.740363 
43.732175 
43.723987 
43.715799 
43.707612 
43.699424 
43.691236 
43.683048 
43.674860 
43.666673 
43.658485 
43.650297 
43.642109 
43.633921 
43.625734 
43.617546 
43.609358 
43.601170 
43.592982 
43.584795 
43.576607 
43.568419 
43.560231 
43.552043 
43.543856 
43.535668 
43.527480 
43.519292 
43.511104 
43.502917 
43.494729 
43.486541 
43.478353 
43.470165 
43.461978 
43.453790 
43.445602 
43.437414 
43.429226 
43.421039 
43.412851 
43.404663 
43.396475 
43.388287 
43.380100 
43.371912 
43.363724 
43.355536 
43.347348 
43.339161 
43.330973 
43.322785 
43.314597 
43.306409 
43.298222 
43.290034 
43.281846 
43.273658 
43.265470 
43.257283 
43.249095 
43.240907 
43.232719 
43.224531 
43.216344 
43.208156 
43.199968 
43.191780 
43.183592 
43.175405 
43.167217 
43.159029 
43.150841 
43.142654 
43.134466 
43.126278 
43.118090 
43.109902 
43.101715 
43.093527 
43.085339 
43.077151 
43.068963 
43.060776 
43.052588 
43.044400 
43.036212 
43.028024 
43.019837 
43.011649 
43.003461 
42.995273 
42.987085 
42.978898 
42.970710 
42.962522 
42.954334 
42.946146 
42.937959 
42.929771 
42.921583 
42.913395 
42.905207 
42.897020 
42.888832 
42.880644 
42.872456 
42.864268 
42.856081 
42.847893 
42.839705 
42.831517 
42.823329 
42.815142 
42.806954 
42.798766 
42.790578 
42.782390 
42.774203 
42.766015 
42.757827 
42.749639 
42.741451 
42.733264 
42.725076 
42.716888 
42.708700 
42.700512 
42.692325 
42.684137 
42.675949 
42.667761 
42.659573 
42.651386 
42.643198 
42.635010 
42.626822 
42.618634 
42.610447 
42.602259 
42.594071 
42.585883 
42.577695 
42.569508 
42.561320 
42.553132 
42.544944 
42.536756 
42.528569 
42.520381 
42.512193 
42.504005 
42.495817 
42.487630 
42.479442 
42.471254 
42.463066 
42.454878 
42.446691 
42.438503 
42.430315 
42.422127 
42.413939 
42.405752 
42.397564 
42.389376 
42.381188 
42.373000 
42.364813 
42.356625 
42.348437 
42.340249 
42.332061 
42.323874 
42.315686 
42.307498 
42.299310 
42.291122 
42.282935 
42.274747 
42.266559 
42.258371 
42.250183 
42.241996 
42.233808 
42.225620 
42.217432 
42.209244 
42.201057 
42.192869 
42.184681 
42.176493 
42.168305 
42.160118 
42.151930 
42.143742 
42.135554 
42.127366 
42.119179 
42.110991 
42.102803 
42.094615 
42.086427 
42.078240 
42.070052 
42.061864 
42.053676 
42.045488 
42.037301 
42.029113 
42.020925 
42.012737 
42.004549 
41.996362 
41.988174 
41.979986 
41.971798 
41.963610 
41.955423 
41.947235 
41.939047 
41.930859 
41.922671 
41.914484 
41.906296 
41.898108 
41.889920 
41.881732 
41.873545 
41.865357 
41.857169 
41.848981 
41.840793 
41.832606 
41.824418 
41.816230 
41.808042 
41.799855 
41.791667 
41.783479 
41.775291 
41.767103 
41.758916 
41.750728 
41.742540 
41.734352 
41.726164 
41.717977 
41.709789 
41.701601 
41.693413 
41.685225 
41.677038 
41.668850 
41.660662 
41.652474 
41.644286 
41.636099 
41.627911 
41.619723 
41.611535 
41.603347 
41.595160 
41.586972 
41.578784 
41.570596 
41.562408 
41.554221 
41.546033 
41.537845 
41.529657 
41.521469 
41.513282 
41.505094 
41.496906 
41.488718 
41.480530 
41.472343 
41.464155 
41.455967 
41.447779 
41.439591 
41.431404 
41.423216 
41.415028 
41.406840 
41.398652 
41.390465 
41.382277 
41.374089 
41.365901 
41.357713 
41.349526 
41.341338 
41.333150 
41.324962 
41.316774 
41.308587 
41.300399 
41.292211 
41.284023 
41.275835 
41.267648 
41.259460 
41.251272 
41.243084 
41.234896 
41.226709 
41.218521 
41.210333 
41.202145 
41.193957 
41.185770 
41.177582 
41.169394 
41.161206 
41.153018 
41.144831 
41.136643 
41.128455 
41.120267 
41.112079 
41.103892 
41.095704 
41.087516 
41.079328 
41.071140 
41.062953 
41.054765 
41.046577 
41.038389 
41.030201 
41.022014 
41.013826 
41.005638 
40.997450 
40.989262 
40.981075 
40.972887 
40.964699 
40.956511 
40.948323 
40.940136 
40.931948 
40.923760 
40.915572 
40.907384 
40.899197 
40.891009 
40.882821 
40.874633 
40.866445 
40.858258 
40.850070 
40.841882 
40.833694 
40.825506 
40.817319 
40.809131 
40.800943 
40.792755 
40.784567 
40.776380 
40.768192 
40.760004 
40.751816 
40.743628 
40.735441 
40.727253 
40.719065 
40.710877 
40.702689 
40.694502 
40.686314 
40.678126 
40.669938 
40.661750 
40.653563 
40.645375 
40.637187 
40.628999 
40.620811 
40.612624 
40.604436 
40.596248 
40.588060 
40.579872 
40.571685 
40.563497 
40.555309 
40.547121 
40.538933 
40.530746 
40.522558 
40.514370 
40.506182 
40.497994 
40.489807 
40.481619 
40.473431 
40.465243 
40.457055 
40.448868 
40.440680 
40.432492 
40.424304 
40.416117 
40.407929 
40.399741 
40.391553 
40.383365 
40.375178 
40.366990 
40.358802 
40.350614 
40.342426 
40.334239 
40.326051 
40.317863 
40.309675 
40.301487 
40.293300 
40.285112 
40.276924 
40.268736 
40.260548 
40.252361 
40.244173 
40.235985 
40.227797 
40.219609 
40.211422 
40.203234 
40.195046 
40.186858 
40.178670 
40.170483 
40.162295 
40.154107 
40.145919 
40.137731 
40.129544 
40.121356 
40.113168 
40.104980 
40.096792 
40.088605 
40.080417 
40.072229 
40.064041 
40.055853 
40.047666 
40.039478 
40.031290 
40.023102 
40.014914 
40.006727 
39.998539 
39.990351 
39.982163 
39.973975 
39.965788 
39.957600 
39.949412 
39.941224 
39.933036 
39.924849 
39.916661 
39.908473 
39.900285 
39.892097 
39.883910 
39.875722 
39.867534 
39.859346 
39.851158 
39.842971 
39.834783 
39.826595 
39.818407 
39.810219 
39.802032 
39.793844 
39.785656 
39.777468 
39.769280 
39.761093 
39.752905 
39.744717 
39.736529 
39.728341 
39.720154 
39.711966 
39.703778 
39.695590 
39.687402 
39.679215 
39.671027 
39.662839 
39.654651 
39.646463 
39.638276 
39.630088 
39.621900 
39.613712 
39.605524 
39.597337 
39.589149 
39.580961 
39.572773 
39.564585 
39.556398 
39.548210 
39.540022 
39.531834 
39.523646 
39.515459 
39.507271 
39.499083 
39.490895 
39.482707 
39.474520 
39.466332 
39.458144 
39.449956 
39.441768 
39.433581 
39.425393 
39.417205 
39.409017 
39.400829 
39.392642 
39.384454 
39.376266 
39.368078 
39.359890 
39.351703 
39.343515 
39.335327 
39.327139 
39.318951 
39.310764 
39.302576 
39.294388 
39.286200 
39.278012 
39.269825 
39.261637 
39.253449 
39.245261 
39.237073 
39.228886 
39.220698 
39.212510 
39.204322 
39.196134 
39.187947 
39.179759 
39.171571 
39.163383 
39.155195 
39.147008 
39.138820 
39.130632 
39.122444 
39.114256 
39.106069 
39.097881 
39.089693 
39.081505 
39.073318 
39.065130 
39.056942 
39.048754 
39.040566 
39.032379 
39.024191 
39.016003 
39.007815 
38.999627 
38.991440 
38.983252 
38.975064 
38.966876 
38.958688 
38.950501 
38.942313 
38.934125 
38.925937 
38.917749 
38.909562 
38.901374 
38.893186 
38.884998 
38.876810 
38.868623 
38.860435 
38.852247 
38.844059 
38.835871 
38.827684 
38.819496 
38.811308 
38.803120 
38.794932 
38.786745 
38.778557 
38.770369 
38.762181 
38.753993 
38.745806 
38.737618 
38.729430 
38.721242 
38.713054 
38.704867 
38.696679 
38.688491 
38.680303 
38.672115 
38.663928 
38.655740 
38.647552 
38.639364 
38.631176 
38.622989 
38.614801 
38.606613 
38.598425 
38.590237 
38.582050 
38.573862 
38.565674 
38.557486 
38.549298 
38.541111 
38.532923 
38.524735 
38.516547 
38.508359 
38.500172 
38.491984 
38.483796 
38.475608 
38.467420 
38.459233 
38.451045 
38.442857 
38.434669 
38.426481 
38.418294 
38.410106 
38.401918 
38.393730 
38.385542 
38.377355 
38.369167 
38.360979 
38.352791 
38.344603 
38.336416 
38.328228 
38.320040 
38.311852 
38.303664 
38.295477 
38.287289 
38.279101 
38.270913 
38.262725 
38.254538 
38.246350 
38.238162 
38.229974 
38.221786 
38.213599 
38.205411 
38.197223 
38.189035 
38.180847 
38.172660 
38.164472 
38.156284 
38.148096 
38.139908 
38.131721 
38.123533 
38.115345 
38.107157 
38.098969 
38.090782 
38.082594 
38.074406 
38.066218 
38.058030 
38.049843 
38.041655 
38.033467 
38.025279 
38.017091 
38.008904 
38.000716 
37.992528 
37.984340 
37.976152 
37.967965 
37.959777 
37.951589 
37.943401 
37.935213 
37.927026 
37.918838 
37.910650 
37.902462 
37.894274 
37.886087 
37.877899 
37.869711 
37.861523 
37.853335 
37.845148 
37.836960 
37.828772 
37.820584 
37.812396 
37.804209 
37.796021 
37.787833 
37.779645 
37.771457 
37.763270 
37.755082 
37.746894 
37.738706 
37.730519 
37.722331 
37.714143 
37.705955 
37.697767 
37.689580 
37.681392 
37.673204 
37.665016 
37.656828 
37.648641 
37.640453 
37.632265 
37.624077 
37.615889 
37.607702 
37.599514 
37.591326 
37.583138 
37.574950 
37.566763 
37.558575 
37.550387 
37.542199 
37.534011 
37.525824 
37.517636 
37.509448 
37.501260 
37.493072 
37.484885 
37.476697 
37.468509 
37.460321 
37.452133 
37.443946 
37.435758 
37.427570 
37.419382 
37.411194 
37.403007 
37.394819 
37.386631 
37.378443 
37.370255 
37.362068 
37.353880 
37.345692 
37.337504 
37.329316 
37.321129 
37.312941 
37.304753 
37.296565 
37.288377 
37.280190 
37.272002 
37.263814 
37.255626 
37.247438 
37.239251 
37.231063 
37.222875 
37.214687 
37.206499 
37.198312 
37.190124 
37.181936 
37.173748 
37.165560 
37.157373 
37.149185 
37.140997 
37.132809 
37.124621 
37.116434 
37.108246 
37.100058 
37.091870 
37.083682 
37.075495 
37.067307 
37.059119 
37.050931 
37.042743 
37.034556 
37.026368 
37.018180 
37.009992 
37.001804 
36.993617 
36.985429 
36.977241 
36.969053 
36.960865 
36.952678 
36.944490 
36.936302 
36.928114 
36.919926 
36.911739 
36.903551 
36.895363 
36.887175 
36.878987 
36.870800 
36.862612 
36.854424 
36.846236 
36.838048 
36.829861 
36.821673 
36.813485 
36.805297 
36.797109 
36.788922 
36.780734 
36.772546 
36.764358 
36.756170 
36.747983 
36.739795 
36.731607 
36.723419 
36.715231 
36.707044 
36.698856 
36.690668 
36.682480 
36.674292 
36.666105 
36.657917 
36.649729 
36.641541 
36.633353 
36.625166 
36.616978 
36.608790 
36.600602 
36.592414 
36.584227 
36.576039 
36.567851 
36.559663 
36.551475 
36.543288 
36.535100 
36.526912 
36.518724 
36.510536 
36.502349 
36.494161 
36.485973 
36.477785 
36.469597 
36.461410 
36.453222 
36.445034 
36.436846 
36.428658 
36.420471 
36.412283 
36.404095 
36.395907 
36.387720 
36.379532 
36.371344 
36.363156 
36.354968 
36.346781 
36.338593 
36.330405 
36.322217 
36.314029 
36.305842 
36.297654 
36.289466 
36.281278 
36.273090 
36.264903 
36.256715 
36.248527 
36.240339 
36.232151 
36.223964 
36.215776 
36.207588 
36.199400 
36.191212 
36.183025 
36.174837 
36.166649 
36.158461 
36.150273 
36.142086 
36.133898 
36.125710 
36.117522 
36.109334 
36.101147 
36.092959 
36.084771 
36.076583 
36.068395 
36.060208 
36.052020 
36.043832 
36.035644 
36.027456 
36.019269 
36.011081 
36.002893 
35.994705 
35.986517 
35.978330 
35.970142 
35.961954 
35.953766 
35.945578 
35.937391 
35.929203 
35.921015 
35.912827 
35.904639 
35.896452 
35.888264 
35.880076 
35.871888 
35.863700 
35.855513 
35.847325 
35.839137 
35.830949 
35.822761 
35.814574 
35.806386 
35.798198 
35.790010 
35.781822 
35.773635 
35.765447 
35.757259 
35.749071 
35.740883 
35.732696 
35.724508 
35.716320 
35.708132 
35.699944 
35.691757 
35.683569 
35.675381 
35.667193 
35.659005 
35.650818 
35.642630 
35.634442 
35.626254 
35.618066 
35.609879 
35.601691 
35.593503 
35.585315 
35.577127 
35.568940 
35.560752 
35.552564 
35.544376 
35.536188 
35.528001 
35.519813 
35.511625 
35.503437 
35.495249 
35.487062 
35.478874 
35.470686 
35.462498 
35.454310 
35.446123 
35.437935 
35.429747 
35.421559 
35.413371 
35.405184 
35.396996 
35.388808 
35.380620 
35.372432 
35.364245 
35.356057 
35.347869 
35.339681 
35.331493 
35.323306 
35.315118 
35.306930 
35.298742 
35.290554 
35.282367 
35.274179 
35.265991 
35.257803 
35.249615 
35.241428 
35.233240 
35.225052 
35.216864 
35.208676 
35.200489 
35.192301 
35.184113 
35.175925 
35.167737 
35.159550 
35.151362 
35.143174 
35.134986 
35.126798 
35.118611 
35.110423 
35.102235 
35.094047 
35.085859 
35.077672 
35.069484 
35.061296 
35.053108 
35.044921 
35.036733 
35.028545 
35.020357 
35.012169 
35.003982 
34.995794 
34.987606 
34.979418 
34.971230 
34.963043 
34.954855 
34.946667 
34.938479 
34.930291 
34.922104 
34.913916 
34.905728 
34.897540 
34.889352 
34.881165 
34.872977 
34.864789 
34.856601 
34.848413 
34.840226 
34.832038 
34.823850 
34.815662 
34.807474 
34.799287 
34.791099 
34.782911 
34.774723 
34.766535 
34.758348 
34.750160 
34.741972 
34.733784 
34.725596 
34.717409 
34.709221 
34.701033 
34.692845 
34.684657 
34.676470 
34.668282 
34.660094 
34.651906 
34.643718 
34.635531 
34.627343 
34.619155 
34.610967 
34.602779 
34.594592 
34.586404 
34.578216 
34.570028 
34.561840 
34.553653 
34.545465 
34.537277 
34.529089 
34.520901 
34.512714 
34.504526 
34.496338 
34.488150 
34.479962 
34.471775 
34.463587 
34.455399 
34.447211 
34.439023 
34.430836 
34.422648 
34.414460 
34.406272 
34.398084 
34.389897 
34.381709 
34.373521 
34.365333 
34.357145 
34.348958 
34.340770 
34.332582 
34.324394 
34.316206 
34.308019 
34.299831 
34.291643 
34.283455 
34.275267 
34.267080 
34.258892 
34.250704 
34.242516 
34.234328 
34.226141 
34.217953 
34.209765 
34.201577 
34.193389 
34.185202 
34.177014 
34.168826 
34.160638 
34.152450 
34.144263 
34.136075 
34.127887 
34.119699 
34.111511 
34.103324 
34.095136 
34.086948 
34.078760 
34.070572 
34.062385 
34.054197 
34.046009 
34.037821 
34.029633 
34.021446 
34.013258 
34.005070 
33.996882 
33.988694 
33.980507 
33.972319 
33.964131 
33.955943 
33.947755 
33.939568 
33.931380 
33.923192 
33.915004 
33.906816 
33.898629 
33.890441 
33.882253 
33.874065 
33.865877 
33.857690 
33.849502 
33.841314 
33.833126 
33.824938 
33.816751 
33.808563 
33.800375 
33.792187 
33.783999 
33.775812 
33.767624 
33.759436 
33.751248 
33.743060 
33.734873 
33.726685 
33.718497 
33.710309 
33.702122 
33.693934 
33.685746 
33.677558 
33.669370 
33.661183 
33.652995 
33.644807 
33.636619 
33.628431 
33.620244 
33.612056 
33.603868 
33.595680 
33.587492 
33.579305 
33.571117 
33.562929 
33.554741 
33.546553 
33.538366 
33.530178 
33.521990 
33.513802 
33.505614 
33.497427 
33.489239 
33.481051 
33.472863 
33.464675 
33.456488 
33.448300 
33.440112 
33.431924 
33.423736 
33.415549 
33.407361 
33.399173 
33.390985 
33.382797 
33.374610 
33.366422 
33.358234 
33.350046 
33.341858 
33.333671 
33.325483 
33.317295 
33.309107 
33.300919 
33.292732 
33.284544 
33.276356 
33.268168 
33.259980 
33.251793 
33.243605 
33.235417 
33.227229 
33.219041 
33.210854 
33.202666 
33.194478 
33.186290 
33.178102 
33.169915 
33.161727 
33.153539 
33.145351 
33.137163 
33.128976 
33.120788 
33.112600 
33.104412 
33.096224 
33.088037 
33.079849 
33.071661 
33.063473 
33.055285 
33.047098 
33.038910 
33.030722 
33.022534 
33.014346 
33.006159 
32.997971 
32.989783 
32.981595 
32.973407 
32.965220 
32.957032 
32.948844 
32.940656 
32.932468 
32.924281 
32.916093 
32.907905 
32.899717 
32.891529 
32.883342 
32.875154 
32.866966 
32.858778 
32.850590 
32.842403 
32.834215 
32.826027 
32.817839 
32.809651 
32.801464 
32.793276 
32.785088 
32.776900 
32.768712 
32.760525 
32.752337 
32.744149 
32.735961 
32.727773 
32.719586 
32.711398 
32.703210 
32.695022 
32.686834 
32.678647 
32.670459 
32.662271 
32.654083 
32.645895 
32.637708 
32.629520 
32.621332 
32.613144 
32.604956 
32.596769 
32.588581 
32.580393 
32.572205 
32.564017 
32.555830 
32.547642 
32.539454 
32.531266 
32.523078 
32.514891 
32.506703 
32.498515 
32.490327 
32.482139 
32.473952 
32.465764 
32.457576 
32.449388 
32.441200 
32.433013 
32.424825 
32.416637 
32.408449 
32.400261 
32.392074 
32.383886 
32.375698 
32.367510 
32.359323 
32.351135 
32.342947 
32.334759 
32.326571 
32.318384 
32.310196 
32.302008 
32.293820 
32.285632 
32.277445 
32.269257 
32.261069 
32.252881 
32.244693 
32.236506 
32.228318 
32.220130 
32.211942 
32.203754 
32.195567 
32.187379 
32.179191 
32.171003 
32.162815 
32.154628 
32.146440 
32.138252 
32.130064 
32.121876 
32.113689 
32.105501 
32.097313 
32.089125 
32.080937 
32.072750 
32.064562 
32.056374 
32.048186 
32.039998 
32.031811 
32.023623 
32.015435 
32.007247 
31.999059 
31.990872 
31.982684 
31.974496 
31.966308 
31.958120 
31.949933 
31.941745 
31.933557 
31.925369 
31.917181 
31.908994 
31.900806 
31.892618 
31.884430 
31.876242 
31.868055 
31.859867 
31.851679 
31.843491 
31.835303 
31.827116 
31.818928 
31.810740 
31.802552 
31.794364 
31.786177 
31.777989 
31.769801 
31.761613 
31.753425 
31.745238 
31.737050 
31.728862 
31.720674 
31.712486 
31.704299 
31.696111 
31.687923 
31.679735 
31.671547 
31.663360 
31.655172 
31.646984 
31.638796 
31.630608 
31.622421 
31.614233 
31.606045 
31.597857 
31.589669 
31.581482 
31.573294 
31.565106 
31.556918 
31.548730 
31.540543 
31.532355 
31.524167 
31.515979 
31.507791 
31.499604 
31.491416 
31.483228 
31.475040 
31.466852 
31.458665 
31.450477 
31.442289 
31.434101 
31.425913 
31.417726 
31.409538 
31.401350 
31.393162 
31.384974 
31.376787 
31.368599 
31.360411 
31.352223 
31.344035 
31.335848 
31.327660 
31.319472 
31.311284 
31.303096 
31.294909 
31.286721 
31.278533 
31.270345 
31.262157 
31.253970 
31.245782 
31.237594 
31.229406 
31.221218 
31.213031 
31.204843 
31.196655 
31.188467 
31.180279 
31.172092 
31.163904 
31.155716 
31.147528 
31.139340 
31.131153 
31.122965 
31.114777 
31.106589 
31.098401 
31.090214 
31.082026 
31.073838 
31.065650 
31.057462 
31.049275 
31.041087 
31.032899 
31.024711 
31.016524 
31.008336 
31.000148 
30.991960 
30.983772 
30.975585 
30.967397 
30.959209 
30.951021 
30.942833 
30.934646 
30.926458 
30.918270 
30.910082 
30.901894 
30.893707 
30.885519 
30.877331 
30.869143 
30.860955 
30.852768 
30.844580 
30.836392 
30.828204 
30.820016 
30.811829 
30.803641 
30.795453 
30.787265 
30.779077 
30.770890 
30.762702 
30.754514 
30.746326 
30.738138 
30.729951 
30.721763 
30.713575 
30.705387 
30.697199 
30.689012 
30.680824 
30.672636 
30.664448 
30.656260 
30.648073 
30.639885 
30.631697 
30.623509 
30.615321 
30.607134 
30.598946 
30.590758 
30.582570 
30.574382 
30.566195 
30.558007 
30.549819 
30.541631 
30.533443 
30.525256 
30.517068 
30.508880 
30.500692 
30.492504 
30.484317 
30.476129 
30.467941 
30.459753 
30.451565 
30.443378 
30.435190 
30.427002 
30.418814 
30.410626 
30.402439 
30.394251 
30.386063 
30.377875 
30.369687 
30.361500 
30.353312 
30.345124 
30.336936 
30.328748 
30.320561 
30.312373 
30.304185 
30.295997 
30.287809 
30.279622 
30.271434 
30.263246 
30.255058 
30.246870 
30.238683 
30.230495 
30.222307 
30.214119 
30.205931 
30.197744 
30.189556 
30.181368 
30.173180 
30.164992 
30.156805 
30.148617 
30.140429 
30.132241 
30.124053 
30.115866 
30.107678 
30.099490 
30.091302 
30.083114 
30.074927 
30.066739 
30.058551 
30.050363 
30.042175 
30.033988 
30.025800 
30.017612 
30.009424 
30.001236 
29.993049 
29.984861 
29.976673 
29.968485 
29.960297 
29.952110 
29.943922 
29.935734 
29.927546 
29.919358 
29.911171 
29.902983 
29.894795 
29.886607 
29.878419 
29.870232 
29.862044 
29.853856 
29.845668 
29.837480 
29.829293 
29.821105 
29.812917 
29.804729 
29.796541 
29.788354 
29.780166 
29.771978 
29.763790 
29.755602 
29.747415 
29.739227 
29.731039 
29.722851 
29.714663 
29.706476 
29.698288 
29.690100 
29.681912 
29.673725 
29.665537 
29.657349 
29.649161 
29.640973 
29.632786 
29.624598 
29.616410 
29.608222 
29.600034 
29.591847 
29.583659 
29.575471 
29.567283 
29.559095 
29.550908 
29.542720 
29.534532 
29.526344 
29.518156 
29.509969 
29.501781 
29.493593 
29.485405 
29.477217 
29.469030 
29.460842 
29.452654 
29.444466 
29.436278 
29.428091 
29.419903 
29.411715 
29.403527 
29.395339 
29.387152 
29.378964 
29.370776 
29.362588 
29.354400 
29.346213 
29.338025 
29.329837 
29.321649 
29.313461 
29.305274 
29.297086 
29.288898 
29.280710 
29.272522 
29.264335 
29.256147 
29.247959 
29.239771 
29.231583 
29.223396 
29.215208 
29.207020 
29.198832 
29.190644 
29.182457 
29.174269 
29.166081 
29.157893 
29.149705 
29.141518 
29.133330 
29.125142 
29.116954 
29.108766 
29.100579 
29.092391 
29.084203 
29.076015 
29.067827 
29.059640 
29.051452 
29.043264 
29.035076 
29.026888 
29.018701 
29.010513 
29.002325 
28.994137 
28.985949 
28.977762 
28.969574 
28.961386 
28.953198 
28.945010 
28.936823 
28.928635 
28.920447 
28.912259 
28.904071 
28.895884 
28.887696 
28.879508 
28.871320 
28.863132 
28.854945 
28.846757 
28.838569 
28.830381 
28.822193 
28.814006 
28.805818 
28.797630 
28.789442 
28.781254 
28.773067 
28.764879 
28.756691 
28.748503 
28.740315 
28.732128 
28.723940 
28.715752 
28.707564 
28.699376 
28.691189 
28.683001 
28.674813 
28.666625 
28.658437 
28.650250 
28.642062 
28.633874 
28.625686 
28.617498 
28.609311 
28.601123 
28.592935 
28.584747 
28.576559 
28.568372 
28.560184 
28.551996 
28.543808 
28.535620 
28.527433 
28.519245 
28.511057 
28.502869 
28.494681 
28.486494 
28.478306 
28.470118 
28.461930 
28.453742 
28.445555 
28.437367 
28.429179 
28.420991 
28.412803 
28.404616 
28.396428 
28.388240 
28.380052 
28.371864 
28.363677 
28.355489 
28.347301 
28.339113 
28.330926 
28.322738 
28.314550 
28.306362 
28.298174 
28.289987 
28.281799 
28.273611 
28.265423 
28.257235 
28.249048 
28.240860 
28.232672 
28.224484 
28.216296 
28.208109 
28.199921 
28.191733 
28.183545 
28.175357 
28.167170 
28.158982 
28.150794 
28.142606 
28.134418 
28.126231 
28.118043 
28.109855 
28.101667 
28.093479 
28.085292 
28.077104 
28.068916 
28.060728 
28.052540 
28.044353 
28.036165 
28.027977 
28.019789 
28.011601 
28.003414 
27.995226 
27.987038 
27.978850 
27.970662 
27.962475 
27.954287 
27.946099 
27.937911 
27.929723 
27.921536 
27.913348 
27.905160 
27.896972 
27.888784 
27.880597 
27.872409 
27.864221 
27.856033 
27.847845 
27.839658 
27.831470 
27.823282 
27.815094 
27.806906 
27.798719 
27.790531 
27.782343 
27.774155 
27.765967 
27.757780 
27.749592 
27.741404 
27.733216 
27.725028 
27.716841 
27.708653 
27.700465 
27.692277 
27.684089 
27.675902 
27.667714 
27.659526 
27.651338 
27.643150 
27.634963 
27.626775 
27.618587 
27.610399 
27.602211 
27.594024 
27.585836 
27.577648 
27.569460 
27.561272 
27.553085 
27.544897 
27.536709 
27.528521 
27.520333 
27.512146 
27.503958 
27.495770 
27.487582 
27.479394 
27.471207 
27.463019 
27.454831 
27.446643 
27.438455 
27.430268 
27.422080 
27.413892 
27.405704 
27.397516 
27.389329 
27.381141 
27.372953 
27.364765 
27.356577 
27.348390 
27.340202 
27.332014 
27.323826 
27.315638 
27.307451 
27.299263 
27.291075 
27.282887 
27.274699 
27.266512 
27.258324 
27.250136 
27.241948 
27.233760 
27.225573 
27.217385 
27.209197 
27.201009 
27.192821 
27.184634 
27.176446 
27.168258 
27.160070 
27.151882 
27.143695 
27.135507 
27.127319 
27.119131 
27.110943 
27.102756 
27.094568 
27.086380 
27.078192 
27.070004 
27.061817 
27.053629 
27.045441 
27.037253 
27.029065 
27.020878 
27.012690 
27.004502 
26.996314 
26.988127 
26.979939 
26.971751 
26.963563 
26.955375 
26.947188 
26.939000 
26.930812 
26.922624 
26.914436 
26.906249 
26.898061 
26.889873 
26.881685 
26.873497 
26.865310 
26.857122 
26.848934 
26.840746 
26.832558 
26.824371 
26.816183 
26.807995 
26.799807 
26.791619 
26.783432 
26.775244 
26.767056 
26.758868 
26.750680 
26.742493 
26.734305 
26.726117 
26.717929 
26.709741 
26.701554 
26.693366 
26.685178 
26.676990 
26.668802 
26.660615 
26.652427 
26.644239 
26.636051 
26.627863 
26.619676 
26.611488 
26.603300 
26.595112 
26.586924 
26.578737 
26.570549 
26.562361 
26.554173 
26.545985 
26.537798 
26.529610 
26.521422 
26.513234 
26.505046 
26.496859 
26.488671 
26.480483 
26.472295 
26.464107 
26.455920 
26.447732 
26.439544 
26.431356 
26.423168 
26.414981 
26.406793 
26.398605 
26.390417 
26.382229 
26.374042 
26.365854 
26.357666 
26.349478 
26.341290 
26.333103 
26.324915 
26.316727 
26.308539 
26.300351 
26.292164 
26.283976 
26.275788 
26.267600 
26.259412 
26.251225 
26.243037 
26.234849 
26.226661 
26.218473 
26.210286 
26.202098 
26.193910 
26.185722 
26.177534 
26.169347 
26.161159 
26.152971 
26.144783 
26.136595 
26.128408 
26.120220 
26.112032 
26.103844 
26.095656 
26.087469 
26.079281 
26.071093 
26.062905 
26.054717 
26.046530 
26.038342 
26.030154 
26.021966 
26.013778 
26.005591 
25.997403 
25.989215 
25.981027 
25.972839 
25.964652 
25.956464 
25.948276 
25.940088 
25.931900 
25.923713 
25.915525 
25.907337 
25.899149 
25.890961 
25.882774 
25.874586 
25.866398 
25.858210 
25.850022 
25.841835 
25.833647 
25.825459 
25.817271 
25.809083 
25.800896 
25.792708 
25.784520 
25.776332 
25.768144 
25.759957 
25.751769 
25.743581 
25.735393 
25.727205 
25.719018 
25.710830 
25.702642 
25.694454 
25.686266 
25.678079 
25.669891 
25.661703 
25.653515 
25.645328 
25.637140 
25.628952 
25.620764 
25.612576 
25.604389 
25.596201 
25.588013 
25.579825 
25.571637 
25.563450 
25.555262 
25.547074 
25.538886 
25.530698 
25.522511 
25.514323 
25.506135 
25.497947 
25.489759 
25.481572 
25.473384 
25.465196 
25.457008 
25.448820 
25.440633 
25.432445 
25.424257 
25.416069 
25.407881 
25.399694 
25.391506 
25.383318 
25.375130 
25.366942 
25.358755 
25.350567 
25.342379 
25.334191 
25.326003 
25.317816 
25.309628 
25.301440 
25.293252 
25.285064 
25.276877 
25.268689 
25.260501 
25.252313 
25.244125 
25.235938 
25.227750 
25.219562 
25.211374 
25.203186 
25.194999 
25.186811 
25.178623 
25.170435 
25.162247 
25.154060 
25.145872 
25.137684 
25.129496 
25.121308 
25.113121 
25.104933 
25.096745 
25.088557 
25.080369 
25.072182 
25.063994 
25.055806 
25.047618 
25.039430 
25.031243 
25.023055 
25.014867 
25.006679 
24.998491 
24.990304 
24.982116 
24.973928 
24.965740 
24.957552 
24.949365 
24.941177 
24.932989 
24.924801 
24.916613 
24.908426 
24.900238 
24.892050 
24.883862 
24.875674 
24.867487 
24.859299 
24.851111 
24.842923 
24.834735 
24.826548 
24.818360 
24.810172 
24.801984 
24.793796 
24.785609 
24.777421 
24.769233 
24.761045 
24.752857 
24.744670 
24.736482 
24.728294 
24.720106 
24.711918 
24.703731 
24.695543 
24.687355 
24.679167 
24.670979 
24.662792 
24.654604 
24.646416 
24.638228 
24.630040 
24.621853 
24.613665 
24.605477 
24.597289 
24.589101 
24.580914 
24.572726 
24.564538 
24.556350 
24.548162 
24.539975 
24.531787 
24.523599 
24.515411 
24.507223 
24.499036 
24.490848 
24.482660 
24.474472 
24.466284 
24.458097 
24.449909 
24.441721 
24.433533 
24.425345 
24.417158 
24.408970 
24.400782 
24.392594 
24.384406 
24.376219 
24.368031 
24.359843 
24.351655 
24.343467 
24.335280 
24.327092 
24.318904 
24.310716 
24.302529 
24.294341 
24.286153 
24.277965 
24.269777 
24.261590 
24.253402 
24.245214 
24.237026 
24.228838 
24.220651 
24.212463 
24.204275 
24.196087 
24.187899 
24.179712 
24.171524 
24.163336 
24.155148 
24.146960 
24.138773 
24.130585 
24.122397 
24.114209 
24.106021 
24.097834 
24.089646 
24.081458 
24.073270 
24.065082 
24.056895 
24.048707 
24.040519 
24.032331 
24.024143 
24.015956 
24.007768 
23.999580 
23.991392 
23.983204 
23.975017 
23.966829 
23.958641 
23.950453 
23.942265 
23.934078 
23.925890 
23.917702 
23.909514 
23.901326 
23.893139 
23.884951 
23.876763 
23.868575 
23.860387 
23.852200 
23.844012 
23.835824 
23.827636 
23.819448 
23.811261 
23.803073 
23.794885 
23.786697 
23.778509 
23.770322 
23.762134 
23.753946 
23.745758 
23.737570 
23.729383 
23.721195 
23.713007 
23.704819 
23.696631 
23.688444 
23.680256 
23.672068 
23.663880 
23.655692 
23.647505 
23.639317 
23.631129 
23.622941 
23.614753 
23.606566 
23.598378 
23.590190 
23.582002 
23.573814 
23.565627 
23.557439 
23.549251 
23.541063 
23.532875 
23.524688 
23.516500 
23.508312 
23.500124 
23.491936 
23.483749 
23.475561 
23.467373 
23.459185 
23.450997 
23.442810 
23.434622 
23.426434 
23.418246 
23.410058 
23.401871 
23.393683 
23.385495 
23.377307 
23.369119 
23.360932 
23.352744 
23.344556 
23.336368 
23.328180 
23.319993 
23.311805 
23.303617 
23.295429 
23.287241 
23.279054 
23.270866 
23.262678 
23.254490 
23.246302 
23.238115 
23.229927 
23.221739 
23.213551 
23.205363 
23.197176 
23.188988 
23.180800 
23.172612 
23.164424 
23.156237 
23.148049 
23.139861 
23.131673 
23.123485 
23.115298 
23.107110 
23.098922 
23.090734 
23.082546 
23.074359 
23.066171 
23.057983 
23.049795 
23.041607 
23.033420 
23.025232 
23.017044 
23.008856 
23.000668 
22.992481 
22.984293 
22.976105 
22.967917 
22.959730 
22.951542 
22.943354 
22.935166 
22.926978 
22.918791 
22.910603 
22.902415 
22.894227 
22.886039 
22.877852 
22.869664 
22.861476 
22.853288 
22.845100 
22.836913 
22.828725 
22.820537 
22.812349 
22.804161 
22.795974 
22.787786 
22.779598 
22.771410 
22.763222 
22.755035 
22.746847 
22.738659 
22.730471 
22.722283 
22.714096 
22.705908 
22.697720 
22.689532 
22.681344 
22.673157 
22.664969 
22.656781 
22.648593 
22.640405 
22.632218 
22.624030 
22.615842 
22.607654 
22.599466 
22.591279 
22.583091 
22.574903 
22.566715 
22.558527 
22.550340 
22.542152 
22.533964 
22.525776 
22.517588 
22.509401 
22.501213 
22.493025 
22.484837 
22.476649 
22.468462 
22.460274 
22.452086 
22.443898 
22.435710 
22.427523 
22.419335 
22.411147 
22.402959 
22.394771 
22.386584 
22.378396 
22.370208 
22.362020 
22.353832 
22.345645 
22.337457 
22.329269 
22.321081 
22.312893 
22.304706 
22.296518 
22.288330 
22.280142 
22.271954 
22.263767 
22.255579 
22.247391 
22.239203 
22.231015 
22.222828 
22.214640 
22.206452 
22.198264 
22.190076 
22.181889 
22.173701 
22.165513 
22.157325 
22.149137 
22.140950 
22.132762 
22.124574 
22.116386 
22.108198 
22.100011 
22.091823 
22.083635 
22.075447 
22.067259 
22.059072 
22.050884 
22.042696 
22.034508 
22.026320 
22.018133 
22.009945 
22.001757 
21.993569 
21.985381 
21.977194 
21.969006 
21.960818 
21.952630 
21.944442 
21.936255 
21.928067 
21.919879 
21.911691 
21.903503 
21.895316 
21.887128 
21.878940 
21.870752 
21.862564 
21.854377 
21.846189 
21.838001 
21.829813 
21.821625 
21.813438 
21.805250 
21.797062 
21.788874 
21.780686 
21.772499 
21.764311 
21.756123 
21.747935 
21.739747 
21.731560 
21.723372 
21.715184 
21.706996 
21.698808 
21.690621 
21.682433 
21.674245 
21.666057 
21.657869 
21.649682 
21.641494 
21.633306 
21.625118 
21.616930 
21.608743 
21.600555 
21.592367 
21.584179 
21.575992 
21.567804 
21.559616 
21.551428 
21.543240 
21.535053 
21.526865 
21.518677 
21.510489 
21.502301 
21.494114 
21.485926 
21.477738 
21.469550 
21.461362 
21.453175 
21.444987 
21.436799 
21.428611 
21.420423 
21.412236 
21.404048 
21.395860 
21.387672 
21.379484 
21.371297 
21.363109 
21.354921 
21.346733 
21.338545 
21.330358 
21.322170 
21.313982 
21.305794 
21.297606 
21.289419 
21.281231 
21.273043 
21.264855 
21.256667 
21.248480 
21.240292 
21.232104 
21.223916 
21.215728 
21.207541 
21.199353 
21.191165 
21.182977 
21.174789 
21.166602 
21.158414 
21.150226 
21.142038 
21.133850 
21.125663 
21.117475 
21.109287 
21.101099 
21.092911 
21.084724 
21.076536 
21.068348 
21.060160 
21.051972 
21.043785 
21.035597 
21.027409 
21.019221 
21.011033 
21.002846 
20.994658 
20.986470 
20.978282 
20.970094 
20.961907 
20.953719 
20.945531 
20.937343 
20.929155 
20.920968 
20.912780 
20.904592 
20.896404 
20.888216 
20.880029 
20.871841 
20.863653 
20.855465 
20.847277 
20.839090 
20.830902 
20.822714 
20.814526 
20.806338 
20.798151 
20.789963 
20.781775 
20.773587 
20.765399 
20.757212 
20.749024 
20.740836 
20.732648 
20.724460 
20.716273 
20.708085 
20.699897 
20.691709 
20.683521 
20.675334 
20.667146 
20.658958 
20.650770 
20.642582 
20.634395 
20.626207 
20.618019 
20.609831 
20.601643 
20.593456 
20.585268 
20.577080 
20.568892 
20.560704 
20.552517 
20.544329 
20.536141 
20.527953 
20.519765 
20.511578 
20.503390 
20.495202 
20.487014 
20.478826 
20.470639 
20.462451 
20.454263 
20.446075 
20.437887 
20.429700 
20.421512 
20.413324 
20.405136 
20.396948 
20.388761 
20.380573 
20.372385 
20.364197 
20.356009 
20.347822 
20.339634 
20.331446 
20.323258 
20.315070 
20.306883 
20.298695 
20.290507 
20.282319 
20.274131 
20.265944 
20.257756 
20.249568 
20.241380 
20.233193 
20.225005 
20.216817 
20.208629 
20.200441 
20.192254 
20.184066 
20.175878 
20.167690 
20.159502 
20.151315 
20.143127 
20.134939 
20.126751 
20.118563 
20.110376 
20.102188 
20.094000 
20.085812 
20.077624 
20.069437 
20.061249 
20.053061 
20.044873 
20.036685 
20.028498 
20.020310 
20.012122 
20.003934 
19.995746 
19.987559 
19.979371 
19.971183 
19.962995 
19.954807 
19.946620 
19.938432 
19.930244 
19.922056 
19.913868 
19.905681 
19.897493 
19.889305 
19.881117 
19.872929 
19.864742 
19.856554 
19.848366 
19.840178 
19.831990 
19.823803 
19.815615 
19.807427 
19.799239 
19.791051 
19.782864 
19.774676 
19.766488 
19.758300 
19.750112 
19.741925 
19.733737 
19.725549 
19.717361 
19.709173 
19.700986 
19.692798 
19.684610 
19.676422 
19.668234 
19.660047 
19.651859 
19.643671 
19.635483 
19.627295 
19.619108 
19.610920 
19.602732 
19.594544 
19.586356 
19.578169 
19.569981 
19.561793 
19.553605 
19.545417 
19.537230 
19.529042 
19.520854 
19.512666 
19.504478 
19.496291 
19.488103 
19.479915 
19.471727 
19.463539 
19.455352 
19.447164 
19.438976 
19.430788 
19.422600 
19.414413 
19.406225 
19.398037 
19.389849 
19.381661 
19.373474 
19.365286 
19.357098 
19.348910 
19.340722 
19.332535 
19.324347 
19.316159 
19.307971 
19.299783 
19.291596 
19.283408 
19.275220 
19.267032 
19.258844 
19.250657 
19.242469 
19.234281 
19.226093 
19.217905 
19.209718 
19.201530 
19.193342 
19.185154 
19.176966 
19.168779 
19.160591 
19.152403 
19.144215 
19.136027 
19.127840 
19.119652 
19.111464 
19.103276 
19.095088 
19.086901 
19.078713 
19.070525 
19.062337 
19.054149 
19.045962 
19.037774 
19.029586 
19.021398 
19.013210 
19.005023 
18.996835 
18.988647 
18.980459 
18.972271 
18.964084 
18.955896 
18.947708 
18.939520 
18.931332 
18.923145 
18.914957 
18.906769 
18.898581 
18.890394 
18.882206 
18.874018 
18.865830 
18.857642 
18.849455 
18.841267 
18.833079 
18.824891 
18.816703 
18.808516 
18.800328 
18.792140 
18.783952 
18.775764 
18.767577 
18.759389 
18.751201 
18.743013 
18.734825 
18.726638 
18.718450 
18.710262 
18.702074 
18.693886 
18.685699 
18.677511 
18.669323 
18.661135 
18.652947 
18.644760 
18.636572 
18.628384 
18.620196 
18.612008 
18.603821 
18.595633 
18.587445 
18.579257 
18.571069 
18.562882 
18.554694 
18.546506 
18.538318 
18.530130 
18.521943 
18.513755 
18.505567 
18.497379 
18.489191 
18.481004 
18.472816 
18.464628 
18.456440 
18.448252 
18.440065 
18.431877 
18.423689 
18.415501 
18.407313 
18.399126 
18.390938 
18.382750 
18.374562 
18.366374 
18.358187 
18.349999 
18.341811 
18.333623 
18.325435 
18.317248 
18.309060 
18.300872 
18.292684 
18.284496 
18.276309 
18.268121 
18.259933 
18.251745 
18.243557 
18.235370 
18.227182 
18.218994 
18.210806 
18.202618 
18.194431 
18.186243 
18.178055 
18.169867 
18.161679 
18.153492 
18.145304 
18.137116 
18.128928 
18.120740 
18.112553 
18.104365 
18.096177 
18.087989 
18.079801 
18.071614 
18.063426 
18.055238 
18.047050 
18.038862 
18.030675 
18.022487 
18.014299 
18.006111 
17.997923 
17.989736 
17.981548 
17.973360 
17.965172 
17.956984 
17.948797 
17.940609 
17.932421 
17.924233 
17.916045 
17.907858 
17.899670 
17.891482 
17.883294 
17.875106 
17.866919 
17.858731 
17.850543 
17.842355 
17.834167 
17.825980 
17.817792 
17.809604 
17.801416 
17.793228 
17.785041 
17.776853 
17.768665 
17.760477 
17.752289 
17.744102 
17.735914 
17.727726 
17.719538 
17.711350 
17.703163 
17.694975 
17.686787 
17.678599 
17.670411 
17.662224 
17.654036 
17.645848 
17.637660 
17.629472 
17.621285 
17.613097 
17.604909 
17.596721 
17.588533 
17.580346 
17.572158 
17.563970 
17.555782 
17.547595 
17.539407 
17.531219 
17.523031 
17.514843 
17.506656 
17.498468 
17.490280 
17.482092 
17.473904 
17.465717 
17.457529 
17.449341 
17.441153 
17.432965 
17.424778 
17.416590 
17.408402 
17.400214 
17.392026 
17.383839 
17.375651 
17.367463 
17.359275 
17.351087 
17.342900 
17.334712 
17.326524 
17.318336 
17.310148 
17.301961 
17.293773 
17.285585 
17.277397 
17.269209 
17.261022 
17.252834 
17.244646 
17.236458 
17.228270 
17.220083 
17.211895 
17.203707 
17.195519 
17.187331 
17.179144 
17.170956 
17.162768 
17.154580 
17.146392 
17.138205 
17.130017 
17.121829 
17.113641 
17.105453 
17.097266 
17.089078 
17.080890 
17.072702 
17.064514 
17.056327 
17.048139 
17.039951 
17.031763 
17.023575 
17.015388 
17.007200 
16.999012 
16.990824 
16.982636 
16.974449 
16.966261 
16.958073 
16.949885 
16.941697 
16.933510 
16.925322 
16.917134 
16.908946 
16.900758 
16.892571 
16.884383 
16.876195 
16.868007 
16.859819 
16.851632 
16.843444 
16.835256 
16.827068 
16.818880 
16.810693 
16.802505 
16.794317 
16.786129 
16.777941 
16.769754 
16.761566 
16.753378 
16.745190 
16.737002 
16.728815 
16.720627 
16.712439 
16.704251 
16.696063 
16.687876 
16.679688 
16.671500 
16.663312 
16.655124 
16.646937 
16.638749 
16.630561 
16.622373 
16.614185 
16.605998 
16.597810 
16.589622 
16.581434 
16.573246 
16.565059 
16.556871 
16.548683 
16.540495 
16.532307 
16.524120 
16.515932 
16.507744 
16.499556 
16.491368 
16.483181 
16.474993 
16.466805 
16.458617 
16.450429 
16.442242 
16.434054 
16.425866 
16.417678 
16.409490 
16.401303 
16.393115 
16.384927 
16.376739 
16.368551 
16.360364 
16.352176 
16.343988 
16.335800 
16.327612 
16.319425 
16.311237 
16.303049 
16.294861 
16.286673 
16.278486 
16.270298 
16.262110 
16.253922 
16.245734 
16.237547 
16.229359 
16.221171 
16.212983 
16.204796 
16.196608 
16.188420 
16.180232 
16.172044 
16.163857 
16.155669 
16.147481 
16.139293 
16.131105 
16.122918 
16.114730 
16.106542 
16.098354 
16.090166 
16.081979 
16.073791 
16.065603 
16.057415 
16.049227 
16.041040 
16.032852 
16.024664 
16.016476 
16.008288 
16.000101 
15.991913 
15.983725 
15.975537 
15.967349 
15.959162 
15.950974 
15.942786 
15.934598 
15.926410 
15.918223 
15.910035 
15.901847 
15.893659 
15.885471 
15.877284 
15.869096 
15.860908 
15.852720 
15.844532 
15.836345 
15.828157 
15.819969 
15.811781 
15.803593 
15.795406 
15.787218 
15.779030 
15.770842 
15.762654 
15.754467 
15.746279 
15.738091 
15.729903 
15.721715 
15.713528 
15.705340 
15.697152 
15.688964 
15.680776 
15.672589 
15.664401 
15.656213 
15.648025 
15.639837 
15.631650 
15.623462 
15.615274 
15.607086 
15.598898 
15.590711 
15.582523 
15.574335 
15.566147 
15.557959 
15.549772 
15.541584 
15.533396 
15.525208 
15.517020 
15.508833 
15.500645 
15.492457 
15.484269 
15.476081 
15.467894 
15.459706 
15.451518 
15.443330 
15.435142 
15.426955 
15.418767 
15.410579 
15.402391 
15.394203 
15.386016 
15.377828 
15.369640 
15.361452 
15.353264 
15.345077 
15.336889 
15.328701 
15.320513 
15.312325 
15.304138 
15.295950 
15.287762 
15.279574 
15.271386 
15.263199 
15.255011 
15.246823 
15.238635 
15.230447 
15.222260 
15.214072 
15.205884 
15.197696 
15.189508 
15.181321 
15.173133 
15.164945 
15.156757 
15.148569 
15.140382 
15.132194 
15.124006 
15.115818 
15.107630 
15.099443 
15.091255 
15.083067 
15.074879 
15.066691 
15.058504 
15.050316 
15.042128 
15.033940 
15.025752 
15.017565 
15.009377 
15.001189 
14.993001 
14.984813 
14.976626 
14.968438 
14.960250 
14.952062 
14.943874 
14.935687 
14.927499 
14.919311 
14.911123 
14.902935 
14.894748 
14.886560 
14.878372 
14.870184 
14.861997 
14.853809 
14.845621 
14.837433 
14.829245 
14.821058 
14.812870 
14.804682 
14.796494 
14.788306 
14.780119 
14.771931 
14.763743 
14.755555 
14.747367 
14.739180 
14.730992 
14.722804 
14.714616 
14.706428 
14.698241 
14.690053 
14.681865 
14.673677 
14.665489 
14.657302 
14.649114 
14.640926 
14.632738 
14.624550 
14.616363 
14.608175 
14.599987 
14.591799 
14.583611 
14.575424 
14.567236 
14.559048 
14.550860 
14.542672 
14.534485 
14.526297 
14.518109 
14.509921 
14.501733 
14.493546 
14.485358 
14.477170 
14.468982 
14.460794 
14.452607 
14.444419 
14.436231 
14.428043 
14.419855 
14.411668 
14.403480 
14.395292 
14.387104 
14.378916 
14.370729 
14.362541 
14.354353 
14.346165 
14.337977 
14.329790 
14.321602 
14.313414 
14.305226 
14.297038 
14.288851 
14.280663 
14.272475 
14.264287 
14.256099 
14.247912 
14.239724 
14.231536 
14.223348 
14.215160 
14.206973 
14.198785 
14.190597 
14.182409 
14.174221 
14.166034 
14.157846 
14.149658 
14.141470 
14.133282 
14.125095 
14.116907 
14.108719 
14.100531 
14.092343 
14.084156 
14.075968 
14.067780 
14.059592 
14.051404 
14.043217 
14.035029 
14.026841 
14.018653 
14.010465 
14.002278 
13.994090 
13.985902 
13.977714 
13.969526 
13.961339 
13.953151 
13.944963 
13.936775 
13.928587 
13.920400 
13.912212 
13.904024 
13.895836 
13.887648 
13.879461 
13.871273 
13.863085 
13.854897 
13.846709 
13.838522 
13.830334 
13.822146 
13.813958 
13.805770 
13.797583 
13.789395 
13.781207 
13.773019 
13.764831 
13.756644 
13.748456 
13.740268 
13.732080 
13.723892 
13.715705 
13.707517 
13.699329 
13.691141 
13.682953 
13.674766 
13.666578 
13.658390 
13.650202 
13.642014 
13.633827 
13.625639 
13.617451 
13.609263 
13.601075 
13.592888 
13.584700 
13.576512 
13.568324 
13.560136 
13.551949 
13.543761 
13.535573 
13.527385 
13.519198 
13.511010 
13.502822 
13.494634 
13.486446 
13.478259 
13.470071 
13.461883 
13.453695 
13.445507 
13.437320 
13.429132 
13.420944 
13.412756 
13.404568 
13.396381 
13.388193 
13.380005 
13.371817 
13.363629 
13.355442 
13.347254 
13.339066 
13.330878 
13.322690 
13.314503 
13.306315 
13.298127 
13.289939 
13.281751 
13.273564 
13.265376 
13.257188 
13.249000 
13.240812 
13.232625 
13.224437 
13.216249 
13.208061 
13.199873 
13.191686 
13.183498 
13.175310 
13.167122 
13.158934 
13.150747 
13.142559 
13.134371 
13.126183 
13.117995 
13.109808 
13.101620 
13.093432 
13.085244 
13.077056 
13.068869 
13.060681 
13.052493 
13.044305 
13.036117 
13.027930 
13.019742 
13.011554 
13.003366 
12.995178 
12.986991 
12.978803 
12.970615 
12.962427 
12.954239 
12.946052 
12.937864 
12.929676 
12.921488 
12.913300 
12.905113 
12.896925 
12.888737 
12.880549 
12.872361 
12.864174 
12.855986 
12.847798 
12.839610 
12.831422 
12.823235 
12.815047 
12.806859 
12.798671 
12.790483 
12.782296 
12.774108 
12.765920 
12.757732 
12.749544 
12.741357 
12.733169 
12.724981 
12.716793 
12.708605 
12.700418 
12.692230 
12.684042 
12.675854 
12.667666 
12.659479 
12.651291 
12.643103 
12.634915 
12.626727 
12.618540 
12.610352 
12.602164 
12.593976 
12.585788 
12.577601 
12.569413 
12.561225 
12.553037 
12.544849 
12.536662 
12.528474 
12.520286 
12.512098 
12.503910 
12.495723 
12.487535 
12.479347 
12.471159 
12.462971 
12.454784 
12.446596 
12.438408 
12.430220 
12.422032 
12.413845 
12.405657 
12.397469 
12.389281 
12.381093 
12.372906 
12.364718 
12.356530 
12.348342 
12.340154 
12.331967 
12.323779 
12.315591 
12.307403 
12.299215 
12.291028 
12.282840 
12.274652 
12.266464 
12.258276 
12.250089 
12.241901 
12.233713 
12.225525 
12.217337 
12.209150 
12.200962 
12.192774 
12.184586 
12.176399 
12.168211 
12.160023 
12.151835 
12.143647 
12.135460 
12.127272 
12.119084 
12.110896 
12.102708 
12.094521 
12.086333 
12.078145 
12.069957 
12.061769 
12.053582 
12.045394 
12.037206 
12.029018 
12.020830 
12.012643 
12.004455 
11.996267 
11.988079 
11.979891 
11.971704 
11.963516 
11.955328 
11.947140 
11.938952 
11.930765 
11.922577 
11.914389 
11.906201 
11.898013 
11.889826 
11.881638 
11.873450 
11.865262 
11.857074 
11.848887 
11.840699 
11.832511 
11.824323 
11.816135 
11.807948 
11.799760 
11.791572 
11.783384 
11.775196 
11.767009 
11.758821 
11.750633 
11.742445 
11.734257 
11.726070 
11.717882 
11.709694 
11.701506 
11.693318 
11.685131 
11.676943 
11.668755 
11.660567 
11.652379 
11.644192 
11.636004 
11.627816 
11.619628 
11.611440 
11.603253 
11.595065 
11.586877 
11.578689 
11.570501 
11.562314 
11.554126 
11.545938 
11.537750 
11.529562 
11.521375 
11.513187 
11.504999 
11.496811 
11.488623 
11.480436 
11.472248 
11.464060 
11.455872 
11.447684 
11.439497 
11.431309 
11.423121 
11.414933 
11.406745 
11.398558 
11.390370 
11.382182 
11.373994 
11.365806 
11.357619 
11.349431 
11.341243 
11.333055 
11.324867 
11.316680 
11.308492 
11.300304 
11.292116 
11.283928 
11.275741 
11.267553 
11.259365 
11.251177 
11.242989 
11.234802 
11.226614 
11.218426 
11.210238 
11.202050 
11.193863 
11.185675 
11.177487 
11.169299 
11.161111 
11.152924 
11.144736 
11.136548 
11.128360 
11.120172 
11.111985 
11.103797 
11.095609 
11.087421 
11.079233 
11.071046 
11.062858 
11.054670 
11.046482 
11.038294 
11.030107 
11.021919 
11.013731 
11.005543 
10.997355 
10.989168 
10.980980 
10.972792 
10.964604 
10.956416 
10.948229 
10.940041 
10.931853 
10.923665 
10.915477 
10.907290 
10.899102 
10.890914 
10.882726 
10.874538 
10.866351 
10.858163 
10.849975 
10.841787 
10.833600 
10.825412 
10.817224 
10.809036 
10.800848 
10.792661 
10.784473 
10.776285 
10.768097 
10.759909 
10.751722 
10.743534 
10.735346 
10.727158 
10.718970 
10.710783 
10.702595 
10.694407 
10.686219 
10.678031 
10.669844 
10.661656 
10.653468 
10.645280 
10.637092 
10.628905 
10.620717 
10.612529 
10.604341 
10.596153 
10.587966 
10.579778 
10.571590 
10.563402 
10.555214 
10.547027 
10.538839 
10.530651 
10.522463 
10.514275 
10.506088 
10.497900 
10.489712 
10.481524 
10.473336 
10.465149 
10.456961 
10.448773 
10.440585 
10.432397 
10.424210 
10.416022 
10.407834 
10.399646 
10.391458 
10.383271 
10.375083 
10.366895 
10.358707 
10.350519 
10.342332 
10.334144 
10.325956 
10.317768 
10.309580 
10.301393 
10.293205 
10.285017 
10.276829 
10.268641 
10.260454 
10.252266 
10.244078 
10.235890 
10.227702 
10.219515 
10.211327 
10.203139 
10.194951 
10.186763 
10.178576 
10.170388 
10.162200 
10.154012 
10.145824 
10.137637 
10.129449 
10.121261 
10.113073 
10.104885 
10.096698 
10.088510 
10.080322 
10.072134 
10.063946 
10.055759 
10.047571 
10.039383 
10.031195 
10.023007 
10.014820 
10.006632 
9.998444 
9.990256 
9.982068 
9.973881 
9.965693 
9.957505 
9.949317 
9.941129 
9.932942 
9.924754 
9.916566 
9.908378 
9.900190 
9.892003 
9.883815 
9.875627 
9.867439 
9.859251 
9.851064 
9.842876 
9.834688 
9.826500 
9.818312 
9.810125 
9.801937 
9.793749 
9.785561 
9.777373 
9.769186 
9.760998 
9.752810 
9.744622 
9.736434 
9.728247 
9.720059 
9.711871 
9.703683 
9.695495 
9.687308 
9.679120 
9.670932 
9.662744 
9.654556 
9.646369 
9.638181 
9.629993 
9.621805 
9.613617 
9.605430 
9.597242 
9.589054 
9.580866 
9.572678 
9.564491 
9.556303 
9.548115 
9.539927 
9.531739 
9.523552 
9.515364 
9.507176 
9.498988 
9.490801 
9.482613 
9.474425 
9.466237 
9.458049 
9.449862 
9.441674 
9.433486 
9.425298 
9.417110 
9.408923 
9.400735 
9.392547 
9.384359 
9.376171 
9.367984 
9.359796 
9.351608 
9.343420 
9.335232 
9.327045 
9.318857 
9.310669 
9.302481 
9.294293 
9.286106 
9.277918 
9.269730 
9.261542 
9.253354 
9.245167 
9.236979 
9.228791 
9.220603 
9.212415 
9.204228 
9.196040 
9.187852 
9.179664 
9.171476 
9.163289 
9.155101 
9.146913 
9.138725 
9.130537 
9.122350 
9.114162 
9.105974 
9.097786 
9.089598 
9.081411 
9.073223 
9.065035 
9.056847 
9.048659 
9.040472 
9.032284 
9.024096 
9.015908 
9.007720 
8.999533 
8.991345 
8.983157 
8.974969 
8.966781 
8.958594 
8.950406 
8.942218 
8.934030 
8.925842 
8.917655 
8.909467 
8.901279 
8.893091 
8.884903 
8.876716 
8.868528 
8.860340 
8.852152 
8.843964 
8.835777 
8.827589 
8.819401 
8.811213 
8.803025 
8.794838 
8.786650 
8.778462 
8.770274 
8.762086 
8.753899 
8.745711 
8.737523 
8.729335 
8.721147 
8.712960 
8.704772 
8.696584 
8.688396 
8.680208 
8.672021 
8.663833 
8.655645 
8.647457 
8.639269 
8.631082 
8.622894 
8.614706 
8.606518 
8.598330 
8.590143 
8.581955 
8.573767 
8.565579 
8.557391 
8.549204 
8.541016 
8.532828 
8.524640 
8.516452 
8.508265 
8.500077 
8.491889 
8.483701 
8.475513 
8.467326 
8.459138 
8.450950 
8.442762 
8.434574 
8.426387 
8.418199 
8.410011 
8.401823 
8.393635 
8.385448 
8.377260 
8.369072 
8.360884 
8.352696 
8.344509 
8.336321 
8.328133 
8.319945 
8.311757 
8.303570 
8.295382 
8.287194 
8.279006 
8.270818 
8.262631 
8.254443 
8.246255 
8.238067 
8.229879 
8.221692 
8.213504 
8.205316 
8.197128 
8.188940 
8.180753 
8.172565 
8.164377 
8.156189 
8.148002 
8.139814 
8.131626 
8.123438 
8.115250 
8.107063 
8.098875 
8.090687 
8.082499 
8.074311 
8.066124 
8.057936 
8.049748 
8.041560 
8.033372 
8.025185 
8.016997 
8.008809 
8.000621 
7.992433 
7.984246 
7.976058 
7.967870 
7.959682 
7.951494 
7.943307 
7.935119 
7.926931 
7.918743 
7.910555 
7.902368 
7.894180 
7.885992 
7.877804 
7.869616 
7.861429 
7.853241 
7.845053 
7.836865 
7.828677 
7.820490 
7.812302 
7.804114 
7.795926 
7.787738 
7.779551 
7.771363 
7.763175 
7.754987 
7.746799 
7.738612 
7.730424 
7.722236 
7.714048 
7.705860 
7.697673 
7.689485 
7.681297 
7.673109 
7.664921 
7.656734 
7.648546 
7.640358 
7.632170 
7.623982 
7.615795 
7.607607 
7.599419 
7.591231 
7.583043 
7.574856 
7.566668 
7.558480 
7.550292 
7.542104 
7.533917 
7.525729 
7.517541 
7.509353 
7.501165 
7.492978 
7.484790 
7.476602 
7.468414 
7.460226 
7.452039 
7.443851 
7.435663 
7.427475 
7.419287 
7.411100 
7.402912 
7.394724 
7.386536 
7.378348 
7.370161 
7.361973 
7.353785 
7.345597 
7.337409 
7.329222 
7.321034 
7.312846 
7.304658 
7.296470 
7.288283 
7.280095 
7.271907 
7.263719 
7.255531 
7.247344 
7.239156 
7.230968 
7.222780 
7.214592 
7.206405 
7.198217 
7.190029 
7.181841 
7.173653 
7.165466 
7.157278 
7.149090 
7.140902 
7.132714 
7.124527 
7.116339 
7.108151 
7.099963 
7.091775 
7.083588 
7.075400 
7.067212 
7.059024 
7.050836 
7.042649 
7.034461 
7.026273 
7.018085 
7.009897 
7.001710 
6.993522 
6.985334 
6.977146 
6.968958 
6.960771 
6.952583 
6.944395 
6.936207 
6.928019 
6.919832 
6.911644 
6.903456 
6.895268 
6.887080 
6.878893 
6.870705 
6.862517 
6.854329 
6.846141 
6.837954 
6.829766 
6.821578 
6.813390 
6.805203 
6.797015 
6.788827 
6.780639 
6.772451 
6.764264 
6.756076 
6.747888 
6.739700 
6.731512 
6.723325 
6.715137 
6.706949 
6.698761 
6.690573 
6.682386 
6.674198 
6.666010 
6.657822 
6.649634 
6.641447 
6.633259 
6.625071 
6.616883 
6.608695 
6.600508 
6.592320 
6.584132 
6.575944 
6.567756 
6.559569 
6.551381 
6.543193 
6.535005 
6.526817 
6.518630 
6.510442 
6.502254 
6.494066 
6.485878 
6.477691 
6.469503 
6.461315 
6.453127 
6.444939 
6.436752 
6.428564 
6.420376 
6.412188 
6.404000 
6.395813 
6.387625 
6.379437 
6.371249 
6.363061 
6.354874 
6.346686 
6.338498 
6.330310 
6.322122 
6.313935 
6.305747 
6.297559 
6.289371 
6.281183 
6.272996 
6.264808 
6.256620 
6.248432 
6.240244 
6.232057 
6.223869 
6.215681 
6.207493 
6.199305 
6.191118 
6.182930 
6.174742 
6.166554 
6.158366 
6.150179 
6.141991 
6.133803 
6.125615 
6.117427 
6.109240 
6.101052 
6.092864 
6.084676 
6.076488 
6.068301 
6.060113 
6.051925 
6.043737 
6.035549 
6.027362 
6.019174 
6.010986 
6.002798 
5.994610 
5.986423 
5.978235 
5.970047 
5.961859 
5.953671 
5.945484 
5.937296 
5.929108 
5.920920 
5.912732 
5.904545 
5.896357 
5.888169 
5.879981 
5.871793 
5.863606 
5.855418 
5.847230 
5.839042 
5.830854 
5.822667 
5.814479 
5.806291 
5.798103 
5.789915 
5.781728 
5.773540 
5.765352 
5.757164 
5.748976 
5.740789 
5.732601 
5.724413 
5.716225 
5.708037 
5.699850 
5.691662 
5.683474 
5.675286 
5.667098 
5.658911 
5.650723 
5.642535 
5.634347 
5.626159 
5.617972 
5.609784 
5.601596 
5.593408 
5.585220 
5.577033 
5.568845 
5.560657 
5.552469 
5.544281 
5.536094 
5.527906 
5.519718 
5.511530 
5.503342 
5.495155 
5.486967 
5.478779 
5.470591 
5.462404 
5.454216 
5.446028 
5.437840 
5.429652 
5.421465 
5.413277 
5.405089 
5.396901 
5.388713 
5.380526 
5.372338 
5.364150 
5.355962 
5.347774 
5.339587 
5.331399 
5.323211 
5.315023 
5.306835 
5.298648 
5.290460 
5.282272 
5.274084 
5.265896 
5.257709 
5.249521 
5.241333 
5.233145 
5.224957 
5.216770 
5.208582 
5.200394 
5.192206 
5.184018 
5.175831 
5.167643 
5.159455 
5.151267 
5.143079 
5.134892 
5.126704 
5.118516 
5.110328 
5.102140 
5.093953 
5.085765 
5.077577 
5.069389 
5.061201 
5.053014 
5.044826 
5.036638 
5.028450 
5.020262 
5.012075 
5.003887 
4.995699 
4.987511 
4.979323 
4.971136 
4.962948 
4.954760 
4.946572 
4.938384 
4.930197 
4.922009 
4.913821 
4.905633 
4.897445 
4.889258 
4.881070 
4.872882 
4.864694 
4.856506 
4.848319 
4.840131 
4.831943 
4.823755 
4.815567 
4.807380 
4.799192 
4.791004 
4.782816 
4.774628 
4.766441 
4.758253 
4.750065 
4.741877 
4.733689 
4.725502 
4.717314 
4.709126 
4.700938 
4.692750 
4.684563 
4.676375 
4.668187 
4.659999 
4.651811 
4.643624 
4.635436 
4.627248 
4.619060 
4.610872 
4.602685 
4.594497 
4.586309 
4.578121 
4.569933 
4.561746 
4.553558 
4.545370 
4.537182 
4.528994 
4.520807 
4.512619 
4.504431 
4.496243 
4.488055 
4.479868 
4.471680 
4.463492 
4.455304 
4.447116 
4.438929 
4.430741 
4.422553 
4.414365 
4.406177 
4.397990 
4.389802 
4.381614 
4.373426 
4.365238 
4.357051 
4.348863 
4.340675 
4.332487 
4.324299 
4.316112 
4.307924 
4.299736 
4.291548 
4.283360 
4.275173 
4.266985 
4.258797 
4.250609 
4.242421 
4.234234 
4.226046 
4.217858 
4.209670 
4.201482 
4.193295 
4.185107 
4.176919 
4.168731 
4.160543 
4.152356 
4.144168 
4.135980 
4.127792 
4.119605 
4.111417 
4.103229 
4.095041 
4.086853 
4.078666 
4.070478 
4.062290 
4.054102 
4.045914 
4.037727 
4.029539 
4.021351 
4.013163 
4.004975 
3.996788 
3.988600 
3.980412 
3.972224 
3.964036 
3.955849 
3.947661 
3.939473 
3.931285 
3.923097 
3.914910 
3.906722 
3.898534 
3.890346 
3.882158 
3.873971 
3.865783 
3.857595 
3.849407 
3.841219 
3.833032 
3.824844 
3.816656 
3.808468 
3.800280 
3.792093 
3.783905 
3.775717 
3.767529 
3.759341 
3.751154 
3.742966 
3.734778 
3.726590 
3.718402 
3.710215 
3.702027 
3.693839 
3.685651 
3.677463 
3.669276 
3.661088 
3.652900 
3.644712 
3.636524 
3.628337 
3.620149 
3.611961 
3.603773 
3.595585 
3.587398 
3.579210 
3.571022 
3.562834 
3.554646 
3.546459 
3.538271 
3.530083 
3.521895 
3.513707 
3.505520 
3.497332 
3.489144 
3.480956 
3.472768 
3.464581 
3.456393 
3.448205 
3.440017 
3.431829 
3.423642 
3.415454 
3.407266 
3.399078 
3.390890 
3.382703 
3.374515 
3.366327 
3.358139 
3.349951 
3.341764 
3.333576 
3.325388 
3.317200 
3.309012 
3.300825 
3.292637 
3.284449 
3.276261 
3.268073 
3.259886 
3.251698 
3.243510 
3.235322 
3.227134 
3.218947 
3.210759 
3.202571 
3.194383 
3.186195 
3.178008 
3.169820 
3.161632 
3.153444 
3.145256 
3.137069 
3.128881 
3.120693 
3.112505 
3.104317 
3.096130 
3.087942 
3.079754 
3.071566 
3.063378 
3.055191 
3.047003 
3.038815 
3.030627 
3.022439 
3.014252 
3.006064 
2.997876 
2.989688 
2.981500 
2.973313 
2.965125 
2.956937 
2.948749 
2.940561 
2.932374 
2.924186 
2.915998 
2.907810 
2.899622 
2.891435 
2.883247 
2.875059 
2.866871 
2.858683 
2.850496 
2.842308 
2.834120 
2.825932 
2.817744 
2.809557 
2.801369 
2.793181 
2.784993 
2.776805 
2.768618 
2.760430 
2.752242 
2.744054 
2.735867 
2.727679 
2.719491 
2.711303 
2.703115 
2.694928 
2.686740 
2.678552 
2.670364 
2.662176 
2.653989 
2.645801 
2.637613 
2.629425 
2.621237 
2.613050 
2.604862 
2.596674 
2.588486 
2.580298 
2.572111 
2.563923 
2.555735 
2.547547 
2.539359 
2.531172 
2.522984 
2.514796 
2.506608 
2.498420 
2.490233 
2.482045 
2.473857 
2.465669 
2.457481 
2.449294 
2.441106 
2.432918 
2.424730 
2.416542 
2.408355 
2.400167 
2.391979 
2.383791 
2.375603 
2.367416 
2.359228 
2.351040 
2.342852 
2.334664 
2.326477 
2.318289 
2.310101 
2.301913 
2.293725 
2.285538 
2.277350 
2.269162 
2.260974 
2.252786 
2.244599 
2.236411 
2.228223 
2.220035 
2.211847 
2.203660 
2.195472 
2.187284 
2.179096 
2.170908 
2.162721 
2.154533 
2.146345 
2.138157 
2.129969 
2.121782 
2.113594 
2.105406 
2.097218 
2.089030 
2.080843 
2.072655 
2.064467 
2.056279 
2.048091 
2.039904 
2.031716 
2.023528 
2.015340 
2.007152 
1.998965 
1.990777 
1.982589 
1.974401 
1.966213 
1.958026 
1.949838 
1.941650 
1.933462 
1.925274 
1.917087 
1.908899 
1.900711 
1.892523 
1.884335 
1.876148 
1.867960 
1.859772 
1.851584 
1.843396 
1.835209 
1.827021 
1.818833 
1.810645 
1.802457 
1.794270 
1.786082 
1.777894 
1.769706 
1.761518 
1.753331 
1.745143 
1.736955 
1.728767 
1.720579 
1.712392 
1.704204 
1.696016 
1.687828 
1.679640 
1.671453 
1.663265 
1.655077 
1.646889 
1.638701 
1.630514 
1.622326 
1.614138 
1.605950 
1.597762 
1.589575 
1.581387 
1.573199 
1.565011 
1.556823 
1.548636 
1.540448 
1.532260 
1.524072 
1.515884 
1.507697 
1.499509 
1.491321 
1.483133 
1.474945 
1.466758 
1.458570 
1.450382 
1.442194 
1.434006 
1.425819 
1.417631 
1.409443 
1.401255 
1.393068 
1.384880 
1.376692 
1.368504 
1.360316 
1.352129 
1.343941 
1.335753 
1.327565 
1.319377 
1.311190 
1.303002 
1.294814 
1.286626 
1.278438 
1.270251 
1.262063 
1.253875 
1.245687 
1.237499 
1.229312 
1.221124 
1.212936 
1.204748 
1.196560 
1.188373 
1.180185 
1.171997 
1.163809 
1.155621 
1.147434 
1.139246 
1.131058 
1.122870 
1.114682 
1.106495 
1.098307 
1.090119 
1.081931 
1.073743 
1.065556 
1.057368 
1.049180 
1.040992 
1.032804 
1.024617 
1.016429 
1.008241 
1.000053 
0.991865 
0.983678 
0.975490 
0.967302 
0.959114 
0.950926 
0.942739 
0.934551 
0.926363 
0.918175 
0.909987 
0.901800 
0.893612 
0.885424 
0.877236 
0.869048 
0.860861 
0.852673 
0.844485 
0.836297 
0.828109 
0.819922 
0.811734 
0.803546 
0.795358 
0.787170 
0.778983 
0.770795 
0.762607 
0.754419 
0.746231 
0.738044 
0.729856 
0.721668 
0.713480 
0.705292 
0.697105 
0.688917 
0.680729 
0.672541 
0.664353 
0.656166 
0.647978 
0.639790 
0.631602 
0.623414 
0.615227 
0.607039 
0.598851 
0.590663 
0.582475 
0.574288 
0.566100 
0.557912 
0.549724 
0.541536 
0.533349 
0.525161 
0.516973 
0.508785 
0.500597 
0.492410 
0.484222 
0.476034 
0.467846 
0.459658 
0.451471 
0.443283 
0.435095 
0.426907 
0.418719 
0.410532 
0.402344 
0.394156 
0.385968 
0.377780 
0.369593 
0.361405 
0.353217 
0.345029 
0.336841 
0.328654 
0.320466 
0.312278 
0.304090 
0.295902 
0.287715 
0.279527 
0.271339 
0.263151 
0.254963 
0.246776 
0.238588 
0.230400 
0.222212 
0.214024 
0.205837 
0.197649 
0.189461 
0.181273 
0.173085 
0.164898 
0.156710 
0.148522 
0.140334 
0.132146 
0.123959 
0.115771 
0.107583 
0.099395 
0.091207 
0.083020 
0.074832 
0.066644 
0.058456 
0.050269 
0.042081 
0.033893 
0.025705 
0.017517 
0.009330 
0.001142 
-0.007046 
-0.015234 
-0.023422 
-0.031609 
-0.039797 
-0.047985 
-0.056173 
-0.064361 
-0.072548 
-0.080736 
-0.088924 
-0.097112 
-0.105300 
-0.113487 
-0.121675 
-0.129863 
-0.138051 
-0.146239 
-0.154426 
-0.162614 
-0.170802 
-0.178990 
-0.187178 
-0.195365 
-0.203553 
-0.211741 
-0.219929 
-0.228117 
-0.236304 
-0.244492 
-0.252680 
-0.260868 
-0.269056 
-0.277243 
-0.285431 
-0.293619 
-0.301807 
-0.309995 
-0.318182 
