330.562024 
330.550458 
330.538890 
330.527320 
330.515748 
330.504174 
330.492598 
330.481020 
330.469440 
330.457857 
330.446273 
330.434686 
330.423098 
330.411508 
330.399915 
330.388320 
330.376724 
330.365125 
330.353524 
330.341921 
330.330316 
330.318709 
330.307100 
330.295489 
330.283876 
330.272261 
330.260643 
330.249024 
330.237402 
330.225779 
330.214153 
330.202526 
330.190896 
330.179264 
330.167630 
330.155994 
330.144356 
330.132716 
330.121074 
330.109430 
330.097783 
330.086135 
330.074484 
330.062832 
330.051177 
330.039520 
330.027861 
330.016201 
330.004538 
329.992872 
329.981205 
329.969536 
329.957865 
329.946191 
329.934515 
329.922838 
329.911158 
329.899476 
329.887792 
329.876106 
329.864418 
329.852728 
329.841036 
329.829341 
329.817645 
329.805946 
329.794245 
329.782542 
329.770837 
329.759130 
329.747421 
329.735710 
329.723996 
329.712281 
329.700563 
329.688844 
329.677122 
329.665398 
329.653672 
329.641943 
329.630213 
329.618481 
329.606746 
329.595010 
329.583271 
329.571530 
329.559787 
329.548042 
329.536294 
329.524545 
329.512794 
329.501040 
329.489284 
329.477526 
329.465766 
329.454004 
329.442240 
329.430473 
329.418705 
329.406934 
329.395161 
329.383386 
329.371609 
329.359830 
329.348048 
329.336265 
329.324479 
329.312691 
329.300901 
329.289109 
329.277315 
329.265519 
329.253720 
329.241919 
329.230117 
329.218312 
329.206504 
329.194695 
329.182884 
329.171070 
329.159254 
329.147436 
329.135616 
329.123794 
329.111970 
329.100143 
329.088314 
329.076483 
329.064650 
329.052815 
329.040978 
329.029138 
329.017297 
329.005453 
328.993607 
328.981759 
328.969908 
328.958056 
328.946201 
328.934344 
328.922485 
328.910624 
328.898760 
328.886895 
328.875027 
328.863157 
328.851285 
328.839410 
328.827534 
328.815655 
328.803774 
328.791891 
328.780006 
328.768119 
328.756229 
328.744337 
328.732443 
328.720547 
328.708649 
328.696748 
328.684845 
328.672940 
328.661033 
328.649124 
328.637212 
328.625298 
328.613382 
328.601464 
328.589544 
328.577621 
328.565697 
328.553770 
328.541840 
328.529909 
328.517975 
328.506040 
328.494102 
328.482161 
328.470219 
328.458274 
328.446327 
328.434378 
328.422427 
328.410473 
328.398518 
328.386560 
328.374599 
328.362637 
328.350672 
328.338706 
328.326736 
328.314765 
328.302792 
328.290816 
328.278838 
328.266858 
328.254875 
328.242891 
328.230904 
328.218914 
328.206923 
328.194929 
328.182934 
328.170935 
328.158935 
328.146933 
328.134928 
328.122921 
328.110911 
328.098900 
328.086886 
328.074870 
328.062852 
328.050831 
328.038808 
328.026783 
328.014756 
328.002727 
327.990695 
327.978661 
327.966624 
327.954586 
327.942545 
327.930502 
327.918457 
327.906409 
327.894359 
327.882307 
327.870253 
327.858196 
327.846137 
327.834076 
327.822012 
327.809947 
327.797879 
327.785808 
327.773736 
327.761661 
327.749584 
327.737505 
327.725423 
327.713339 
327.701253 
327.689164 
327.677074 
327.664981 
327.652885 
327.640788 
327.628688 
327.616586 
327.604481 
327.592374 
327.580265 
327.568154 
327.556040 
327.543924 
327.531806 
327.519686 
327.507563 
327.495438 
327.483310 
327.471181 
327.459049 
327.446914 
327.434778 
327.422639 
327.410498 
327.398354 
327.386208 
327.374060 
327.361910 
327.349757 
327.337602 
327.325445 
327.313285 
327.301123 
327.288959 
327.276792 
327.264623 
327.252452 
327.240278 
327.228102 
327.215924 
327.203743 
327.191561 
327.179375 
327.167188 
327.154998 
327.142806 
327.130611 
327.118414 
327.106215 
327.094014 
327.081810 
327.069604 
327.057395 
327.045184 
327.032971 
327.020756 
327.008538 
326.996317 
326.984095 
326.971870 
326.959643 
326.947413 
326.935181 
326.922947 
326.910710 
326.898471 
326.886230 
326.873986 
326.861740 
326.849492 
326.837241 
326.824988 
326.812733 
326.800475 
326.788215 
326.775952 
326.763687 
326.751420 
326.739150 
326.726878 
326.714604 
326.702327 
326.690048 
326.677766 
326.665483 
326.653196 
326.640908 
326.628617 
326.616323 
326.604028 
326.591729 
326.579429 
326.567126 
326.554821 
326.542513 
326.530203 
326.517891 
326.505576 
326.493259 
326.480939 
326.468617 
326.456293 
326.443966 
326.431637 
326.419306 
326.406972 
326.394635 
326.382297 
326.369955 
326.357612 
326.345266 
326.332918 
326.320567 
326.308214 
326.295858 
326.283500 
326.271140 
326.258777 
326.246412 
326.234044 
326.221674 
326.209302 
326.196927 
326.184550 
326.172170 
326.159788 
326.147404 
326.135017 
326.122627 
326.110236 
326.097841 
326.085445 
326.073046 
326.060644 
326.048240 
326.035834 
326.023425 
326.011014 
325.998600 
325.986184 
325.973766 
325.961345 
325.948921 
325.936496 
325.924067 
325.911637 
325.899204 
325.886768 
325.874330 
325.861889 
325.849446 
325.837001 
325.824553 
325.812103 
325.799650 
325.787195 
325.774737 
325.762277 
325.749815 
325.737350 
325.724882 
325.712412 
325.699940 
325.687465 
325.674988 
325.662508 
325.650026 
325.637541 
325.625054 
325.612564 
325.600072 
325.587577 
325.575080 
325.562581 
325.550079 
325.537574 
325.525067 
325.512558 
325.500046 
325.487531 
325.475014 
325.462495 
325.449973 
325.437448 
325.424922 
325.412392 
325.399860 
325.387326 
325.374789 
325.362250 
325.349708 
325.337164 
325.324617 
325.312067 
325.299516 
325.286961 
325.274404 
325.261845 
325.249283 
325.236719 
325.224152 
325.211583 
325.199011 
325.186436 
325.173859 
325.161280 
325.148698 
325.136114 
325.123527 
325.110937 
325.098345 
325.085751 
325.073153 
325.060554 
325.047952 
325.035347 
325.022740 
325.010130 
324.997518 
324.984903 
324.972286 
324.959666 
324.947044 
324.934419 
324.921791 
324.909161 
324.896529 
324.883894 
324.871256 
324.858616 
324.845973 
324.833328 
324.820680 
324.808030 
324.795377 
324.782722 
324.770064 
324.757403 
324.744740 
324.732074 
324.719406 
324.706735 
324.694062 
324.681386 
324.668707 
324.656026 
324.643343 
324.630657 
324.617968 
324.605277 
324.592583 
324.579886 
324.567187 
324.554486 
324.541781 
324.529075 
324.516365 
324.503653 
324.490939 
324.478222 
324.465502 
324.452780 
324.440055 
324.427328 
324.414598 
324.401865 
324.389130 
324.376392 
324.363652 
324.350909 
324.338163 
324.325415 
324.312664 
324.299911 
324.287155 
324.274396 
324.261635 
324.248871 
324.236105 
324.223336 
324.210564 
324.197790 
324.185013 
324.172233 
324.159451 
324.146667 
324.133879 
324.121089 
324.108297 
324.095502 
324.082704 
324.069903 
324.057100 
324.044295 
324.031486 
324.018675 
324.005862 
323.993046 
323.980227 
323.967405 
323.954581 
323.941755 
323.928925 
323.916093 
323.903258 
323.890421 
323.877581 
323.864739 
323.851893 
323.839045 
323.826195 
323.813342 
323.800486 
323.787627 
323.774766 
323.761902 
323.749036 
323.736167 
323.723295 
323.710421 
323.697543 
323.684664 
323.671781 
323.658896 
323.646008 
323.633118 
323.620225 
323.607329 
323.594430 
323.581529 
323.568625 
323.555719 
323.542810 
323.529898 
323.516983 
323.504066 
323.491146 
323.478224 
323.465298 
323.452370 
323.439440 
323.426506 
323.413570 
323.400631 
323.387690 
323.374746 
323.361799 
323.348849 
323.335897 
323.322942 
323.309985 
323.297024 
323.284061 
323.271095 
323.258127 
323.245156 
323.232182 
323.219205 
323.206226 
323.193244 
323.180259 
323.167272 
323.154281 
323.141288 
323.128293 
323.115294 
323.102293 
323.089289 
323.076283 
323.063273 
323.050261 
323.037247 
323.024229 
323.011209 
322.998186 
322.985160 
322.972132 
322.959101 
322.946067 
322.933030 
322.919990 
322.906948 
322.893903 
322.880856 
322.867805 
322.854752 
322.841696 
322.828637 
322.815576 
322.802512 
322.789445 
322.776375 
322.763302 
322.750227 
322.737149 
322.724068 
322.710985 
322.697898 
322.684809 
322.671717 
322.658623 
322.645525 
322.632425 
322.619322 
322.606216 
322.593108 
322.579996 
322.566882 
322.553765 
322.540645 
322.527523 
322.514398 
322.501270 
322.488139 
322.475005 
322.461869 
322.448729 
322.435587 
322.422442 
322.409295 
322.396144 
322.382991 
322.369835 
322.356676 
322.343514 
322.330350 
322.317182 
322.304012 
322.290839 
322.277663 
322.264485 
322.251303 
322.238119 
322.224932 
322.211742 
322.198549 
322.185354 
322.172156 
322.158954 
322.145750 
322.132543 
322.119334 
322.106121 
322.092906 
322.079688 
322.066466 
322.053243 
322.040016 
322.026786 
322.013554 
322.000318 
321.987080 
321.973839 
321.960595 
321.947349 
321.934099 
321.920847 
321.907591 
321.894333 
321.881072 
321.867808 
321.854542 
321.841272 
321.828000 
321.814724 
321.801446 
321.788165 
321.774881 
321.761594 
321.748304 
321.735012 
321.721716 
321.708418 
321.695117 
321.681813 
321.668506 
321.655196 
321.641883 
321.628567 
321.615249 
321.601927 
321.588603 
321.575276 
321.561945 
321.548612 
321.535276 
321.521938 
321.508596 
321.495251 
321.481904 
321.468553 
321.455200 
321.441843 
321.428484 
321.415122 
321.401757 
321.388389 
321.375018 
321.361644 
321.348267 
321.334888 
321.321505 
321.308119 
321.294731 
321.281340 
321.267945 
321.254548 
321.241148 
321.227745 
321.214339 
321.200930 
321.187518 
321.174103 
321.160685 
321.147264 
321.133840 
321.120413 
321.106984 
321.093551 
321.080116 
321.066677 
321.053236 
321.039791 
321.026344 
321.012893 
320.999440 
320.985984 
320.972524 
320.959062 
320.945597 
320.932129 
320.918658 
320.905183 
320.891706 
320.878226 
320.864743 
320.851257 
320.837768 
320.824276 
320.810781 
320.797283 
320.783782 
320.770278 
320.756771 
320.743261 
320.729748 
320.716232 
320.702713 
320.689191 
320.675666 
320.662138 
320.648607 
320.635073 
320.621536 
320.607996 
320.594453 
320.580907 
320.567358 
320.553806 
320.540251 
320.526692 
320.513131 
320.499567 
320.486000 
320.472430 
320.458856 
320.445280 
320.431701 
320.418118 
320.404533 
320.390944 
320.377353 
320.363758 
320.350161 
320.336560 
320.322957 
320.309350 
320.295740 
320.282127 
320.268511 
320.254892 
320.241270 
320.227645 
320.214017 
320.200386 
320.186752 
320.173115 
320.159474 
320.145831 
320.132184 
320.118535 
320.104882 
320.091226 
320.077567 
320.063906 
320.050241 
320.036573 
320.022901 
320.009227 
319.995550 
319.981869 
319.968186 
319.954499 
319.940810 
319.927117 
319.913421 
319.899722 
319.886020 
319.872315 
319.858607 
319.844895 
319.831181 
319.817463 
319.803742 
319.790019 
319.776292 
319.762562 
319.748828 
319.735092 
319.721353 
319.707610 
319.693864 
319.680116 
319.666364 
319.652609 
319.638851 
319.625089 
319.611325 
319.597557 
319.583786 
319.570013 
319.556235 
319.542455 
319.528672 
319.514886 
319.501096 
319.487303 
319.473507 
319.459708 
319.445906 
319.432101 
319.418292 
319.404480 
319.390665 
319.376847 
319.363026 
319.349202 
319.335374 
319.321544 
319.307710 
319.293873 
319.280032 
319.266189 
319.252342 
319.238493 
319.224640 
319.210783 
319.196924 
319.183061 
319.169196 
319.155327 
319.141455 
319.127579 
319.113701 
319.099819 
319.085934 
319.072046 
319.058155 
319.044260 
319.030362 
319.016461 
319.002557 
318.988650 
318.974739 
318.960825 
318.946908 
318.932988 
318.919064 
318.905138 
318.891208 
318.877274 
318.863338 
318.849398 
318.835455 
318.821509 
318.807560 
318.793607 
318.779651 
318.765692 
318.751730 
318.737764 
318.723795 
318.709823 
318.695848 
318.681869 
318.667887 
318.653902 
318.639914 
318.625922 
318.611927 
318.597929 
318.583928 
318.569923 
318.555915 
318.541904 
318.527889 
318.513871 
318.499850 
318.485826 
318.471798 
318.457767 
318.443733 
318.429695 
318.415654 
318.401610 
318.387563 
318.373512 
318.359458 
318.345400 
318.331340 
318.317276 
318.303209 
318.289138 
318.275064 
318.260987 
318.246906 
318.232823 
318.218735 
318.204645 
318.190551 
318.176454 
318.162354 
318.148250 
318.134143 
318.120032 
318.105918 
318.091801 
318.077681 
318.063557 
318.049430 
318.035300 
318.021166 
318.007029 
317.992888 
317.978744 
317.964597 
317.950446 
317.936293 
317.922135 
317.907975 
317.893811 
317.879643 
317.865472 
317.851298 
317.837121 
317.822940 
317.808756 
317.794568 
317.780377 
317.766183 
317.751985 
317.737784 
317.723579 
317.709372 
317.695160 
317.680946 
317.666727 
317.652506 
317.638281 
317.624053 
317.609821 
317.595586 
317.581348 
317.567106 
317.552860 
317.538612 
317.524359 
317.510104 
317.495845 
317.481583 
317.467317 
317.453047 
317.438775 
317.424499 
317.410219 
317.395936 
317.381650 
317.367360 
317.353067 
317.338770 
317.324470 
317.310166 
317.295859 
317.281549 
317.267235 
317.252917 
317.238596 
317.224272 
317.209944 
317.195613 
317.181278 
317.166940 
317.152599 
317.138254 
317.123905 
317.109553 
317.095197 
317.080838 
317.066476 
317.052110 
317.037741 
317.023368 
317.008991 
316.994611 
316.980228 
316.965841 
316.951451 
316.937057 
316.922659 
316.908259 
316.893854 
316.879446 
316.865035 
316.850620 
316.836202 
316.821780 
316.807354 
316.792925 
316.778493 
316.764057 
316.749617 
316.735174 
316.720727 
316.706277 
316.691824 
316.677367 
316.662906 
316.648441 
316.633974 
316.619502 
316.605027 
316.590549 
316.576067 
316.561581 
316.547092 
316.532600 
316.518103 
316.503604 
316.489100 
316.474593 
316.460083 
316.445569 
316.431051 
316.416530 
316.402005 
316.387477 
316.372945 
316.358409 
316.343870 
316.329328 
316.314781 
316.300231 
316.285678 
316.271121 
316.256560 
316.241996 
316.227428 
316.212857 
316.198282 
316.183703 
316.169121 
316.154535 
316.139945 
316.125352 
316.110755 
316.096155 
316.081551 
316.066943 
316.052332 
316.037717 
316.023099 
316.008476 
315.993851 
315.979221 
315.964588 
315.949951 
315.935311 
315.920667 
315.906019 
315.891368 
315.876713 
315.862054 
315.847392 
315.832726 
315.818057 
315.803383 
315.788706 
315.774026 
315.759342 
315.744654 
315.729962 
315.715267 
315.700568 
315.685865 
315.671159 
315.656449 
315.641735 
315.627017 
315.612296 
315.597571 
315.582843 
315.568111 
315.553375 
315.538635 
315.523892 
315.509145 
315.494394 
315.479639 
315.464881 
315.450119 
315.435354 
315.420584 
315.405811 
315.391034 
315.376254 
315.361469 
315.346681 
315.331890 
315.317094 
315.302295 
315.287492 
315.272685 
315.257875 
315.243060 
315.228242 
315.213420 
315.198595 
315.183766 
315.168933 
315.154096 
315.139255 
315.124411 
315.109563 
315.094711 
315.079855 
315.064996 
315.050132 
315.035265 
315.020395 
315.005520 
314.990642 
314.975759 
314.960873 
314.945984 
314.931090 
314.916193 
314.901291 
314.886386 
314.871478 
314.856565 
314.841648 
314.826728 
314.811804 
314.796876 
314.781944 
314.767009 
314.752070 
314.737126 
314.722179 
314.707228 
314.692274 
314.677315 
314.662353 
314.647386 
314.632416 
314.617442 
314.602464 
314.587483 
314.572497 
314.557508 
314.542514 
314.527517 
314.512516 
314.497511 
314.482503 
314.467490 
314.452474 
314.437453 
314.422429 
314.407401 
314.392369 
314.377333 
314.362293 
314.347249 
314.332202 
314.317150 
314.302095 
314.287035 
314.271972 
314.256905 
314.241834 
314.226759 
314.211680 
314.196597 
314.181511 
314.166420 
314.151325 
314.136227 
314.121124 
314.106018 
314.090908 
314.075793 
314.060675 
314.045553 
314.030427 
314.015297 
314.000163 
313.985025 
313.969883 
313.954737 
313.939587 
313.924433 
313.909276 
313.894114 
313.878948 
313.863779 
313.848605 
313.833427 
313.818246 
313.803060 
313.787870 
313.772677 
313.757479 
313.742278 
313.727072 
313.711862 
313.696649 
313.681431 
313.666210 
313.650984 
313.635754 
313.620521 
313.605283 
313.590041 
313.574796 
313.559546 
313.544292 
313.529034 
313.513773 
313.498507 
313.483237 
313.467963 
313.452685 
313.437403 
313.422117 
313.406827 
313.391532 
313.376234 
313.360932 
313.345625 
313.330315 
313.315000 
313.299682 
313.284359 
313.269032 
313.253702 
313.238367 
313.223028 
313.207685 
313.192338 
313.176986 
313.161631 
313.146272 
313.130908 
313.115540 
313.100169 
313.084793 
313.069413 
313.054029 
313.038640 
313.023248 
313.007852 
312.992451 
312.977046 
312.961638 
312.946225 
312.930808 
312.915386 
312.899961 
312.884532 
312.869098 
312.853660 
312.838218 
312.822772 
312.807322 
312.791867 
312.776409 
312.760946 
312.745479 
312.730008 
312.714533 
312.699053 
312.683570 
312.668082 
312.652590 
312.637094 
312.621593 
312.606089 
312.590580 
312.575067 
312.559550 
312.544029 
312.528503 
312.512973 
312.497439 
312.481901 
312.466359 
312.450812 
312.435261 
312.419706 
312.404147 
312.388583 
312.373016 
312.357444 
312.341867 
312.326287 
312.310702 
312.295113 
312.279520 
312.263922 
312.248321 
312.232715 
312.217104 
312.201490 
312.185871 
312.170248 
312.154621 
312.138989 
312.123353 
312.107713 
312.092069 
312.076420 
312.060767 
312.045109 
312.029448 
312.013782 
311.998112 
311.982437 
311.966758 
311.951075 
311.935388 
311.919696 
311.904000 
311.888299 
311.872595 
311.856885 
311.841172 
311.825454 
311.809732 
311.794006 
311.778275 
311.762540 
311.746801 
311.731057 
311.715309 
311.699556 
311.683799 
311.668038 
311.652272 
311.636502 
311.620728 
311.604949 
311.589166 
311.573379 
311.557587 
311.541791 
311.525990 
311.510185 
311.494375 
311.478562 
311.462743 
311.446921 
311.431094 
311.415262 
311.399426 
311.383586 
311.367741 
311.351892 
311.336039 
311.320181 
311.304318 
311.288452 
311.272580 
311.256705 
311.240824 
311.224940 
311.209051 
311.193157 
311.177259 
311.161357 
311.145450 
311.129539 
311.113623 
311.097703 
311.081778 
311.065849 
311.049915 
311.033977 
311.018034 
311.002087 
310.986135 
310.970179 
310.954218 
310.938253 
310.922283 
310.906309 
310.890331 
310.874347 
310.858360 
310.842367 
310.826371 
310.810369 
310.794364 
310.778353 
310.762338 
310.746319 
310.730295 
310.714266 
310.698233 
310.682196 
310.666154 
310.650107 
310.634056 
310.618000 
310.601939 
310.585874 
310.569805 
310.553731 
310.537652 
310.521569 
310.505481 
310.489388 
310.473291 
310.457190 
310.441083 
310.424973 
310.408857 
310.392737 
310.376612 
310.360483 
310.344349 
310.328211 
310.312067 
310.295920 
310.279767 
310.263610 
310.247449 
310.231282 
310.215111 
310.198936 
310.182755 
310.166570 
310.150381 
310.134187 
310.117988 
310.101784 
310.085576 
310.069363 
310.053146 
310.036923 
310.020696 
310.004465 
309.988228 
309.971987 
309.955742 
309.939491 
309.923236 
309.906976 
309.890712 
309.874443 
309.858169 
309.841890 
309.825607 
309.809318 
309.793026 
309.776728 
309.760426 
309.744119 
309.727807 
309.711490 
309.695169 
309.678843 
309.662512 
309.646177 
309.629836 
309.613491 
309.597141 
309.580787 
309.564427 
309.548063 
309.531694 
309.515321 
309.498942 
309.482559 
309.466171 
309.449778 
309.433380 
309.416977 
309.400570 
309.384158 
309.367741 
309.351319 
309.334892 
309.318461 
309.302025 
309.285584 
309.269138 
309.252687 
309.236231 
309.219771 
309.203306 
309.186835 
309.170360 
309.153880 
309.137396 
309.120906 
309.104411 
309.087912 
309.071408 
309.054899 
309.038385 
309.021866 
309.005342 
308.988813 
308.972280 
308.955741 
308.939198 
308.922649 
308.906096 
308.889538 
308.872975 
308.856407 
308.839834 
308.823256 
308.806673 
308.790085 
308.773493 
308.756895 
308.740293 
308.723685 
308.707073 
308.690455 
308.673833 
308.657205 
308.640573 
308.623936 
308.607293 
308.590646 
308.573994 
308.557336 
308.540674 
308.524007 
308.507335 
308.490657 
308.473975 
308.457288 
308.440596 
308.423898 
308.407196 
308.390489 
308.373776 
308.357059 
308.340336 
308.323609 
308.306876 
308.290139 
308.273396 
308.256648 
308.239896 
308.223138 
308.206375 
308.189607 
308.172834 
308.156056 
308.139273 
308.122484 
308.105691 
308.088893 
308.072089 
308.055280 
308.038467 
308.021648 
308.004824 
307.987995 
307.971160 
307.954321 
307.937477 
307.920627 
307.903772 
307.886913 
307.870048 
307.853177 
307.836302 
307.819422 
307.802536 
307.785645 
307.768749 
307.751848 
307.734942 
307.718031 
307.701114 
307.684192 
307.667265 
307.650333 
307.633396 
307.616453 
307.599505 
307.582552 
307.565594 
307.548631 
307.531662 
307.514688 
307.497709 
307.480725 
307.463735 
307.446741 
307.429741 
307.412735 
307.395725 
307.378709 
307.361688 
307.344662 
307.327630 
307.310593 
307.293551 
307.276504 
307.259451 
307.242393 
307.225330 
307.208262 
307.191188 
307.174109 
307.157024 
307.139934 
307.122839 
307.105739 
307.088633 
307.071522 
307.054406 
307.037284 
307.020157 
307.003025 
306.985887 
306.968744 
306.951596 
306.934442 
306.917283 
306.900119 
306.882949 
306.865774 
306.848593 
306.831407 
306.814216 
306.797019 
306.779817 
306.762609 
306.745396 
306.728178 
306.710954 
306.693725 
306.676490 
306.659250 
306.642005 
306.624754 
306.607498 
306.590236 
306.572969 
306.555696 
306.538418 
306.521135 
306.503846 
306.486551 
306.469251 
306.451946 
306.434635 
306.417319 
306.399997 
306.382669 
306.365337 
306.347998 
306.330654 
306.313305 
306.295950 
306.278590 
306.261224 
306.243853 
306.226476 
306.209093 
306.191705 
306.174312 
306.156913 
306.139508 
306.122098 
306.104682 
306.087261 
306.069834 
306.052402 
306.034964 
306.017520 
306.000071 
305.982616 
305.965156 
305.947690 
305.930218 
305.912741 
305.895258 
305.877770 
305.860276 
305.842776 
305.825271 
305.807760 
305.790244 
305.772722 
305.755194 
305.737660 
305.720121 
305.702577 
305.685026 
305.667470 
305.649908 
305.632341 
305.614768 
305.597189 
305.579605 
305.562014 
305.544419 
305.526817 
305.509210 
305.491597 
305.473978 
305.456354 
305.438724 
305.421088 
305.403446 
305.385799 
305.368146 
305.350487 
305.332822 
305.315152 
305.297476 
305.279794 
305.262106 
305.244413 
305.226714 
305.209009 
305.191298 
305.173582 
305.155859 
305.138131 
305.120397 
305.102658 
305.084912 
305.067161 
305.049403 
305.031640 
305.013872 
304.996097 
304.978316 
304.960530 
304.942738 
304.924940 
304.907136 
304.889326 
304.871510 
304.853689 
304.835861 
304.818028 
304.800189 
304.782343 
304.764492 
304.746635 
304.728773 
304.710904 
304.693029 
304.675149 
304.657262 
304.639370 
304.621471 
304.603567 
304.585657 
304.567741 
304.549818 
304.531890 
304.513956 
304.496016 
304.478070 
304.460118 
304.442160 
304.424196 
304.406226 
304.388250 
304.370268 
304.352280 
304.334286 
304.316286 
304.298280 
304.280268 
304.262250 
304.244226 
304.226196 
304.208159 
304.190117 
304.172069 
304.154014 
304.135954 
304.117887 
304.099815 
304.081736 
304.063651 
304.045560 
304.027463 
304.009360 
303.991251 
303.973136 
303.955014 
303.936887 
303.918753 
303.900613 
303.882467 
303.864315 
303.846157 
303.827993 
303.809822 
303.791645 
303.773463 
303.755273 
303.737078 
303.718877 
303.700669 
303.682456 
303.664236 
303.646009 
303.627777 
303.609538 
303.591294 
303.573043 
303.554785 
303.536522 
303.518252 
303.499976 
303.481694 
303.463405 
303.445111 
303.426810 
303.408502 
303.390189 
303.371869 
303.353543 
303.335211 
303.316872 
303.298527 
303.280176 
303.261818 
303.243454 
303.225084 
303.206707 
303.188324 
303.169935 
303.151540 
303.133138 
303.114729 
303.096315 
303.077894 
303.059466 
303.041033 
303.022593 
303.004146 
302.985693 
302.967234 
302.948768 
302.930296 
302.911818 
302.893333 
302.874841 
302.856343 
302.837839 
302.819329 
302.800812 
302.782288 
302.763758 
302.745222 
302.726679 
302.708129 
302.689573 
302.671011 
302.652442 
302.633867 
302.615285 
302.596697 
302.578102 
302.559500 
302.540893 
302.522278 
302.503657 
302.485030 
302.466396 
302.447755 
302.429108 
302.410454 
302.391794 
302.373127 
302.354454 
302.335774 
302.317088 
302.298394 
302.279695 
302.260988 
302.242275 
302.223556 
302.204830 
302.186097 
302.167357 
302.148611 
302.129859 
302.111099 
302.092333 
302.073560 
302.054781 
302.035995 
302.017202 
301.998403 
301.979597 
301.960784 
301.941965 
301.923139 
301.904306 
301.885466 
301.866620 
301.847767 
301.828907 
301.810040 
301.791167 
301.772287 
301.753400 
301.734507 
301.715606 
301.696699 
301.677785 
301.658865 
301.639937 
301.621003 
301.602062 
301.583114 
301.564159 
301.545198 
301.526230 
301.507254 
301.488272 
301.469283 
301.450288 
301.431285 
301.412276 
301.393259 
301.374236 
301.355206 
301.336169 
301.317125 
301.298075 
301.279017 
301.259952 
301.240881 
301.221803 
301.202717 
301.183625 
301.164526 
301.145420 
301.126306 
301.107186 
301.088059 
301.068925 
301.049784 
301.030636 
301.011481 
300.992319 
300.973150 
300.953974 
300.934791 
300.915601 
300.896404 
300.877200 
300.857989 
300.838771 
300.819546 
300.800313 
300.781074 
300.761828 
300.742574 
300.723313 
300.704046 
300.684771 
300.665489 
300.646200 
300.626904 
300.607601 
300.588290 
300.568973 
300.549648 
300.530316 
300.510978 
300.491631 
300.472278 
300.452918 
300.433550 
300.414175 
300.394793 
300.375404 
300.356008 
300.336604 
300.317193 
300.297775 
300.278350 
300.258917 
300.239478 
300.220031 
300.200576 
300.181115 
300.161646 
300.142170 
300.122686 
300.103196 
300.083698 
300.064193 
300.044680 
300.025160 
300.005633 
299.986098 
299.966556 
299.947007 
299.927451 
299.907887 
299.888315 
299.868737 
299.849151 
299.829557 
299.809957 
299.790348 
299.770733 
299.751110 
299.731479 
299.711841 
299.692196 
299.672543 
299.652883 
299.633216 
299.613541 
299.593858 
299.574168 
299.554471 
299.534766 
299.515053 
299.495333 
299.475606 
299.455871 
299.436128 
299.416378 
299.396621 
299.376856 
299.357083 
299.337303 
299.317515 
299.297720 
299.277917 
299.258106 
299.238288 
299.218463 
299.198630 
299.178789 
299.158940 
299.139084 
299.119220 
299.099349 
299.079470 
299.059583 
299.039689 
299.019787 
298.999877 
298.979960 
298.960035 
298.940102 
298.920162 
298.900214 
298.880258 
298.860294 
298.840323 
298.820344 
298.800357 
298.780363 
298.760361 
298.740350 
298.720333 
298.700307 
298.680274 
298.660232 
298.640184 
298.620127 
298.600062 
298.579990 
298.559909 
298.539821 
298.519725 
298.499622 
298.479510 
298.459390 
298.439263 
298.419128 
298.398985 
298.378833 
298.358674 
298.338508 
298.318333 
298.298150 
298.277959 
298.257761 
298.237554 
298.217340 
298.197117 
298.176887 
298.156648 
298.136402 
298.116147 
298.095885 
298.075614 
298.055336 
298.035050 
298.014755 
297.994452 
297.974142 
297.953823 
297.933496 
297.913162 
297.892819 
297.872468 
297.852109 
297.831742 
297.811366 
297.790983 
297.770591 
297.750192 
297.729784 
297.709368 
297.688944 
297.668512 
297.648071 
297.627623 
297.607166 
297.586701 
297.566228 
297.545746 
297.525257 
297.504759 
297.484253 
297.463738 
297.443216 
297.422685 
297.402146 
297.381598 
297.361043 
297.340479 
297.319906 
297.299326 
297.278737 
297.258140 
297.237534 
297.216920 
297.196298 
297.175667 
297.155028 
297.134381 
297.113725 
297.093061 
297.072389 
297.051708 
297.031018 
297.010321 
296.989614 
296.968900 
296.948177 
296.927445 
296.906705 
296.885957 
296.865200 
296.844434 
296.823661 
296.802878 
296.782087 
296.761288 
296.740480 
296.719663 
296.698838 
296.678005 
296.657162 
296.636312 
296.615452 
296.594584 
296.573708 
296.552823 
296.531929 
296.511027 
296.490116 
296.469196 
296.448268 
296.427331 
296.406385 
296.385431 
296.364468 
296.343496 
296.322516 
296.301527 
296.280529 
296.259522 
296.238507 
296.217483 
296.196450 
296.175409 
296.154359 
296.133300 
296.112232 
296.091155 
296.070070 
296.048975 
296.027872 
296.006760 
295.985640 
295.964510 
295.943372 
295.922224 
295.901068 
295.879903 
295.858729 
295.837546 
295.816354 
295.795154 
295.773944 
295.752725 
295.731498 
295.710261 
295.689016 
295.667761 
295.646498 
295.625226 
295.603944 
295.582654 
295.561354 
295.540046 
295.518728 
295.497402 
295.476066 
295.454721 
295.433368 
295.412005 
295.390633 
295.369252 
295.347862 
295.326462 
295.305054 
295.283636 
295.262210 
295.240774 
295.219329 
295.197875 
295.176411 
295.154939 
295.133457 
295.111966 
295.090466 
295.068956 
295.047437 
295.025909 
295.004372 
294.982826 
294.961270 
294.939705 
294.918130 
294.896547 
294.874954 
294.853351 
294.831740 
294.810119 
294.788488 
294.766848 
294.745199 
294.723541 
294.701873 
294.680195 
294.658509 
294.636812 
294.615107 
294.593392 
294.571667 
294.549933 
294.528190 
294.506437 
294.484674 
294.462902 
294.441121 
294.419330 
294.397529 
294.375719 
294.353899 
294.332070 
294.310231 
294.288383 
294.266525 
294.244657 
294.222780 
294.200893 
294.178997 
294.157090 
294.135175 
294.113249 
294.091314 
294.069369 
294.047415 
294.025450 
294.003476 
293.981493 
293.959499 
293.937496 
293.915483 
293.893460 
293.871428 
293.849386 
293.827334 
293.805272 
293.783200 
293.761118 
293.739027 
293.716926 
293.694815 
293.672694 
293.650563 
293.628422 
293.606271 
293.584111 
293.561940 
293.539759 
293.517569 
293.495369 
293.473158 
293.450938 
293.428708 
293.406467 
293.384217 
293.361956 
293.339686 
293.317406 
293.295115 
293.272814 
293.250504 
293.228183 
293.205852 
293.183511 
293.161160 
293.138799 
293.116427 
293.094046 
293.071654 
293.049252 
293.026840 
293.004418 
292.981985 
292.959543 
292.937090 
292.914626 
292.892153 
292.869669 
292.847175 
292.824671 
292.802156 
292.779631 
292.757096 
292.734551 
292.711995 
292.689428 
292.666852 
292.644265 
292.621667 
292.599060 
292.576441 
292.553813 
292.531174 
292.508524 
292.485864 
292.463193 
292.440512 
292.417821 
292.395119 
292.372407 
292.349684 
292.326950 
292.304206 
292.281451 
292.258686 
292.235910 
292.213124 
292.190326 
292.167519 
292.144700 
292.121871 
292.099032 
292.076182 
292.053321 
292.030449 
292.007566 
291.984673 
291.961769 
291.938855 
291.915929 
291.892993 
291.870046 
291.847089 
291.824120 
291.801141 
291.778151 
291.755150 
291.732138 
291.709115 
291.686082 
291.663037 
291.639982 
291.616916 
291.593838 
291.570750 
291.547651 
291.524541 
291.501420 
291.478288 
291.455145 
291.431991 
291.408826 
291.385649 
291.362462 
291.339264 
291.316055 
291.292834 
291.269603 
291.246360 
291.223106 
291.199842 
291.176565 
291.153278 
291.129980 
291.106670 
291.083349 
291.060017 
291.036674 
291.013320 
290.989954 
290.966577 
290.943189 
290.919789 
290.896378 
290.872956 
290.849522 
290.826078 
290.802621 
290.779154 
290.755675 
290.732184 
290.708682 
290.685169 
290.661644 
290.638108 
290.614561 
290.591001 
290.567431 
290.543849 
290.520255 
290.496650 
290.473033 
290.449405 
290.425765 
290.402114 
290.378451 
290.354776 
290.331090 
290.307392 
290.283682 
290.259961 
290.236228 
290.212484 
290.188727 
290.164959 
290.141179 
290.117388 
290.093585 
290.069769 
290.045943 
290.022104 
289.998253 
289.974391 
289.950517 
289.926631 
289.902733 
289.878823 
289.854901 
289.830968 
289.807022 
289.783065 
289.759095 
289.735114 
289.711120 
289.687115 
289.663097 
289.639068 
289.615026 
289.590972 
289.566907 
289.542829 
289.518739 
289.494637 
289.470523 
289.446396 
289.422258 
289.398107 
289.373944 
289.349769 
289.325582 
289.301383 
289.277171 
289.252947 
289.228710 
289.204462 
289.180201 
289.155928 
289.131642 
289.107344 
289.083034 
289.058711 
289.034376 
289.010028 
288.985668 
288.961296 
288.936911 
288.912514 
288.888104 
288.863681 
288.839247 
288.814799 
288.790339 
288.765867 
288.741381 
288.716884 
288.692373 
288.667850 
288.643315 
288.618766 
288.594205 
288.569632 
288.545045 
288.520446 
288.495834 
288.471210 
288.446573 
288.421922 
288.397259 
288.372584 
288.347895 
288.323194 
288.298479 
288.273752 
288.249012 
288.224259 
288.199493 
288.174714 
288.149922 
288.125117 
288.100299 
288.075468 
288.050625 
288.025768 
288.000898 
287.976015 
287.951118 
287.926209 
287.901287 
287.876351 
287.851402 
287.826441 
287.801465 
287.776477 
287.751476 
287.726461 
287.701433 
287.676392 
287.651337 
287.626269 
287.601188 
287.576093 
287.550985 
287.525864 
287.500729 
287.475581 
287.450420 
287.425245 
287.400056 
287.374854 
287.349639 
287.324410 
287.299167 
287.273911 
287.248642 
287.223359 
287.198062 
287.172751 
287.147427 
287.122090 
287.096738 
287.071373 
287.045995 
287.020602 
286.995196 
286.969776 
286.944342 
286.918895 
286.893433 
286.867958 
286.842469 
286.816966 
286.791449 
286.765919 
286.740374 
286.714816 
286.689243 
286.663657 
286.638056 
286.612442 
286.586813 
286.561171 
286.535514 
286.509843 
286.484158 
286.458459 
286.432746 
286.407019 
286.381278 
286.355522 
286.329752 
286.303968 
286.278170 
286.252357 
286.226531 
286.200689 
286.174834 
286.148964 
286.123080 
286.097181 
286.071268 
286.045341 
286.019399 
285.993443 
285.967472 
285.941487 
285.915487 
285.889473 
285.863444 
285.837400 
285.811342 
285.785270 
285.759182 
285.733080 
285.706964 
285.680832 
285.654686 
285.628525 
285.602350 
285.576160 
285.549955 
285.523735 
285.497500 
285.471250 
285.444986 
285.418707 
285.392412 
285.366103 
285.339779 
285.313440 
285.287086 
285.260717 
285.234333 
285.207933 
285.181519 
285.155090 
285.128645 
285.102186 
285.075711 
285.049221 
285.022716 
284.996196 
284.969660 
284.943109 
284.916543 
284.889962 
284.863365 
284.836753 
284.810125 
284.783483 
284.756824 
284.730151 
284.703462 
284.676757 
284.650037 
284.623301 
284.596550 
284.569783 
284.543001 
284.516203 
284.489390 
284.462561 
284.435716 
284.408856 
284.381979 
284.355088 
284.328180 
284.301256 
284.274317 
284.247362 
284.220391 
284.193405 
284.166402 
284.139384 
284.112349 
284.085299 
284.058232 
284.031150 
284.004052 
283.976937 
283.949807 
283.922660 
283.895498 
283.868319 
283.841124 
283.813913 
283.786685 
283.759442 
283.732182 
283.704906 
283.677614 
283.650305 
283.622980 
283.595639 
283.568281 
283.540907 
283.513516 
283.486109 
283.458686 
283.431246 
283.403790 
283.376316 
283.348827 
283.321321 
283.293798 
283.266258 
283.238702 
283.211129 
283.183540 
283.155934 
283.128311 
283.100671 
283.073014 
283.045341 
283.017650 
282.989943 
282.962219 
282.934478 
282.906720 
282.878945 
282.851153 
282.823344 
282.795518 
282.767675 
282.739814 
282.711937 
282.684042 
282.656131 
282.628202 
282.600256 
282.572292 
282.544312 
282.516314 
282.488298 
282.460266 
282.432215 
282.404148 
282.376063 
282.347961 
282.319841 
282.291703 
282.263549 
282.235376 
282.207186 
282.178978 
282.150753 
282.122510 
282.094249 
282.065971 
282.037675 
282.009361 
281.981029 
281.952680 
281.924312 
281.895927 
281.867524 
281.839103 
281.810664 
281.782207 
281.753732 
281.725239 
281.696727 
281.668198 
281.639651 
281.611085 
281.582502 
281.553900 
281.525280 
281.496641 
281.467984 
281.439309 
281.410616 
281.381904 
281.353174 
281.324426 
281.295659 
281.266873 
281.238069 
281.209247 
281.180406 
281.151546 
281.122668 
281.093771 
281.064855 
281.035921 
281.006968 
280.977996 
280.949005 
280.919996 
280.890968 
280.861921 
280.832854 
280.803769 
280.774665 
280.745542 
280.716400 
280.687239 
280.658059 
280.628860 
280.599641 
280.570404 
280.541147 
280.511871 
280.482576 
280.453261 
280.423927 
280.394574 
280.365201 
280.335809 
280.306398 
280.276967 
280.247516 
280.218046 
280.188556 
280.159047 
280.129518 
280.099970 
280.070402 
280.040814 
280.011206 
279.981578 
279.951931 
279.922264 
279.892577 
279.862870 
279.833143 
279.803396 
279.773630 
279.743843 
279.714036 
279.684209 
279.654361 
279.624494 
279.594606 
279.564699 
279.534771 
279.504822 
279.474854 
279.444865 
279.414855 
279.384825 
279.354775 
279.324704 
279.294613 
279.264501 
279.234368 
279.204215 
279.174041 
279.143847 
279.113632 
279.083396 
279.053139 
279.022861 
278.992563 
278.962244 
278.931903 
278.901542 
278.871160 
278.840757 
278.810332 
278.779887 
278.749420 
278.718933 
278.688424 
278.657893 
278.627342 
278.596769 
278.566175 
278.535560 
278.504923 
278.474264 
278.443584 
278.412883 
278.382160 
278.351416 
278.320650 
278.289862 
278.259052 
278.228221 
278.197368 
278.166493 
278.135596 
278.104678 
278.073737 
278.042775 
278.011790 
277.980784 
277.949755 
277.918705 
277.887632 
277.856537 
277.825420 
277.794280 
277.763118 
277.731934 
277.700728 
277.669499 
277.638248 
277.606974 
277.575678 
277.544359 
277.513017 
277.481653 
277.450267 
277.418857 
277.387425 
277.355970 
277.324492 
277.292991 
277.261468 
277.229921 
277.198351 
277.166759 
277.135143 
277.103504 
277.071843 
277.040157 
277.008449 
276.976718 
276.944963 
276.913184 
276.881383 
276.849558 
276.817709 
276.785837 
276.753942 
276.722022 
276.690080 
276.658113 
276.626123 
276.594109 
276.562071 
276.530010 
276.497924 
276.465815 
276.433681 
276.401524 
276.369342 
276.337137 
276.304907 
276.272653 
276.240375 
276.208073 
276.175746 
276.143395 
276.111020 
276.078620 
276.046196 
276.013747 
275.981273 
275.948775 
275.916253 
275.883705 
275.851133 
275.818536 
275.785915 
275.753268 
275.720596 
275.687900 
275.655178 
275.622432 
275.589660 
275.556863 
275.524041 
275.491194 
275.458321 
275.425423 
275.392500 
275.359551 
275.326577 
275.293577 
275.260552 
275.227501 
275.194425 
275.161322 
275.128194 
275.095041 
275.061861 
275.028655 
274.995424 
274.962166 
274.928883 
274.895573 
274.862237 
274.828876 
274.795487 
274.762073 
274.728632 
274.695165 
274.661671 
274.628151 
274.594605 
274.561032 
274.527432 
274.493806 
274.460152 
274.426472 
274.392766 
274.359032 
274.325271 
274.291484 
274.257669 
274.223828 
274.189959 
274.156063 
274.122140 
274.088189 
274.054211 
274.020206 
273.986174 
273.952114 
273.918026 
273.883911 
273.849768 
273.815597 
273.781399 
273.747173 
273.712919 
273.678637 
273.644327 
273.609989 
273.575623 
273.541229 
273.506806 
273.472356 
273.437877 
273.403370 
273.368834 
273.334270 
273.299677 
273.265056 
273.230406 
273.195728 
273.161021 
273.126285 
273.091520 
273.056726 
273.021904 
272.987052 
272.952171 
272.917261 
272.882322 
272.847354 
272.812356 
272.777329 
272.742273 
272.707187 
272.672071 
272.636926 
272.601751 
272.566547 
272.531313 
272.496049 
272.460755 
272.425431 
272.390077 
272.354693 
272.319279 
272.283835 
272.248360 
272.212856 
272.177320 
272.141755 
272.106159 
272.070532 
272.034875 
271.999187 
271.963468 
271.927718 
271.891938 
271.856127 
271.820284 
271.784411 
271.748507 
271.712571 
271.676604 
271.640606 
271.604576 
271.568515 
271.532422 
271.496298 
271.460143 
271.423955 
271.387736 
271.351485 
271.315202 
271.278887 
271.242540 
271.206161 
271.169750 
271.133306 
271.096831 
271.060323 
271.023782 
270.987209 
270.950603 
270.913965 
270.877294 
270.840591 
270.803854 
270.767085 
270.730282 
270.693447 
270.656578 
270.619677 
270.582742 
270.545773 
270.508771 
270.471736 
270.434668 
270.397565 
270.360429 
270.323259 
270.286056 
270.248818 
270.211547 
270.174241 
270.136901 
270.099528 
270.062119 
270.024677 
269.987200 
269.949689 
269.912143 
269.874562 
269.836947 
269.799297 
269.761612 
269.723892 
269.686137 
269.648347 
269.610522 
269.572662 
269.534766 
269.496835 
269.458868 
269.420866 
269.382828 
269.344755 
269.306646 
269.268500 
269.230319 
269.192102 
269.153849 
269.115559 
269.077234 
269.038872 
269.000473 
268.962038 
268.923567 
268.885058 
268.846513 
268.807932 
268.769313 
268.730657 
268.691964 
268.653234 
268.614467 
268.575662 
268.536820 
268.497941 
268.459023 
268.420069 
268.381076 
268.342045 
268.302977 
268.263871 
268.224726 
268.185543 
268.146322 
268.107063 
268.067765 
268.028429 
267.989054 
267.949640 
267.910187 
267.870696 
267.831165 
267.791596 
267.751987 
267.712339 
267.672652 
267.632925 
267.593158 
267.553352 
267.513507 
267.473621 
267.433696 
267.393730 
267.353725 
267.313679 
267.273593 
267.233466 
267.193299 
267.153092 
267.112844 
267.072555 
267.032225 
266.991854 
266.951442 
266.910989 
266.870495 
266.829959 
266.789382 
266.748763 
266.708103 
266.667401 
266.626657 
266.585871 
266.545043 
266.504173 
266.463261 
266.422306 
266.381309 
266.340269 
266.299187 
266.258062 
266.216894 
266.175683 
266.134428 
266.093131 
266.051790 
266.010406 
265.968979 
265.927508 
265.885993 
265.844434 
265.802831 
265.761184 
265.719493 
265.677758 
265.635978 
265.594154 
265.552286 
265.510372 
265.468414 
265.426411 
265.384362 
265.342269 
265.300130 
265.257946 
265.215717 
265.173441 
265.131120 
265.088753 
265.046341 
265.003882 
264.961377 
264.918825 
264.876227 
264.833583 
264.790892 
264.748154 
264.705369 
264.662537 
264.619658 
264.576732 
264.533758 
264.490737 
264.447668 
264.404551 
264.361386 
264.318174 
264.274913 
264.231604 
264.188246 
264.144840 
264.101386 
264.057882 
264.014330 
263.970729 
263.927078 
263.883378 
263.839629 
263.795830 
263.751982 
263.708083 
263.664135 
263.620137 
263.576088 
263.531989 
263.487840 
263.443639 
263.399389 
263.355087 
263.310734 
263.266330 
263.221875 
263.177368 
263.132810 
263.088200 
263.043538 
262.998824 
262.954058 
262.909240 
262.864369 
262.819446 
262.774470 
262.729441 
262.684359 
262.639224 
262.594035 
262.548794 
262.503498 
262.458149 
262.412746 
262.367289 
262.321777 
262.276212 
262.230592 
262.184917 
262.139187 
262.093403 
262.047563 
262.001668 
261.955718 
261.909712 
261.863650 
261.817532 
261.771359 
261.725129 
261.678843 
261.632500 
261.586100 
261.539644 
261.493131 
261.446560 
261.399932 
261.353247 
261.306504 
261.259703 
261.212844 
261.165927 
261.118952 
261.071918 
261.024825 
260.977674 
260.930463 
260.883193 
260.835864 
260.788476 
260.741027 
260.693519 
260.645951 
260.598322 
260.550633 
260.502884 
260.455073 
260.407202 
260.359269 
260.311276 
260.263220 
260.215103 
260.166924 
260.118683 
260.070380 
260.022014 
259.973586 
259.925095 
259.876541 
259.827923 
259.779242 
259.730498 
259.681690 
259.632818 
259.583881 
259.534881 
259.485816 
259.436686 
259.387491 
259.338230 
259.288905 
259.239514 
259.190057 
259.140534 
259.090945 
259.041290 
258.991568 
258.941779 
258.891923 
258.842000 
258.792010 
258.741952 
258.691826 
258.641632 
258.591370 
258.541039 
258.490640 
258.440171 
258.389634 
258.339027 
258.288350 
258.237604 
258.186787 
258.135900 
258.084943 
258.033915 
257.982816 
257.931646 
257.880405 
257.829091 
257.777706 
257.726249 
257.674720 
257.623118 
257.571443 
257.519695 
257.467873 
257.415978 
257.364010 
257.311967 
257.259850 
257.207659 
257.155392 
257.103051 
257.050634 
256.998142 
256.945574 
256.892930 
256.840210 
256.787413 
256.734540 
256.681589 
256.628561 
256.575455 
256.522272 
256.469010 
256.415670 
256.362252 
256.308754 
256.255178 
256.201521 
256.147785 
256.093969 
256.040073 
255.986096 
255.932038 
255.877899 
255.823679 
255.769377 
255.714993 
255.660527 
255.605978 
255.551346 
255.496631 
255.441833 
255.386951 
255.331985 
255.276934 
255.221799 
255.166579 
255.111274 
255.055883 
255.000406 
254.944843 
254.889194 
254.833457 
254.777634 
254.721723 
254.665725 
254.609638 
254.553463 
254.497200 
254.440847 
254.384405 
254.327873 
254.271251 
254.214539 
254.157736 
254.100842 
254.043857 
253.986780 
253.929611 
253.872350 
253.814995 
253.757548 
253.700007 
253.642373 
253.584644 
253.526821 
253.468903 
253.410890 
253.352781 
253.294576 
253.236275 
253.177877 
253.119382 
253.060789 
253.002099 
252.943311 
252.884424 
252.825438 
252.766353 
252.707167 
252.647882 
252.588497 
252.529010 
252.469422 
252.409732 
252.349940 
252.290046 
252.230049 
252.169948 
252.109744 
252.049435 
251.989022 
251.928504 
251.867880 
251.807151 
251.746315 
251.685373 
251.624323 
251.563166 
251.501901 
251.440527 
251.379044 
251.317452 
251.255751 
251.193938 
251.132016 
251.069982 
251.007836 
250.945578 
250.883208 
250.820724 
250.758127 
250.695416 
250.632591 
250.569650 
250.506594 
250.443422 
250.380134 
250.316729 
250.253206 
250.189565 
250.125806 
250.061928 
249.997930 
249.933812 
249.869574 
249.805215 
249.740734 
249.676131 
249.611406 
249.546557 
249.481585 
249.416488 
249.351266 
249.285919 
249.220446 
249.154847 
249.089121 
249.023266 
248.957284 
248.891173 
248.824933 
248.758562 
248.692061 
248.625429 
248.558665 
248.491769 
248.424740 
248.357577 
248.290280 
248.222849 
248.155282 
248.087579 
248.019739 
247.951762 
247.883647 
247.815393 
247.747000 
247.678467 
247.609793 
247.540979 
247.472022 
247.402923 
247.333680 
247.264294 
247.194763 
247.125086 
247.055264 
246.985294 
246.915177 
246.844912 
246.774498 
246.703935 
246.633221 
246.562356 
246.491339 
246.420169 
246.348846 
246.277369 
246.205737 
246.133949 
246.062005 
245.989903 
245.917644 
245.845225 
245.772647 
245.699909 
245.627009 
245.553947 
245.480722 
245.407333 
245.333780 
245.260061 
245.186175 
245.112123 
245.037902 
244.963513 
244.888953 
244.814223 
244.739321 
244.664247 
244.588999 
244.513577 
244.437979 
244.362205 
244.286254 
244.210124 
244.133816 
244.057327 
243.980657 
243.903805 
243.826770 
243.749551 
243.672146 
243.594556 
243.516778 
243.438812 
243.360657 
243.282312 
243.203775 
243.125045 
243.046122 
242.967005 
242.887691 
242.808181 
242.728473 
242.648565 
242.568458 
242.488148 
242.407636 
242.326921 
242.246000 
242.164873 
242.083539 
242.001996 
241.920243 
241.838279 
241.756103 
241.673713 
241.591109 
241.508288 
241.425249 
241.341992 
241.258514 
241.174815 
241.090893 
241.006747 
240.922376 
240.837777 
240.752950 
240.667893 
240.582605 
240.497085 
240.411330 
240.325339 
240.239111 
240.152645 
240.065939 
239.978991 
239.891799 
239.804363 
239.716681 
239.628750 
239.540570 
239.452139 
239.363455 
239.274516 
239.185321 
239.095868 
239.006156 
238.916182 
238.825945 
238.735443 
238.644675 
238.553638 
238.462330 
238.370751 
238.278897 
238.186768 
238.094361 
238.001674 
237.908706 
237.815453 
237.721916 
237.628090 
237.533975 
237.439568 
237.344867 
237.249871 
237.154576 
237.058981 
236.963084 
236.866883 
236.770374 
236.673556 
236.576428 
236.478985 
236.381227 
236.283150 
236.184753 
236.086032 
235.986987 
235.887613 
235.787908 
235.687871 
235.587498 
235.486787 
235.385736 
235.284341 
235.182600 
235.080510 
234.978068 
234.875273 
234.772120 
234.668607 
234.564732 
234.460490 
234.355880 
234.250898 
234.145542 
234.039808 
233.933693 
233.827193 
233.720307 
233.613030 
233.505359 
233.397292 
233.288823 
233.179951 
233.070672 
232.960982 
232.850878 
232.740356 
232.629412 
232.518043 
232.406246 
232.294015 
232.181348 
232.068240 
231.954689 
231.840688 
231.726235 
231.611326 
231.495956 
231.380121 
231.263817 
231.147039 
231.029783 
230.912044 
230.793818 
230.675101 
230.555887 
230.436173 
230.315952 
230.195220 
230.073973 
229.952205 
229.829911 
229.707085 
229.583723 
229.459820 
229.335369 
229.210365 
229.084803 
228.958677 
228.831981 
228.704709 
228.576855 
228.448413 
228.319378 
228.189742 
228.059499 
227.928643 
227.797167 
227.665064 
227.532329 
227.398953 
227.264929 
227.130251 
226.994911 
226.858902 
226.722216 
226.584845 
226.446782 
226.308018 
226.168546 
226.028357 
225.887443 
225.745795 
225.603405 
225.460263 
225.316361 
225.171689 
225.026238 
224.879999 
224.732961 
224.585115 
224.436450 
224.286956 
224.136623 
223.985439 
223.833395 
223.680478 
223.526677 
223.371981 
223.216377 
223.059854 
222.902399 
222.743999 
222.584642 
222.424314 
222.263002 
222.100692 
221.937370 
221.773021 
221.607632 
221.441186 
221.273668 
221.105063 
220.935354 
220.764526 
220.592561 
220.419442 
220.245151 
220.069670 
219.892981 
219.715064 
219.535901 
219.355472 
219.173755 
218.990730 
218.806376 
218.620671 
218.433591 
218.245115 
218.055217 
217.863874 
217.671060 
217.476751 
217.280918 
217.083536 
216.884576 
216.684010 
216.481807 
216.277938 
216.072371 
215.865075 
215.656015 
215.445158 
215.232468 
215.017910 
214.801445 
214.583036 
214.362642 
214.140223 
213.915736 
213.689137 
213.460381 
213.229421 
212.996209 
212.760695 
212.522828 
212.282553 
212.039815 
211.794557 
211.546718 
211.296239 
211.043053 
210.787095 
210.528295 
210.266582 
210.001882 
209.734115 
209.463202 
209.189058 
208.911596 
208.630724 
208.346346 
208.058364 
207.766672 
207.471162 
207.171721 
206.868229 
206.560561 
206.248587 
205.932169 
205.611162 
205.285416 
204.954771 
204.619058 
204.278101 
203.931713 
203.579697 
203.221844 
202.857933 
202.487731 
202.110989 
201.727444 
201.336815 
200.938803 
200.533090 
200.119335 
199.697174 
199.266216 
198.826043 
198.376203 
197.916211 
197.445542 
196.963629 
196.469854 
195.963550 
195.443986 
194.910365 
194.361813 
193.797370 
193.215974 
192.616454 
191.997506 
191.357677 
190.695338 
190.008655 
189.295554 
188.553675 
187.780314 
186.972358 
186.126186 
185.237564 
184.301485 
183.311966 
182.261781 
181.142075 
179.941829 
178.647078 
177.239738 
175.695774 
173.982202 
172.051917 
169.834060 
167.214317 
163.988835 
159.732312 
153.257914 
136.204110 
NaN
NaN
NaN
NaN
NaN
NaN
NaN
NaN
NaN
NaN
NaN
NaN
NaN
NaN
NaN
NaN
NaN
NaN
NaN
NaN
NaN
NaN
NaN
NaN
NaN
NaN
NaN
NaN
NaN
NaN
NaN
NaN
NaN
NaN
NaN
NaN
NaN
NaN
NaN
