330.045779 
330.038994 
330.032208 
330.025422 
330.018635 
330.011848 
330.005060 
329.998271 
329.991482 
329.984693 
329.977902 
329.971112 
329.964320 
329.957529 
329.950736 
329.943943 
329.937150 
329.930356 
329.923561 
329.916766 
329.909970 
329.903174 
329.896377 
329.889579 
329.882781 
329.875983 
329.869184 
329.862384 
329.855584 
329.848783 
329.841982 
329.835180 
329.828377 
329.821574 
329.814771 
329.807966 
329.801162 
329.794356 
329.787551 
329.780744 
329.773937 
329.767130 
329.760322 
329.753513 
329.746704 
329.739894 
329.733084 
329.726273 
329.719462 
329.712650 
329.705837 
329.699024 
329.692210 
329.685396 
329.678581 
329.671766 
329.664950 
329.658133 
329.651316 
329.644499 
329.637681 
329.630862 
329.624042 
329.617223 
329.610402 
329.603581 
329.596760 
329.589938 
329.583115 
329.576292 
329.569468 
329.562643 
329.555818 
329.548993 
329.542167 
329.535340 
329.528513 
329.521685 
329.514857 
329.508028 
329.501199 
329.494369 
329.487538 
329.480707 
329.473875 
329.467043 
329.460210 
329.453377 
329.446543 
329.439708 
329.432873 
329.426037 
329.419201 
329.412364 
329.405527 
329.398689 
329.391851 
329.385011 
329.378172 
329.371332 
329.364491 
329.357649 
329.350808 
329.343965 
329.337122 
329.330278 
329.323434 
329.316589 
329.309744 
329.302898 
329.296052 
329.289205 
329.282357 
329.275509 
329.268660 
329.261811 
329.254961 
329.248111 
329.241260 
329.234408 
329.227556 
329.220703 
329.213850 
329.206996 
329.200142 
329.193287 
329.186431 
329.179575 
329.172718 
329.165861 
329.159003 
329.152145 
329.145286 
329.138426 
329.131566 
329.124705 
329.117844 
329.110982 
329.104119 
329.097256 
329.090393 
329.083529 
329.076664 
329.069799 
329.062933 
329.056066 
329.049199 
329.042332 
329.035464 
329.028595 
329.021726 
329.014856 
329.007985 
329.001114 
328.994243 
328.987370 
328.980498 
328.973624 
328.966750 
328.959876 
328.953001 
328.946125 
328.939249 
328.932372 
328.925495 
328.918617 
328.911739 
328.904859 
328.897980 
328.891100 
328.884219 
328.877337 
328.870455 
328.863573 
328.856690 
328.849806 
328.842922 
328.836037 
328.829151 
328.822265 
328.815379 
328.808492 
328.801604 
328.794716 
328.787827 
328.780937 
328.774047 
328.767157 
328.760265 
328.753374 
328.746481 
328.739588 
328.732695 
328.725801 
328.718906 
328.712011 
328.705115 
328.698219 
328.691322 
328.684424 
328.677526 
328.670627 
328.663728 
328.656828 
328.649927 
328.643026 
328.636125 
328.629223 
328.622320 
328.615416 
328.608512 
328.601608 
328.594703 
328.587797 
328.580891 
328.573984 
328.567076 
328.560168 
328.553260 
328.546351 
328.539441 
328.532530 
328.525619 
328.518708 
328.511796 
328.504883 
328.497970 
328.491056 
328.484142 
328.477226 
328.470311 
328.463395 
328.456478 
328.449561 
328.442643 
328.435724 
328.428805 
328.421885 
328.414965 
328.408044 
328.401123 
328.394201 
328.387278 
328.380355 
328.373431 
328.366506 
328.359582 
328.352656 
328.345730 
328.338803 
328.331876 
328.324948 
328.318019 
328.311090 
328.304161 
328.297230 
328.290300 
328.283368 
328.276436 
328.269503 
328.262570 
328.255637 
328.248702 
328.241767 
328.234832 
328.227896 
328.220959 
328.214021 
328.207084 
328.200145 
328.193206 
328.186266 
328.179326 
328.172385 
328.165444 
328.158502 
328.151559 
328.144616 
328.137672 
328.130728 
328.123783 
328.116837 
328.109891 
328.102944 
328.095997 
328.089049 
328.082101 
328.075152 
328.068202 
328.061252 
328.054301 
328.047349 
328.040397 
328.033444 
328.026491 
328.019537 
328.012583 
328.005628 
327.998672 
327.991716 
327.984759 
327.977802 
327.970844 
327.963885 
327.956926 
327.949966 
327.943006 
327.936045 
327.929083 
327.922121 
327.915159 
327.908195 
327.901231 
327.894267 
327.887302 
327.880336 
327.873370 
327.866403 
327.859435 
327.852467 
327.845498 
327.838529 
327.831559 
327.824589 
327.817618 
327.810646 
327.803674 
327.796701 
327.789727 
327.782753 
327.775779 
327.768803 
327.761828 
327.754851 
327.747874 
327.740896 
327.733918 
327.726939 
327.719960 
327.712980 
327.705999 
327.699018 
327.692036 
327.685054 
327.678071 
327.671087 
327.664103 
327.657118 
327.650133 
327.643147 
327.636160 
327.629173 
327.622185 
327.615196 
327.608207 
327.601218 
327.594228 
327.587237 
327.580245 
327.573253 
327.566261 
327.559267 
327.552274 
327.545279 
327.538284 
327.531289 
327.524292 
327.517295 
327.510298 
327.503300 
327.496301 
327.489302 
327.482302 
327.475302 
327.468301 
327.461299 
327.454297 
327.447294 
327.440290 
327.433286 
327.426282 
327.419276 
327.412271 
327.405264 
327.398257 
327.391249 
327.384241 
327.377232 
327.370223 
327.363212 
327.356202 
327.349190 
327.342178 
327.335166 
327.328153 
327.321139 
327.314125 
327.307110 
327.300094 
327.293078 
327.286061 
327.279044 
327.272026 
327.265007 
327.257988 
327.250968 
327.243948 
327.236927 
327.229905 
327.222883 
327.215860 
327.208837 
327.201813 
327.194788 
327.187763 
327.180737 
327.173710 
327.166683 
327.159655 
327.152627 
327.145598 
327.138569 
327.131538 
327.124508 
327.117476 
327.110444 
327.103412 
327.096379 
327.089345 
327.082310 
327.075275 
327.068240 
327.061203 
327.054166 
327.047129 
327.040091 
327.033052 
327.026013 
327.018973 
327.011932 
327.004891 
326.997850 
326.990807 
326.983764 
326.976721 
326.969676 
326.962632 
326.955586 
326.948540 
326.941493 
326.934446 
326.927398 
326.920350 
326.913301 
326.906251 
326.899201 
326.892150 
326.885098 
326.878046 
326.870993 
326.863940 
326.856886 
326.849831 
326.842776 
326.835720 
326.828663 
326.821606 
326.814549 
326.807490 
326.800431 
326.793372 
326.786312 
326.779251 
326.772189 
326.765127 
326.758065 
326.751001 
326.743937 
326.736873 
326.729808 
326.722742 
326.715676 
326.708609 
326.701541 
326.694473 
326.687404 
326.680335 
326.673265 
326.666194 
326.659123 
326.652051 
326.644978 
326.637905 
326.630831 
326.623757 
326.616682 
326.609606 
326.602530 
326.595453 
326.588376 
326.581297 
326.574219 
326.567139 
326.560059 
326.552979 
326.545898 
326.538816 
326.531733 
326.524650 
326.517567 
326.510482 
326.503397 
326.496312 
326.489225 
326.482139 
326.475051 
326.467963 
326.460874 
326.453785 
326.446695 
326.439605 
326.432514 
326.425422 
326.418329 
326.411236 
326.404143 
326.397048 
326.389953 
326.382858 
326.375762 
326.368665 
326.361567 
326.354469 
326.347371 
326.340271 
326.333172 
326.326071 
326.318970 
326.311868 
326.304766 
326.297663 
326.290559 
326.283455 
326.276350 
326.269244 
326.262138 
326.255031 
326.247924 
326.240816 
326.233707 
326.226598 
326.219488 
326.212377 
326.205266 
326.198154 
326.191042 
326.183929 
326.176815 
326.169701 
326.162586 
326.155470 
326.148354 
326.141237 
326.134119 
326.127001 
326.119883 
326.112763 
326.105643 
326.098523 
326.091401 
326.084279 
326.077157 
326.070034 
326.062910 
326.055786 
326.048660 
326.041535 
326.034408 
326.027282 
326.020154 
326.013026 
326.005897 
325.998767 
325.991637 
325.984507 
325.977375 
325.970243 
325.963111 
325.955977 
325.948843 
325.941709 
325.934574 
325.927438 
325.920302 
325.913164 
325.906027 
325.898888 
325.891749 
325.884610 
325.877470 
325.870329 
325.863187 
325.856045 
325.848902 
325.841759 
325.834615 
325.827470 
325.820325 
325.813179 
325.806032 
325.798885 
325.791737 
325.784589 
325.777440 
325.770290 
325.763139 
325.755988 
325.748837 
325.741684 
325.734531 
325.727378 
325.720224 
325.713069 
325.705913 
325.698757 
325.691600 
325.684443 
325.677285 
325.670126 
325.662967 
325.655807 
325.648646 
325.641485 
325.634323 
325.627160 
325.619997 
325.612833 
325.605669 
325.598504 
325.591338 
325.584172 
325.577005 
325.569837 
325.562669 
325.555500 
325.548330 
325.541160 
325.533989 
325.526818 
325.519645 
325.512473 
325.505299 
325.498125 
325.490950 
325.483775 
325.476599 
325.469422 
325.462245 
325.455067 
325.447889 
325.440709 
325.433529 
325.426349 
325.419168 
325.411986 
325.404803 
325.397620 
325.390437 
325.383252 
325.376067 
325.368882 
325.361695 
325.354508 
325.347321 
325.340132 
325.332944 
325.325754 
325.318564 
325.311373 
325.304181 
325.296989 
325.289797 
325.282603 
325.275409 
325.268214 
325.261019 
325.253823 
325.246626 
325.239429 
325.232231 
325.225032 
325.217833 
325.210633 
325.203433 
325.196232 
325.189030 
325.181827 
325.174624 
325.167420 
325.160216 
325.153011 
325.145805 
325.138599 
325.131391 
325.124184 
325.116975 
325.109766 
325.102557 
325.095347 
325.088136 
325.080924 
325.073712 
325.066499 
325.059285 
325.052071 
325.044856 
325.037641 
325.030424 
325.023208 
325.015990 
325.008772 
325.001553 
324.994334 
324.987114 
324.979893 
324.972672 
324.965450 
324.958227 
324.951004 
324.943780 
324.936555 
324.929330 
324.922104 
324.914877 
324.907650 
324.900422 
324.893193 
324.885964 
324.878734 
324.871504 
324.864272 
324.857040 
324.849808 
324.842575 
324.835341 
324.828106 
324.820871 
324.813635 
324.806399 
324.799162 
324.791924 
324.784686 
324.777447 
324.770207 
324.762966 
324.755725 
324.748484 
324.741241 
324.733998 
324.726754 
324.719510 
324.712265 
324.705019 
324.697773 
324.690526 
324.683278 
324.676030 
324.668781 
324.661531 
324.654281 
324.647030 
324.639779 
324.632526 
324.625273 
324.618020 
324.610766 
324.603511 
324.596255 
324.588999 
324.581742 
324.574484 
324.567226 
324.559967 
324.552708 
324.545447 
324.538186 
324.530925 
324.523663 
324.516400 
324.509136 
324.501872 
324.494607 
324.487342 
324.480076 
324.472809 
324.465541 
324.458273 
324.451004 
324.443735 
324.436464 
324.429194 
324.421922 
324.414650 
324.407377 
324.400104 
324.392829 
324.385555 
324.378279 
324.371003 
324.363726 
324.356448 
324.349170 
324.341891 
324.334612 
324.327332 
324.320051 
324.312769 
324.305487 
324.298204 
324.290921 
324.283637 
324.276352 
324.269066 
324.261780 
324.254493 
324.247206 
324.239918 
324.232629 
324.225339 
324.218049 
324.210758 
324.203466 
324.196174 
324.188881 
324.181588 
324.174294 
324.166999 
324.159703 
324.152407 
324.145110 
324.137812 
324.130514 
324.123215 
324.115916 
324.108615 
324.101314 
324.094013 
324.086710 
324.079407 
324.072104 
324.064800 
324.057495 
324.050189 
324.042883 
324.035576 
324.028268 
324.020960 
324.013650 
324.006341 
323.999030 
323.991719 
323.984408 
323.977095 
323.969782 
323.962468 
323.955154 
323.947839 
323.940523 
323.933207 
323.925889 
323.918572 
323.911253 
323.903934 
323.896614 
323.889294 
323.881972 
323.874651 
323.867328 
323.860005 
323.852681 
323.845356 
323.838031 
323.830705 
323.823379 
323.816051 
323.808723 
323.801395 
323.794065 
323.786735 
323.779405 
323.772073 
323.764741 
323.757408 
323.750075 
323.742741 
323.735406 
323.728071 
323.720735 
323.713398 
323.706060 
323.698722 
323.691383 
323.684044 
323.676703 
323.669362 
323.662021 
323.654679 
323.647336 
323.639992 
323.632648 
323.625303 
323.617957 
323.610611 
323.603264 
323.595916 
323.588567 
323.581218 
323.573869 
323.566518 
323.559167 
323.551815 
323.544463 
323.537109 
323.529755 
323.522401 
323.515046 
323.507690 
323.500333 
323.492976 
323.485618 
323.478259 
323.470900 
323.463540 
323.456179 
323.448817 
323.441455 
323.434092 
323.426729 
323.419365 
323.412000 
323.404634 
323.397268 
323.389901 
323.382533 
323.375165 
323.367796 
323.360426 
323.353056 
323.345685 
323.338313 
323.330941 
323.323568 
323.316194 
323.308819 
323.301444 
323.294068 
323.286691 
323.279314 
323.271936 
323.264557 
323.257178 
323.249798 
323.242417 
323.235036 
323.227654 
323.220271 
323.212887 
323.205503 
323.198118 
323.190733 
323.183346 
323.175959 
323.168572 
323.161183 
323.153794 
323.146405 
323.139014 
323.131623 
323.124231 
323.116839 
323.109445 
323.102051 
323.094657 
323.087262 
323.079866 
323.072469 
323.065071 
323.057673 
323.050275 
323.042875 
323.035475 
323.028074 
323.020672 
323.013270 
323.005867 
322.998464 
322.991059 
322.983654 
322.976248 
322.968842 
322.961435 
322.954027 
322.946618 
322.939209 
322.931799 
322.924388 
322.916977 
322.909565 
322.902152 
322.894739 
322.887325 
322.879910 
322.872494 
322.865078 
322.857661 
322.850243 
322.842825 
322.835406 
322.827986 
322.820566 
322.813145 
322.805723 
322.798300 
322.790877 
322.783453 
322.776028 
322.768603 
322.761177 
322.753750 
322.746323 
322.738895 
322.731466 
322.724036 
322.716606 
322.709175 
322.701743 
322.694311 
322.686878 
322.679444 
322.672009 
322.664574 
322.657138 
322.649701 
322.642264 
322.634826 
322.627387 
322.619948 
322.612508 
322.605067 
322.597625 
322.590183 
322.582740 
322.575296 
322.567852 
322.560407 
322.552961 
322.545514 
322.538067 
322.530619 
322.523171 
322.515721 
322.508271 
322.500820 
322.493369 
322.485917 
322.478464 
322.471010 
322.463556 
322.456101 
322.448645 
322.441189 
322.433732 
322.426274 
322.418815 
322.411356 
322.403896 
322.396435 
322.388974 
322.381511 
322.374049 
322.366585 
322.359121 
322.351656 
322.344190 
322.336724 
322.329257 
322.321789 
322.314320 
322.306851 
322.299381 
322.291910 
322.284439 
322.276967 
322.269494 
322.262020 
322.254546 
322.247071 
322.239595 
322.232119 
322.224642 
322.217164 
322.209685 
322.202206 
322.194726 
322.187245 
322.179764 
322.172282 
322.164799 
322.157316 
322.149831 
322.142346 
322.134860 
322.127374 
322.119887 
322.112399 
322.104910 
322.097421 
322.089931 
322.082440 
322.074949 
322.067457 
322.059964 
322.052470 
322.044976 
322.037481 
322.029985 
322.022488 
322.014991 
322.007493 
321.999995 
321.992495 
321.984995 
321.977494 
321.969993 
321.962490 
321.954987 
321.947484 
321.939979 
321.932474 
321.924968 
321.917462 
321.909954 
321.902446 
321.894937 
321.887428 
321.879918 
321.872407 
321.864895 
321.857383 
321.849870 
321.842356 
321.834841 
321.827326 
321.819810 
321.812293 
321.804776 
321.797257 
321.789739 
321.782219 
321.774698 
321.767177 
321.759656 
321.752133 
321.744610 
321.737086 
321.729561 
321.722036 
321.714509 
321.706982 
321.699455 
321.691926 
321.684397 
321.676867 
321.669337 
321.661806 
321.654274 
321.646741 
321.639207 
321.631673 
321.624138 
321.616603 
321.609066 
321.601529 
321.593991 
321.586453 
321.578913 
321.571373 
321.563832 
321.556291 
321.548749 
321.541206 
321.533662 
321.526118 
321.518572 
321.511027 
321.503480 
321.495933 
321.488384 
321.480836 
321.473286 
321.465736 
321.458185 
321.450633 
321.443080 
321.435527 
321.427973 
321.420419 
321.412863 
321.405307 
321.397750 
321.390192 
321.382634 
321.375075 
321.367515 
321.359954 
321.352393 
321.344831 
321.337268 
321.329705 
321.322140 
321.314575 
321.307010 
321.299443 
321.291876 
321.284308 
321.276739 
321.269170 
321.261600 
321.254029 
321.246457 
321.238885 
321.231312 
321.223738 
321.216163 
321.208588 
321.201012 
321.193435 
321.185857 
321.178279 
321.170700 
321.163120 
321.155539 
321.147958 
321.140376 
321.132793 
321.125210 
321.117626 
321.110041 
321.102455 
321.094868 
321.087281 
321.079693 
321.072105 
321.064515 
321.056925 
321.049334 
321.041742 
321.034150 
321.026557 
321.018963 
321.011368 
321.003773 
320.996177 
320.988580 
320.980982 
320.973384 
320.965784 
320.958185 
320.950584 
320.942983 
320.935380 
320.927778 
320.920174 
320.912570 
320.904965 
320.897359 
320.889752 
320.882145 
320.874537 
320.866928 
320.859318 
320.851708 
320.844097 
320.836485 
320.828872 
320.821259 
320.813645 
320.806030 
320.798414 
320.790798 
320.783181 
320.775563 
320.767945 
320.760325 
320.752705 
320.745084 
320.737463 
320.729840 
320.722217 
320.714593 
320.706969 
320.699343 
320.691717 
320.684090 
320.676463 
320.668834 
320.661205 
320.653575 
320.645945 
320.638313 
320.630681 
320.623048 
320.615415 
320.607780 
320.600145 
320.592509 
320.584873 
320.577235 
320.569597 
320.561958 
320.554318 
320.546678 
320.539037 
320.531395 
320.523752 
320.516108 
320.508464 
320.500819 
320.493173 
320.485527 
320.477880 
320.470232 
320.462583 
320.454933 
320.447283 
320.439632 
320.431980 
320.424327 
320.416674 
320.409020 
320.401365 
320.393710 
320.386053 
320.378396 
320.370738 
320.363079 
320.355420 
320.347760 
320.340099 
320.332437 
320.324775 
320.317111 
320.309447 
320.301783 
320.294117 
320.286451 
320.278784 
320.271116 
320.263447 
320.255778 
320.248108 
320.240437 
320.232765 
320.225093 
320.217420 
320.209746 
320.202071 
320.194396 
320.186719 
320.179042 
320.171365 
320.163686 
320.156007 
320.148327 
320.140646 
320.132964 
320.125282 
320.117599 
320.109915 
320.102230 
320.094545 
320.086859 
320.079172 
320.071484 
320.063795 
320.056106 
320.048416 
320.040725 
320.033034 
320.025341 
320.017648 
320.009954 
320.002260 
319.994564 
319.986868 
319.979171 
319.971473 
319.963775 
319.956075 
319.948375 
319.940674 
319.932973 
319.925270 
319.917567 
319.909863 
319.902159 
319.894453 
319.886747 
319.879040 
319.871332 
319.863624 
319.855914 
319.848204 
319.840493 
319.832782 
319.825069 
319.817356 
319.809642 
319.801927 
319.794212 
319.786495 
319.778778 
319.771060 
319.763342 
319.755622 
319.747902 
319.740181 
319.732459 
319.724737 
319.717013 
319.709289 
319.701564 
319.693839 
319.686112 
319.678385 
319.670657 
319.662928 
319.655199 
319.647468 
319.639737 
319.632005 
319.624273 
319.616539 
319.608805 
319.601070 
319.593334 
319.585598 
319.577860 
319.570122 
319.562383 
319.554644 
319.546903 
319.539162 
319.531420 
319.523677 
319.515933 
319.508189 
319.500444 
319.492698 
319.484951 
319.477204 
319.469455 
319.461706 
319.453956 
319.446206 
319.438454 
319.430702 
319.422949 
319.415195 
319.407440 
319.399685 
319.391929 
319.384172 
319.376414 
319.368656 
319.360896 
319.353136 
319.345375 
319.337614 
319.329851 
319.322088 
319.314324 
319.306559 
319.298793 
319.291027 
319.283260 
319.275492 
319.267723 
319.259953 
319.252183 
319.244412 
319.236640 
319.228867 
319.221094 
319.213319 
319.205544 
319.197768 
319.189992 
319.182214 
319.174436 
319.166657 
319.158877 
319.151096 
319.143315 
319.135532 
319.127749 
319.119966 
319.112181 
319.104396 
319.096609 
319.088822 
319.081035 
319.073246 
319.065457 
319.057666 
319.049875 
319.042084 
319.034291 
319.026498 
319.018703 
319.010908 
319.003113 
318.995316 
318.987519 
318.979721 
318.971922 
318.964122 
318.956321 
318.948520 
318.940718 
318.932915 
318.925111 
318.917307 
318.909501 
318.901695 
318.893888 
318.886080 
318.878272 
318.870463 
318.862652 
318.854841 
318.847030 
318.839217 
318.831404 
318.823590 
318.815775 
318.807959 
318.800142 
318.792325 
318.784507 
318.776688 
318.768868 
318.761048 
318.753226 
318.745404 
318.737581 
318.729757 
318.721933 
318.714107 
318.706281 
318.698454 
318.690626 
318.682798 
318.674968 
318.667138 
318.659307 
318.651475 
318.643642 
318.635809 
318.627975 
318.620140 
318.612304 
318.604467 
318.596630 
318.588791 
318.580952 
318.573112 
318.565271 
318.557430 
318.549588 
318.541744 
318.533900 
318.526056 
318.518210 
318.510364 
318.502516 
318.494668 
318.486820 
318.478970 
318.471120 
318.463268 
318.455416 
318.447563 
318.439710 
318.431855 
318.424000 
318.416144 
318.408287 
318.400429 
318.392570 
318.384711 
318.376851 
318.368990 
318.361128 
318.353265 
318.345402 
318.337537 
318.329672 
318.321806 
318.313940 
318.306072 
318.298204 
318.290335 
318.282465 
318.274594 
318.266722 
318.258850 
318.250976 
318.243102 
318.235228 
318.227352 
318.219475 
318.211598 
318.203720 
318.195841 
318.187961 
318.180080 
318.172199 
318.164317 
318.156433 
318.148550 
318.140665 
318.132779 
318.124893 
318.117006 
318.109118 
318.101229 
318.093339 
318.085449 
318.077557 
318.069665 
318.061772 
318.053879 
318.045984 
318.038089 
318.030192 
318.022295 
318.014397 
318.006499 
317.998599 
317.990699 
317.982798 
317.974896 
317.966993 
317.959089 
317.951185 
317.943279 
317.935373 
317.927466 
317.919558 
317.911650 
317.903740 
317.895830 
317.887919 
317.880007 
317.872094 
317.864181 
317.856266 
317.848351 
317.840435 
317.832518 
317.824600 
317.816682 
317.808762 
317.800842 
317.792921 
317.784999 
317.777076 
317.769153 
317.761228 
317.753303 
317.745377 
317.737450 
317.729523 
317.721594 
317.713665 
317.705734 
317.697803 
317.689871 
317.681939 
317.674005 
317.666071 
317.658136 
317.650200 
317.642263 
317.634325 
317.626386 
317.618447 
317.610507 
317.602566 
317.594624 
317.586681 
317.578738 
317.570793 
317.562848 
317.554902 
317.546955 
317.539007 
317.531059 
317.523109 
317.515159 
317.507208 
317.499256 
317.491303 
317.483350 
317.475395 
317.467440 
317.459484 
317.451527 
317.443569 
317.435610 
317.427651 
317.419690 
317.411729 
317.403767 
317.395804 
317.387841 
317.379876 
317.371911 
317.363944 
317.355977 
317.348009 
317.340041 
317.332071 
317.324101 
317.316129 
317.308157 
317.300184 
317.292210 
317.284236 
317.276260 
317.268284 
317.260307 
317.252329 
317.244350 
317.236370 
317.228389 
317.220408 
317.212426 
317.204442 
317.196458 
317.188474 
317.180488 
317.172501 
317.164514 
317.156526 
317.148537 
317.140547 
317.132556 
317.124564 
317.116572 
317.108579 
317.100584 
317.092589 
317.084593 
317.076597 
317.068599 
317.060601 
317.052601 
317.044601 
317.036600 
317.028599 
317.020596 
317.012592 
317.004588 
316.996583 
316.988577 
316.980570 
316.972562 
316.964553 
316.956544 
316.948533 
316.940522 
316.932510 
316.924497 
316.916483 
316.908469 
316.900453 
316.892437 
316.884419 
316.876401 
316.868382 
316.860363 
316.852342 
316.844320 
316.836298 
316.828275 
316.820251 
316.812226 
316.804200 
316.796173 
316.788146 
316.780118 
316.772088 
316.764058 
316.756027 
316.747995 
316.739963 
316.731929 
316.723895 
316.715860 
316.707823 
316.699786 
316.691749 
316.683710 
316.675670 
316.667630 
316.659589 
316.651546 
316.643503 
316.635459 
316.627415 
316.619369 
316.611323 
316.603275 
316.595227 
316.587178 
316.579128 
316.571077 
316.563026 
316.554973 
316.546920 
316.538865 
316.530810 
316.522754 
316.514697 
316.506639 
316.498581 
316.490521 
316.482461 
316.474400 
316.466338 
316.458275 
316.450211 
316.442146 
316.434081 
316.426014 
316.417947 
316.409879 
316.401810 
316.393740 
316.385669 
316.377597 
316.369525 
316.361451 
316.353377 
316.345302 
316.337226 
316.329149 
316.321071 
316.312993 
316.304913 
316.296833 
316.288751 
316.280669 
316.272586 
316.264502 
316.256417 
316.248332 
316.240245 
316.232158 
316.224070 
316.215980 
316.207890 
316.199800 
316.191708 
316.183615 
316.175522 
316.167427 
316.159332 
316.151236 
316.143139 
316.135041 
316.126942 
316.118842 
316.110742 
316.102640 
316.094538 
316.086435 
316.078331 
316.070226 
316.062120 
316.054013 
316.045905 
316.037797 
316.029687 
316.021577 
316.013466 
316.005354 
315.997241 
315.989127 
315.981013 
315.972897 
315.964781 
315.956663 
315.948545 
315.940426 
315.932306 
315.924185 
315.916063 
315.907941 
315.899817 
315.891693 
315.883567 
315.875441 
315.867314 
315.859186 
315.851057 
315.842928 
315.834797 
315.826665 
315.818533 
315.810400 
315.802266 
315.794130 
315.785995 
315.777858 
315.769720 
315.761581 
315.753442 
315.745301 
315.737160 
315.729018 
315.720875 
315.712731 
315.704586 
315.696440 
315.688293 
315.680146 
315.671997 
315.663848 
315.655698 
315.647547 
315.639395 
315.631242 
315.623088 
315.614933 
315.606778 
315.598621 
315.590464 
315.582306 
315.574146 
315.565986 
315.557825 
315.549663 
315.541501 
315.533337 
315.525172 
315.517007 
315.508841 
315.500673 
315.492505 
315.484336 
315.476166 
315.467995 
315.459824 
315.451651 
315.443477 
315.435303 
315.427127 
315.418951 
315.410774 
315.402596 
315.394417 
315.386237 
315.378056 
315.369875 
315.361692 
315.353509 
315.345324 
315.337139 
315.328953 
315.320766 
315.312578 
315.304389 
315.296199 
315.288008 
315.279817 
315.271624 
315.263431 
315.255236 
315.247041 
315.238845 
315.230648 
315.222450 
315.214251 
315.206051 
315.197851 
315.189649 
315.181447 
315.173243 
315.165039 
315.156834 
315.148627 
315.140420 
315.132212 
315.124004 
315.115794 
315.107583 
315.099371 
315.091159 
315.082946 
315.074731 
315.066516 
315.058300 
315.050083 
315.041865 
315.033646 
315.025426 
315.017205 
315.008984 
315.000761 
314.992538 
314.984313 
314.976088 
314.967862 
314.959635 
314.951407 
314.943178 
314.934948 
314.926717 
314.918485 
314.910253 
314.902019 
314.893785 
314.885549 
314.877313 
314.869076 
314.860837 
314.852598 
314.844358 
314.836118 
314.827876 
314.819633 
314.811389 
314.803145 
314.794899 
314.786653 
314.778405 
314.770157 
314.761908 
314.753658 
314.745407 
314.737155 
314.728902 
314.720648 
314.712394 
314.704138 
314.695881 
314.687624 
314.679365 
314.671106 
314.662846 
314.654585 
314.646322 
314.638059 
314.629795 
314.621531 
314.613265 
314.604998 
314.596730 
314.588462 
314.580192 
314.571922 
314.563650 
314.555378 
314.547105 
314.538831 
314.530555 
314.522279 
314.514002 
314.505725 
314.497446 
314.489166 
314.480885 
314.472604 
314.464321 
314.456038 
314.447753 
314.439468 
314.431182 
314.422894 
314.414606 
314.406317 
314.398027 
314.389736 
314.381444 
314.373152 
314.364858 
314.356563 
314.348267 
314.339971 
314.331673 
314.323375 
314.315076 
314.306775 
314.298474 
314.290172 
314.281869 
314.273565 
314.265260 
314.256954 
314.248647 
314.240339 
314.232030 
314.223721 
314.215410 
314.207099 
314.198786 
314.190473 
314.182158 
314.173843 
314.165527 
314.157209 
314.148891 
314.140572 
314.132252 
314.123931 
314.115609 
314.107286 
314.098963 
314.090638 
314.082312 
314.073986 
314.065658 
314.057329 
314.049000 
314.040670 
314.032338 
314.024006 
314.015673 
314.007338 
313.999003 
313.990667 
313.982330 
313.973992 
313.965653 
313.957313 
313.948973 
313.940631 
313.932288 
313.923944 
313.915600 
313.907254 
313.898908 
313.890560 
313.882212 
313.873862 
313.865512 
313.857161 
313.848808 
313.840455 
313.832101 
313.823746 
313.815390 
313.807033 
313.798675 
313.790316 
313.781956 
313.773595 
313.765234 
313.756871 
313.748507 
313.740143 
313.731777 
313.723411 
313.715043 
313.706675 
313.698305 
313.689935 
313.681563 
313.673191 
313.664818 
313.656444 
313.648069 
313.639692 
313.631315 
313.622937 
313.614558 
313.606178 
313.597797 
313.589416 
313.581033 
313.572649 
313.564264 
313.555878 
313.547492 
313.539104 
313.530715 
313.522326 
313.513935 
313.505544 
313.497151 
313.488758 
313.480364 
313.471968 
313.463572 
313.455175 
313.446776 
313.438377 
313.429977 
313.421576 
313.413174 
313.404771 
313.396367 
313.387962 
313.379556 
313.371149 
313.362741 
313.354332 
313.345922 
313.337511 
313.329099 
313.320687 
313.312273 
313.303858 
313.295442 
313.287026 
313.278608 
313.270190 
313.261770 
313.253350 
313.244928 
313.236506 
313.228082 
313.219658 
313.211232 
313.202806 
313.194379 
313.185950 
313.177521 
313.169091 
313.160659 
313.152227 
313.143794 
313.135360 
313.126925 
313.118489 
313.110052 
313.101613 
313.093174 
313.084734 
313.076293 
313.067851 
313.059408 
313.050964 
313.042520 
313.034074 
313.025627 
313.017179 
313.008730 
313.000280 
312.991829 
312.983378 
312.974925 
312.966471 
312.958016 
312.949561 
312.941104 
312.932646 
312.924188 
312.915728 
312.907267 
312.898806 
312.890343 
312.881880 
312.873415 
312.864950 
312.856483 
312.848015 
312.839547 
312.831077 
312.822607 
312.814136 
312.805663 
312.797190 
312.788715 
312.780240 
312.771763 
312.763286 
312.754808 
312.746328 
312.737848 
312.729366 
312.720884 
312.712401 
312.703916 
312.695431 
312.686945 
312.678458 
312.669969 
312.661480 
312.652990 
312.644498 
312.636006 
312.627513 
312.619019 
312.610523 
312.602027 
312.593530 
312.585032 
312.576532 
312.568032 
312.559531 
312.551029 
312.542526 
312.534021 
312.525516 
312.517010 
312.508503 
312.499995 
312.491485 
312.482975 
312.474464 
312.465952 
312.457439 
312.448924 
312.440409 
312.431893 
312.423376 
312.414858 
312.406339 
312.397818 
312.389297 
312.380775 
312.372252 
312.363728 
312.355202 
312.346676 
312.338149 
312.329621 
312.321091 
312.312561 
312.304030 
312.295498 
312.286964 
312.278430 
312.269895 
312.261359 
312.252821 
312.244283 
312.235744 
312.227204 
312.218662 
312.210120 
312.201577 
312.193032 
312.184487 
312.175941 
312.167393 
312.158845 
312.150296 
312.141745 
312.133194 
312.124641 
312.116088 
312.107534 
312.098978 
312.090422 
312.081864 
312.073306 
312.064746 
312.056186 
312.047624 
312.039062 
312.030498 
312.021933 
312.013368 
312.004801 
311.996234 
311.987665 
311.979095 
311.970525 
311.961953 
311.953380 
311.944807 
311.936232 
311.927656 
311.919079 
311.910502 
311.901923 
311.893343 
311.884762 
311.876180 
311.867597 
311.859013 
311.850428 
311.841843 
311.833256 
311.824668 
311.816079 
311.807488 
311.798897 
311.790305 
311.781712 
311.773118 
311.764523 
311.755927 
311.747329 
311.738731 
311.730132 
311.721532 
311.712930 
311.704328 
311.695725 
311.687120 
311.678515 
311.669908 
311.661301 
311.652692 
311.644083 
311.635472 
311.626861 
311.618248 
311.609634 
311.601020 
311.592404 
311.583787 
311.575169 
311.566551 
311.557931 
311.549310 
311.540688 
311.532065 
311.523441 
311.514816 
311.506190 
311.497563 
311.488935 
311.480306 
311.471676 
311.463044 
311.454412 
311.445779 
311.437144 
311.428509 
311.419873 
311.411235 
311.402597 
311.393957 
311.385317 
311.376675 
311.368033 
311.359389 
311.350744 
311.342098 
311.333452 
311.324804 
311.316155 
311.307505 
311.298854 
311.290202 
311.281549 
311.272895 
311.264240 
311.255584 
311.246927 
311.238268 
311.229609 
311.220949 
311.212287 
311.203625 
311.194961 
311.186297 
311.177631 
311.168965 
311.160297 
311.151628 
311.142959 
311.134288 
311.125616 
311.116943 
311.108269 
311.099594 
311.090918 
311.082241 
311.073563 
311.064884 
311.056203 
311.047522 
311.038840 
311.030156 
311.021472 
311.012786 
311.004100 
310.995412 
310.986724 
310.978034 
310.969343 
310.960651 
310.951958 
310.943264 
310.934569 
310.925873 
310.917176 
310.908478 
310.899779 
310.891079 
310.882377 
310.873675 
310.864972 
310.856267 
310.847562 
310.838855 
310.830147 
310.821439 
310.812729 
310.804018 
310.795306 
310.786593 
310.777879 
310.769164 
310.760448 
310.751731 
310.743012 
310.734293 
310.725572 
310.716851 
310.708128 
310.699405 
310.690680 
310.681955 
310.673228 
310.664500 
310.655771 
310.647041 
310.638310 
310.629578 
310.620845 
310.612110 
310.603375 
310.594639 
310.585901 
310.577163 
310.568423 
310.559682 
310.550941 
310.542198 
310.533454 
310.524709 
310.515963 
310.507216 
310.498468 
310.489719 
310.480968 
310.472217 
310.463464 
310.454711 
310.445956 
310.437201 
310.428444 
310.419686 
310.410927 
310.402167 
310.393406 
310.384644 
310.375881 
310.367117 
310.358351 
310.349585 
310.340817 
310.332049 
310.323279 
310.314508 
310.305736 
310.296963 
310.288190 
310.279414 
310.270638 
310.261861 
310.253083 
310.244303 
310.235523 
310.226741 
310.217959 
310.209175 
310.200390 
310.191604 
310.182817 
310.174029 
310.165240 
310.156450 
310.147659 
310.138866 
310.130073 
310.121278 
310.112483 
310.103686 
310.094888 
310.086089 
310.077289 
310.068488 
310.059686 
310.050883 
310.042078 
310.033273 
310.024466 
310.015659 
310.006850 
309.998040 
309.989229 
309.980417 
309.971604 
309.962790 
309.953975 
309.945158 
309.936341 
309.927522 
309.918703 
309.909882 
309.901060 
309.892237 
309.883413 
309.874588 
309.865762 
309.856934 
309.848106 
309.839277 
309.830446 
309.821614 
309.812781 
309.803948 
309.795113 
309.786276 
309.777439 
309.768601 
309.759762 
309.750921 
309.742079 
309.733237 
309.724393 
309.715548 
309.706702 
309.697855 
309.689007 
309.680157 
309.671307 
309.662455 
309.653603 
309.644749 
309.635894 
309.627038 
309.618181 
309.609323 
309.600464 
309.591603 
309.582742 
309.573879 
309.565016 
309.556151 
309.547285 
309.538418 
309.529550 
309.520681 
309.511810 
309.502939 
309.494066 
309.485192 
309.476318 
309.467442 
309.458565 
309.449687 
309.440807 
309.431927 
309.423045 
309.414163 
309.405279 
309.396394 
309.387508 
309.378621 
309.369733 
309.360844 
309.351953 
309.343062 
309.334169 
309.325276 
309.316381 
309.307485 
309.298588 
309.289689 
309.280790 
309.271890 
309.262988 
309.254085 
309.245181 
309.236276 
309.227370 
309.218463 
309.209555 
309.200645 
309.191735 
309.182823 
309.173910 
309.164996 
309.156081 
309.147165 
309.138248 
309.129329 
309.120410 
309.111489 
309.102567 
309.093644 
309.084720 
309.075795 
309.066869 
309.057941 
309.049013 
309.040083 
309.031152 
309.022220 
309.013287 
309.004353 
308.995417 
308.986481 
308.977543 
308.968604 
308.959665 
308.950724 
308.941781 
308.932838 
308.923894 
308.914948 
308.906001 
308.897054 
308.888105 
308.879154 
308.870203 
308.861251 
308.852297 
308.843343 
308.834387 
308.825430 
308.816472 
308.807513 
308.798552 
308.789591 
308.780628 
308.771664 
308.762699 
308.753733 
308.744766 
308.735798 
308.726828 
308.717858 
308.708886 
308.699913 
308.690939 
308.681964 
308.672987 
308.664010 
308.655031 
308.646052 
308.637071 
308.628089 
308.619105 
308.610121 
308.601135 
308.592149 
308.583161 
308.574172 
308.565182 
308.556191 
308.547198 
308.538205 
308.529210 
308.520214 
308.511217 
308.502219 
308.493220 
308.484219 
308.475218 
308.466215 
308.457211 
308.448206 
308.439200 
308.430192 
308.421184 
308.412174 
308.403163 
308.394151 
308.385138 
308.376124 
308.367108 
308.358091 
308.349074 
308.340055 
308.331035 
308.322013 
308.312991 
308.303967 
308.294943 
308.285917 
308.276890 
308.267861 
308.258832 
308.249801 
308.240770 
308.231737 
308.222703 
308.213667 
308.204631 
308.195594 
308.186555 
308.177515 
308.168474 
308.159432 
308.150388 
308.141344 
308.132298 
308.123251 
308.114203 
308.105154 
308.096104 
308.087052 
308.077999 
308.068945 
308.059890 
308.050834 
308.041777 
308.032718 
308.023658 
308.014597 
308.005535 
307.996472 
307.987408 
307.978342 
307.969275 
307.960207 
307.951138 
307.942068 
307.932996 
307.923924 
307.914850 
307.905775 
307.896699 
307.887621 
307.878543 
307.869463 
307.860382 
307.851300 
307.842217 
307.833132 
307.824047 
307.814960 
307.805872 
307.796783 
307.787692 
307.778601 
307.769508 
307.760414 
307.751319 
307.742223 
307.733125 
307.724027 
307.714927 
307.705826 
307.696724 
307.687620 
307.678516 
307.669410 
307.660303 
307.651195 
307.642086 
307.632975 
307.623863 
307.614751 
307.605637 
307.596521 
307.587405 
307.578287 
307.569168 
307.560048 
307.550927 
307.541805 
307.532681 
307.523556 
307.514430 
307.505303 
307.496175 
307.487045 
307.477914 
307.468782 
307.459649 
307.450515 
307.441379 
307.432243 
307.423105 
307.413965 
307.404825 
307.395683 
307.386541 
307.377397 
307.368252 
307.359105 
307.349958 
307.340809 
307.331659 
307.322508 
307.313356 
307.304202 
307.295047 
307.285891 
307.276734 
307.267576 
307.258416 
307.249255 
307.240093 
307.230930 
307.221766 
307.212600 
307.203433 
307.194265 
307.185096 
307.175925 
307.166754 
307.157581 
307.148407 
307.139232 
307.130055 
307.120877 
307.111698 
307.102518 
307.093337 
307.084154 
307.074971 
307.065786 
307.056599 
307.047412 
307.038223 
307.029034 
307.019842 
307.010650 
307.001457 
306.992262 
306.983066 
306.973869 
306.964671 
306.955471 
306.946270 
306.937068 
306.927865 
306.918660 
306.909455 
306.900248 
306.891040 
306.881830 
306.872620 
306.863408 
306.854195 
306.844981 
306.835765 
306.826549 
306.817331 
306.808112 
306.798891 
306.789670 
306.780447 
306.771223 
306.761997 
306.752771 
306.743543 
306.734314 
306.725084 
306.715853 
306.706620 
306.697386 
306.688151 
306.678915 
306.669677 
306.660438 
306.651198 
306.641957 
306.632715 
306.623471 
306.614226 
306.604980 
306.595732 
306.586484 
306.577234 
306.567983 
306.558730 
306.549477 
306.540222 
306.530966 
306.521708 
306.512450 
306.503190 
306.493929 
306.484667 
306.475403 
306.466138 
306.456872 
306.447605 
306.438337 
306.429067 
306.419796 
306.410524 
306.401250 
306.391976 
306.382700 
306.373422 
306.364144 
306.354864 
306.345583 
306.336301 
306.327018 
306.317733 
306.308447 
306.299160 
306.289872 
306.280582 
306.271291 
306.261999 
306.252705 
306.243411 
306.234115 
306.224818 
306.215519 
306.206220 
306.196919 
306.187616 
306.178313 
306.169008 
306.159702 
306.150395 
306.141087 
306.131777 
306.122466 
306.113154 
306.103840 
306.094526 
306.085210 
306.075892 
306.066574 
306.057254 
306.047933 
306.038611 
306.029287 
306.019962 
306.010636 
306.001309 
305.991980 
305.982651 
305.973319 
305.963987 
305.954653 
305.945318 
305.935982 
305.926645 
305.917306 
305.907966 
305.898625 
305.889282 
305.879939 
305.870593 
305.861247 
305.851900 
305.842551 
305.833201 
305.823849 
305.814496 
305.805143 
305.795787 
305.786431 
305.777073 
305.767714 
305.758354 
305.748992 
305.739629 
305.730265 
305.720900 
305.711533 
305.702165 
305.692796 
305.683425 
305.674054 
305.664680 
305.655306 
305.645930 
305.636554 
305.627175 
305.617796 
305.608415 
305.599033 
305.589650 
305.580265 
305.570879 
305.561492 
305.552104 
305.542714 
305.533323 
305.523931 
305.514537 
305.505142 
305.495746 
305.486349 
305.476950 
305.467550 
305.458149 
305.448746 
305.439342 
305.429937 
305.420531 
305.411123 
305.401714 
305.392304 
305.382892 
305.373479 
305.364065 
305.354649 
305.345233 
305.335815 
305.326395 
305.316974 
305.307553 
305.298129 
305.288705 
305.279279 
305.269852 
305.260423 
305.250994 
305.241562 
305.232130 
305.222697 
305.213262 
305.203825 
305.194388 
305.184949 
305.175509 
305.166067 
305.156625 
305.147181 
305.137735 
305.128289 
305.118841 
305.109391 
305.099941 
305.090489 
305.081036 
305.071581 
305.062126 
305.052668 
305.043210 
305.033750 
305.024289 
305.014827 
305.005363 
304.995898 
304.986432 
304.976965 
304.967496 
304.958025 
304.948554 
304.939081 
304.929607 
304.920132 
304.910655 
304.901177 
304.891697 
304.882217 
304.872735 
304.863251 
304.853767 
304.844281 
304.834793 
304.825305 
304.815815 
304.806324 
304.796831 
304.787337 
304.777842 
304.768345 
304.758848 
304.749348 
304.739848 
304.730346 
304.720843 
304.711338 
304.701833 
304.692326 
304.682817 
304.673307 
304.663796 
304.654284 
304.644770 
304.635255 
304.625739 
304.616221 
304.606702 
304.597181 
304.587660 
304.578137 
304.568612 
304.559087 
304.549559 
304.540031 
304.530501 
304.520970 
304.511438 
304.501904 
304.492369 
304.482833 
304.473295 
304.463756 
304.454216 
304.444674 
304.435131 
304.425586 
304.416041 
304.406494 
304.396945 
304.387395 
304.377844 
304.368292 
304.358738 
304.349183 
304.339627 
304.330069 
304.320510 
304.310949 
304.301387 
304.291824 
304.282260 
304.272694 
304.263126 
304.253558 
304.243988 
304.234417 
304.224844 
304.215270 
304.205695 
304.196118 
304.186540 
304.176961 
304.167380 
304.157798 
304.148214 
304.138630 
304.129044 
304.119456 
304.109867 
304.100277 
304.090686 
304.081093 
304.071498 
304.061903 
304.052306 
304.042708 
304.033108 
304.023507 
304.013904 
304.004301 
303.994696 
303.985089 
303.975481 
303.965872 
303.956261 
303.946650 
303.937036 
303.927422 
303.917806 
303.908188 
303.898569 
303.888949 
303.879328 
303.869705 
303.860081 
303.850455 
303.840828 
303.831200 
303.821570 
303.811939 
303.802307 
303.792673 
303.783038 
303.773401 
303.763763 
303.754124 
303.744484 
303.734841 
303.725198 
303.715553 
303.705907 
303.696260 
303.686611 
303.676961 
303.667309 
303.657656 
303.648001 
303.638346 
303.628688 
303.619030 
303.609370 
303.599709 
303.590046 
303.580382 
303.570717 
303.561050 
303.551382 
303.541712 
303.532041 
303.522369 
303.512695 
303.503020 
303.493343 
303.483665 
303.473986 
303.464305 
303.454623 
303.444940 
303.435255 
303.425569 
303.415881 
303.406192 
303.396502 
303.386810 
303.377117 
303.367422 
303.357726 
303.348029 
303.338330 
303.328630 
303.318928 
303.309226 
303.299521 
303.289815 
303.280108 
303.270400 
303.260690 
303.250979 
303.241266 
303.231552 
303.221836 
303.212119 
303.202401 
303.192681 
303.182960 
303.173238 
303.163514 
303.153788 
303.144062 
303.134334 
303.124604 
303.114873 
303.105141 
303.095407 
303.085672 
303.075935 
303.066197 
303.056458 
303.046717 
303.036975 
303.027231 
303.017486 
303.007740 
302.997992 
302.988243 
302.978492 
302.968740 
302.958986 
302.949231 
302.939475 
302.929717 
302.919958 
302.910197 
302.900435 
302.890672 
302.880907 
302.871141 
302.861373 
302.851604 
302.841834 
302.832062 
302.822288 
302.812514 
302.802737 
302.792960 
302.783181 
302.773400 
302.763618 
302.753835 
302.744050 
302.734264 
302.724477 
302.714688 
302.704897 
302.695105 
302.685312 
302.675517 
302.665721 
302.655923 
302.646124 
302.636324 
302.626522 
302.616719 
302.606914 
302.597108 
302.587300 
302.577491 
302.567681 
302.557869 
302.548055 
302.538240 
302.528424 
302.518607 
302.508787 
302.498967 
302.489145 
302.479321 
302.469497 
302.459670 
302.449843 
302.440013 
302.430183 
302.420351 
302.410517 
302.400682 
302.390846 
302.381008 
302.371169 
302.361328 
302.351486 
302.341642 
302.331797 
302.321950 
302.312102 
302.302253 
302.292402 
302.282550 
302.272696 
302.262841 
302.252984 
302.243126 
302.233266 
302.223405 
302.213543 
302.203679 
302.193813 
302.183947 
302.174078 
302.164208 
302.154337 
302.144464 
302.134590 
302.124715 
302.114838 
302.104959 
302.095079 
302.085198 
302.075315 
302.065430 
302.055544 
302.045657 
302.035768 
302.025878 
302.015986 
302.006093 
301.996199 
301.986303 
301.976405 
301.966506 
301.956605 
301.946703 
301.936800 
301.926895 
301.916989 
301.907081 
301.897172 
301.887261 
301.877348 
301.867435 
301.857520 
301.847603 
301.837685 
301.827765 
301.817844 
301.807921 
301.797997 
301.788072 
301.778145 
301.768216 
301.758286 
301.748355 
301.738422 
301.728487 
301.718551 
301.708614 
301.698675 
301.688735 
301.678793 
301.668850 
301.658905 
301.648958 
301.639011 
301.629061 
301.619111 
301.609158 
301.599205 
301.589249 
301.579293 
301.569334 
301.559375 
301.549414 
301.539451 
301.529487 
301.519521 
301.509554 
301.499585 
301.489615 
301.479643 
301.469670 
301.459696 
301.449720 
301.439742 
301.429763 
301.419782 
301.409800 
301.399816 
301.389831 
301.379845 
301.369857 
301.359867 
301.349876 
301.339883 
301.329889 
301.319893 
301.309896 
301.299897 
301.289897 
301.279896 
301.269892 
301.259888 
301.249882 
301.239874 
301.229865 
301.219854 
301.209842 
301.199828 
301.189813 
301.179796 
301.169778 
301.159758 
301.149737 
301.139714 
301.129689 
301.119664 
301.109636 
301.099607 
301.089577 
301.079545 
301.069511 
301.059477 
301.049440 
301.039402 
301.029362 
301.019321 
301.009279 
300.999235 
300.989189 
300.979142 
300.969093 
300.959043 
300.948991 
300.938938 
300.928883 
300.918827 
300.908769 
300.898710 
300.888649 
300.878587 
300.868523 
300.858457 
300.848390 
300.838322 
300.828252 
300.818180 
300.808107 
300.798032 
300.787956 
300.777878 
300.767799 
300.757718 
300.747636 
300.737552 
300.727466 
300.717379 
300.707291 
300.697201 
300.687109 
300.677016 
300.666921 
300.656825 
300.646727 
300.636628 
300.626527 
300.616425 
300.606321 
300.596215 
300.586108 
300.576000 
300.565890 
300.555778 
300.545665 
300.535550 
300.525434 
300.515316 
300.505196 
300.495075 
300.484953 
300.474829 
300.464703 
300.454576 
300.444447 
300.434317 
300.424185 
300.414051 
300.403916 
300.393780 
300.383642 
300.373502 
300.363361 
300.353218 
300.343074 
300.332928 
300.322780 
300.312631 
300.302480 
300.292328 
300.282175 
300.272019 
300.261862 
300.251704 
300.241544 
300.231382 
300.221219 
300.211054 
300.200888 
300.190720 
300.180551 
300.170380 
300.160207 
300.150033 
300.139857 
300.129680 
300.119501 
300.109321 
300.099139 
300.088955 
300.078770 
300.068583 
300.058395 
300.048205 
300.038013 
300.027820 
300.017626 
300.007430 
299.997232 
299.987032 
299.976831 
299.966629 
299.956425 
299.946219 
299.936011 
299.925803 
299.915592 
299.905380 
299.895166 
299.884951 
299.874734 
299.864516 
299.854296 
299.844074 
299.833851 
299.823626 
299.813400 
299.803172 
299.792942 
299.782711 
299.772478 
299.762244 
299.752008 
299.741770 
299.731531 
299.721290 
299.711048 
299.700804 
299.690558 
299.680311 
299.670062 
299.659812 
299.649560 
299.639306 
299.629051 
299.618794 
299.608536 
299.598276 
299.588014 
299.577751 
299.567486 
299.557219 
299.546951 
299.536682 
299.526410 
299.516137 
299.505863 
299.495587 
299.485309 
299.475030 
299.464749 
299.454466 
299.444182 
299.433896 
299.423608 
299.413319 
299.403029 
299.392736 
299.382442 
299.372147 
299.361850 
299.351551 
299.341250 
299.330948 
299.320645 
299.310339 
299.300033 
299.289724 
299.279414 
299.269102 
299.258789 
299.248474 
299.238157 
299.227839 
299.217519 
299.207197 
299.196874 
299.186549 
299.176222 
299.165894 
299.155565 
299.145233 
299.134900 
299.124566 
299.114229 
299.103891 
299.093552 
299.083211 
299.072868 
299.062523 
299.052177 
299.041829 
299.031480 
299.021129 
299.010776 
299.000422 
298.990066 
298.979708 
298.969349 
298.958988 
298.948625 
298.938261 
298.927895 
298.917528 
298.907159 
298.896788 
298.886415 
298.876041 
298.865665 
298.855288 
298.844909 
298.834528 
298.824146 
298.813762 
298.803376 
298.792988 
298.782599 
298.772209 
298.761816 
298.751422 
298.741027 
298.730629 
298.720230 
298.709830 
298.699427 
298.689023 
298.678618 
298.668210 
298.657801 
298.647391 
298.636978 
298.626564 
298.616149 
298.605731 
298.595312 
298.584892 
298.574469 
298.564045 
298.553619 
298.543192 
298.532763 
298.522332 
298.511900 
298.501466 
298.491030 
298.480593 
298.470154 
298.459713 
298.449270 
298.438826 
298.428380 
298.417933 
298.407484 
298.397033 
298.386580 
298.376126 
298.365670 
298.355212 
298.344753 
298.334292 
298.323829 
298.313365 
298.302899 
298.292431 
298.281962 
298.271490 
298.261018 
298.250543 
298.240067 
298.229589 
298.219109 
298.208628 
298.198145 
298.187660 
298.177174 
298.166686 
298.156196 
298.145705 
298.135211 
298.124716 
298.114220 
298.103722 
298.093221 
298.082720 
298.072216 
298.061711 
298.051204 
298.040696 
298.030186 
298.019674 
298.009160 
297.998645 
297.988128 
297.977609 
297.967088 
297.956566 
297.946042 
297.935516 
297.924989 
297.914460 
297.903929 
297.893397 
297.882862 
297.872326 
297.861789 
297.851249 
297.840708 
297.830165 
297.819621 
297.809075 
297.798527 
297.787977 
297.777425 
297.766872 
297.756317 
297.745761 
297.735202 
297.724642 
297.714080 
297.703517 
297.692952 
297.682385 
297.671816 
297.661245 
297.650673 
297.640099 
297.629524 
297.618946 
297.608367 
297.597786 
297.587204 
297.576619 
297.566033 
297.555445 
297.544856 
297.534264 
297.523671 
297.513076 
297.502480 
297.491882 
297.481282 
297.470680 
297.460076 
297.449471 
297.438864 
297.428255 
297.417645 
297.407032 
297.396418 
297.385803 
297.375185 
297.364566 
297.353945 
297.343322 
297.332697 
297.322071 
297.311443 
297.300813 
297.290182 
297.279548 
297.268913 
297.258276 
297.247638 
297.236998 
297.226355 
297.215711 
297.205066 
297.194418 
297.183769 
297.173118 
297.162466 
297.151811 
297.141155 
297.130497 
297.119837 
297.109175 
297.098512 
297.087847 
297.077180 
297.066511 
297.055841 
297.045169 
297.034495 
297.023819 
297.013141 
297.002462 
296.991781 
296.981098 
296.970413 
296.959727 
296.949039 
296.938349 
296.927657 
296.916963 
296.906268 
296.895571 
296.884872 
296.874171 
296.863469 
296.852765 
296.842058 
296.831351 
296.820641 
296.809930 
296.799216 
296.788501 
296.777784 
296.767066 
296.756345 
296.745623 
296.734899 
296.724173 
296.713446 
296.702716 
296.691985 
296.681252 
296.670517 
296.659781 
296.649042 
296.638302 
296.627560 
296.616816 
296.606071 
296.595323 
296.584574 
296.573823 
296.563070 
296.552315 
296.541559 
296.530801 
296.520040 
296.509279 
296.498515 
296.487749 
296.476982 
296.466213 
296.455442 
296.444669 
296.433894 
296.423118 
296.412340 
296.401559 
296.390778 
296.379994 
296.369208 
296.358421 
296.347632 
296.336841 
296.326048 
296.315253 
296.304457 
296.293658 
296.282858 
296.272056 
296.261252 
296.250447 
296.239639 
296.228830 
296.218019 
296.207206 
296.196391 
296.185574 
296.174756 
296.163935 
296.153113 
296.142289 
296.131463 
296.120635 
296.109806 
296.098975 
296.088141 
296.077306 
296.066469 
296.055631 
296.044790 
296.033948 
296.023103 
296.012257 
296.001409 
295.990559 
295.979708 
295.968854 
295.957999 
295.947141 
295.936282 
295.925421 
295.914558 
295.903694 
295.892827 
295.881959 
295.871088 
295.860216 
295.849342 
295.838467 
295.827589 
295.816709 
295.805828 
295.794945 
295.784059 
295.773172 
295.762283 
295.751393 
295.740500 
295.729606 
295.718709 
295.707811 
295.696911 
295.686009 
295.675105 
295.664199 
295.653292 
295.642382 
295.631471 
295.620558 
295.609642 
295.598725 
295.587807 
295.576886 
295.565963 
295.555039 
295.544112 
295.533184 
295.522254 
295.511322 
295.500388 
295.489452 
295.478514 
295.467575 
295.456633 
295.445690 
295.434744 
295.423797 
295.412848 
295.401897 
295.390944 
295.379990 
295.369033 
295.358074 
295.347114 
295.336152 
295.325187 
295.314221 
295.303253 
295.292283 
295.281311 
295.270337 
295.259362 
295.248384 
295.237405 
295.226423 
295.215440 
295.204455 
295.193468 
295.182479 
295.171488 
295.160495 
295.149500 
295.138504 
295.127505 
295.116504 
295.105502 
295.094498 
295.083491 
295.072483 
295.061473 
295.050461 
295.039447 
295.028431 
295.017414 
295.006394 
294.995372 
294.984349 
294.973323 
294.962296 
294.951266 
294.940235 
294.929202 
294.918167 
294.907130 
294.896091 
294.885050 
294.874007 
294.862962 
294.851915 
294.840867 
294.829816 
294.818764 
294.807709 
294.796653 
294.785594 
294.774534 
294.763472 
294.752408 
294.741341 
294.730273 
294.719203 
294.708131 
294.697057 
294.685982 
294.674904 
294.663824 
294.652742 
294.641659 
294.630573 
294.619485 
294.608396 
294.597304 
294.586211 
294.575115 
294.564018 
294.552919 
294.541817 
294.530714 
294.519609 
294.508502 
294.497393 
294.486282 
294.475168 
294.464053 
294.452936 
294.441817 
294.430697 
294.419574 
294.408449 
294.397322 
294.386193 
294.375062 
294.363930 
294.352795 
294.341658 
294.330519 
294.319379 
294.308236 
294.297091 
294.285945 
294.274796 
294.263646 
294.252493 
294.241339 
294.230182 
294.219023 
294.207863 
294.196700 
294.185536 
294.174370 
294.163201 
294.152031 
294.140858 
294.129684 
294.118507 
294.107329 
294.096149 
294.084966 
294.073782 
294.062595 
294.051407 
294.040216 
294.029024 
294.017830 
294.006633 
293.995435 
293.984234 
293.973032 
293.961828 
293.950621 
293.939413 
293.928202 
293.916990 
293.905775 
293.894559 
293.883340 
293.872120 
293.860897 
293.849673 
293.838446 
293.827218 
293.815987 
293.804754 
293.793520 
293.782283 
293.771044 
293.759804 
293.748561 
293.737316 
293.726070 
293.714821 
293.703570 
293.692317 
293.681062 
293.669805 
293.658546 
293.647285 
293.636022 
293.624757 
293.613490 
293.602221 
293.590950 
293.579677 
293.568402 
293.557124 
293.545845 
293.534564 
293.523280 
293.511995 
293.500707 
293.489418 
293.478126 
293.466833 
293.455537 
293.444239 
293.432940 
293.421638 
293.410334 
293.399028 
293.387720 
293.376410 
293.365098 
293.353784 
293.342468 
293.331150 
293.319829 
293.308507 
293.297183 
293.285856 
293.274528 
293.263197 
293.251864 
293.240530 
293.229193 
293.217854 
293.206513 
293.195170 
293.183825 
293.172478 
293.161129 
293.149777 
293.138424 
293.127068 
293.115711 
293.104351 
293.092990 
293.081626 
293.070260 
293.058892 
293.047522 
293.036150 
293.024776 
293.013400 
293.002022 
292.990641 
292.979259 
292.967874 
292.956487 
292.945099 
292.933708 
292.922315 
292.910920 
292.899523 
292.888123 
292.876722 
292.865319 
292.853913 
292.842506 
292.831096 
292.819684 
292.808270 
292.796854 
292.785436 
292.774016 
292.762593 
292.751169 
292.739742 
292.728314 
292.716883 
292.705450 
292.694015 
292.682578 
292.671139 
292.659698 
292.648254 
292.636809 
292.625361 
292.613911 
292.602459 
292.591005 
292.579549 
292.568091 
292.556630 
292.545168 
292.533703 
292.522236 
292.510768 
292.499296 
292.487823 
292.476348 
292.464871 
292.453391 
292.441909 
292.430426 
292.418940 
292.407452 
292.395961 
292.384469 
292.372974 
292.361478 
292.349979 
292.338478 
292.326975 
292.315470 
292.303962 
292.292453 
292.280941 
292.269428 
292.257912 
292.246393 
292.234873 
292.223351 
292.211826 
292.200300 
292.188771 
292.177240 
292.165707 
292.154171 
292.142634 
292.131094 
292.119552 
292.108008 
292.096462 
292.084914 
292.073363 
292.061811 
292.050256 
292.038699 
292.027140 
292.015578 
292.004015 
291.992449 
291.980882 
291.969312 
291.957739 
291.946165 
291.934588 
291.923010 
291.911429 
291.899846 
291.888261 
291.876673 
291.865084 
291.853492 
291.841898 
291.830302 
291.818703 
291.807103 
291.795500 
291.783895 
291.772288 
291.760679 
291.749067 
291.737453 
291.725837 
291.714219 
291.702599 
291.690977 
291.679352 
291.667725 
291.656096 
291.644465 
291.632831 
291.621195 
291.609557 
291.597917 
291.586275 
291.574630 
291.562984 
291.551335 
291.539683 
291.528030 
291.516374 
291.504717 
291.493057 
291.481394 
291.469730 
291.458063 
291.446394 
291.434723 
291.423050 
291.411374 
291.399696 
291.388016 
291.376334 
291.364650 
291.352963 
291.341274 
291.329583 
291.317889 
291.306194 
291.294496 
291.282796 
291.271093 
291.259389 
291.247682 
291.235973 
291.224261 
291.212548 
291.200832 
291.189114 
291.177394 
291.165671 
291.153946 
291.142219 
291.130490 
291.118758 
291.107025 
291.095288 
291.083550 
291.071810 
291.060067 
291.048322 
291.036574 
291.024825 
291.013073 
291.001319 
290.989562 
290.977804 
290.966043 
290.954280 
290.942514 
290.930746 
290.918977 
290.907204 
290.895430 
290.883653 
290.871874 
290.860092 
290.848309 
290.836523 
290.824735 
290.812944 
290.801152 
290.789357 
290.777559 
290.765760 
290.753958 
290.742154 
290.730347 
290.718538 
290.706727 
290.694914 
290.683098 
290.671281 
290.659460 
290.647638 
290.635813 
290.623986 
290.612157 
290.600325 
290.588491 
290.576655 
290.564816 
290.552975 
290.541132 
290.529286 
290.517439 
290.505589 
290.493736 
290.481881 
290.470024 
290.458165 
290.446303 
290.434439 
290.422573 
290.410704 
290.398833 
290.386960 
290.375084 
290.363207 
290.351326 
290.339444 
290.327559 
290.315672 
290.303782 
290.291890 
290.279996 
290.268100 
290.256201 
290.244299 
290.232396 
290.220490 
290.208582 
290.196671 
290.184758 
290.172843 
290.160926 
290.149006 
290.137083 
290.125159 
290.113232 
290.101303 
290.089371 
290.077437 
290.065501 
290.053562 
290.041621 
290.029678 
290.017732 
290.005784 
289.993833 
289.981880 
289.969925 
289.957968 
289.946008 
289.934045 
289.922081 
289.910114 
289.898144 
289.886173 
289.874199 
289.862222 
289.850243 
289.838262 
289.826278 
289.814292 
289.802304 
289.790313 
289.778320 
289.766325 
289.754327 
289.742327 
289.730324 
289.718319 
289.706312 
289.694302 
289.682290 
289.670275 
289.658258 
289.646239 
289.634217 
289.622193 
289.610166 
289.598137 
289.586106 
289.574072 
289.562036 
289.549998 
289.537957 
289.525913 
289.513868 
289.501819 
289.489769 
289.477716 
289.465661 
289.453603 
289.441543 
289.429480 
289.417415 
289.405348 
289.393278 
289.381205 
289.369131 
289.357054 
289.344974 
289.332892 
289.320808 
289.308721 
289.296632 
289.284540 
289.272446 
289.260349 
289.248250 
289.236149 
289.224045 
289.211939 
289.199830 
289.187719 
289.175605 
289.163489 
289.151371 
289.139250 
289.127127 
289.115001 
289.102873 
289.090742 
289.078609 
289.066473 
289.054335 
289.042195 
289.030052 
289.017906 
289.005759 
288.993608 
288.981456 
288.969300 
288.957143 
288.944982 
288.932820 
288.920655 
288.908487 
288.896317 
288.884145 
288.871970 
288.859792 
288.847612 
288.835430 
288.823245 
288.811058 
288.798868 
288.786676 
288.774481 
288.762284 
288.750084 
288.737882 
288.725677 
288.713470 
288.701260 
288.689048 
288.676834 
288.664616 
288.652397 
288.640175 
288.627950 
288.615723 
288.603493 
288.591261 
288.579027 
288.566790 
288.554550 
288.542308 
288.530063 
288.517816 
288.505566 
288.493314 
288.481060 
288.468802 
288.456543 
288.444281 
288.432016 
288.419749 
288.407479 
288.395207 
288.382932 
288.370655 
288.358375 
288.346092 
288.333807 
288.321520 
288.309230 
288.296938 
288.284643 
288.272345 
288.260045 
288.247742 
288.235437 
288.223130 
288.210819 
288.198507 
288.186191 
288.173873 
288.161553 
288.149230 
288.136905 
288.124577 
288.112246 
288.099913 
288.087577 
288.075239 
288.062898 
288.050555 
288.038209 
288.025861 
288.013509 
288.001156 
287.988800 
287.976441 
287.964080 
287.951716 
287.939350 
287.926981 
287.914609 
287.902235 
287.889858 
287.877479 
287.865097 
287.852713 
287.840326 
287.827936 
287.815544 
287.803149 
287.790752 
287.778352 
287.765949 
287.753544 
287.741137 
287.728726 
287.716313 
287.703898 
287.691480 
287.679059 
287.666636 
287.654210 
287.641782 
287.629351 
287.616917 
287.604481 
287.592042 
287.579601 
287.567156 
287.554710 
287.542260 
287.529809 
287.517354 
287.504897 
287.492437 
287.479975 
287.467510 
287.455042 
287.442572 
287.430099 
287.417624 
287.405145 
287.392665 
287.380181 
287.367695 
287.355207 
287.342715 
287.330222 
287.317725 
287.305226 
287.292724 
287.280220 
287.267712 
287.255203 
287.242690 
287.230175 
287.217658 
287.205137 
287.192614 
287.180089 
287.167560 
287.155030 
287.142496 
287.129960 
287.117421 
287.104879 
287.092335 
287.079788 
287.067239 
287.054686 
287.042132 
287.029574 
287.017014 
287.004451 
286.991885 
286.979317 
286.966746 
286.954173 
286.941596 
286.929017 
286.916436 
286.903851 
286.891264 
286.878675 
286.866082 
286.853487 
286.840890 
286.828289 
286.815686 
286.803080 
286.790472 
286.777861 
286.765247 
286.752630 
286.740011 
286.727389 
286.714764 
286.702137 
286.689506 
286.676874 
286.664238 
286.651600 
286.638959 
286.626315 
286.613669 
286.601020 
286.588368 
286.575713 
286.563056 
286.550396 
286.537733 
286.525068 
286.512400 
286.499729 
286.487055 
286.474379 
286.461700 
286.449018 
286.436333 
286.423646 
286.410956 
286.398263 
286.385568 
286.372869 
286.360168 
286.347465 
286.334758 
286.322049 
286.309337 
286.296622 
286.283905 
286.271184 
286.258461 
286.245736 
286.233007 
286.220276 
286.207542 
286.194805 
286.182065 
286.169323 
286.156578 
286.143830 
286.131079 
286.118326 
286.105569 
286.092810 
286.080049 
286.067284 
286.054517 
286.041747 
286.028974 
286.016198 
286.003420 
285.990638 
285.977854 
285.965068 
285.952278 
285.939485 
285.926690 
285.913892 
285.901091 
285.888288 
285.875481 
285.862672 
285.849860 
285.837045 
285.824228 
285.811407 
285.798584 
285.785758 
285.772929 
285.760097 
285.747263 
285.734425 
285.721585 
285.708742 
285.695896 
285.683048 
285.670196 
285.657342 
285.644485 
285.631625 
285.618762 
285.605897 
285.593028 
285.580157 
285.567283 
285.554406 
285.541526 
285.528643 
285.515758 
285.502870 
285.489978 
285.477084 
285.464187 
285.451288 
285.438385 
285.425480 
285.412571 
285.399660 
285.386746 
285.373829 
285.360909 
285.347987 
285.335061 
285.322133 
285.309202 
285.296268 
285.283331 
285.270391 
285.257448 
285.244503 
285.231554 
285.218603 
285.205648 
285.192691 
285.179731 
285.166768 
285.153803 
285.140834 
285.127862 
285.114888 
285.101910 
285.088930 
285.075947 
285.062961 
285.049972 
285.036980 
285.023985 
285.010988 
284.997987 
284.984984 
284.971977 
284.958968 
284.945956 
284.932940 
284.919922 
284.906901 
284.893877 
284.880851 
284.867821 
284.854788 
284.841752 
284.828714 
284.815672 
284.802628 
284.789581 
284.776530 
284.763477 
284.750421 
284.737362 
284.724300 
284.711235 
284.698167 
284.685096 
284.672022 
284.658945 
284.645866 
284.632783 
284.619697 
284.606609 
284.593517 
284.580423 
284.567325 
284.554225 
284.541121 
284.528015 
284.514905 
284.501793 
284.488678 
284.475559 
284.462438 
284.449314 
284.436187 
284.423057 
284.409923 
284.396787 
284.383648 
284.370506 
284.357361 
284.344213 
284.331062 
284.317907 
284.304750 
284.291590 
284.278427 
284.265261 
284.252092 
284.238920 
284.225745 
284.212567 
284.199385 
284.186201 
284.173014 
284.159824 
284.146631 
284.133435 
284.120235 
284.107033 
284.093828 
284.080619 
284.067408 
284.054194 
284.040976 
284.027756 
284.014532 
284.001306 
283.988076 
283.974844 
283.961608 
283.948370 
283.935128 
283.921883 
283.908635 
283.895384 
283.882131 
283.868874 
283.855614 
283.842351 
283.829084 
283.815815 
283.802543 
283.789268 
283.775989 
283.762708 
283.749423 
283.736136 
283.722845 
283.709551 
283.696255 
283.682955 
283.669652 
283.656346 
283.643037 
283.629724 
283.616409 
283.603091 
283.589769 
283.576445 
283.563117 
283.549786 
283.536452 
283.523115 
283.509775 
283.496432 
283.483086 
283.469737 
283.456384 
283.443029 
283.429670 
283.416308 
283.402943 
283.389575 
283.376204 
283.362830 
283.349452 
283.336072 
283.322688 
283.309301 
283.295911 
283.282518 
283.269122 
283.255723 
283.242320 
283.228915 
283.215506 
283.202094 
283.188679 
283.175261 
283.161840 
283.148415 
283.134988 
283.121557 
283.108123 
283.094686 
283.081245 
283.067802 
283.054356 
283.040906 
283.027453 
283.013997 
283.000538 
282.987075 
282.973610 
282.960141 
282.946669 
282.933194 
282.919716 
282.906234 
282.892749 
282.879262 
282.865770 
282.852276 
282.838779 
282.825278 
282.811774 
282.798267 
282.784757 
282.771244 
282.757727 
282.744207 
282.730684 
282.717158 
282.703629 
282.690096 
282.676560 
282.663021 
282.649479 
282.635933 
282.622384 
282.608832 
282.595277 
282.581719 
282.568157 
282.554592 
282.541024 
282.527453 
282.513878 
282.500300 
282.486719 
282.473135 
282.459547 
282.445956 
282.432362 
282.418765 
282.405164 
282.391560 
282.377953 
282.364343 
282.350729 
282.337112 
282.323492 
282.309869 
282.296242 
282.282612 
282.268979 
282.255343 
282.241703 
282.228060 
282.214413 
282.200764 
282.187111 
282.173455 
282.159795 
282.146132 
282.132466 
282.118797 
282.105124 
282.091448 
282.077769 
282.064087 
282.050401 
282.036712 
282.023019 
282.009323 
281.995624 
281.981922 
281.968216 
281.954507 
281.940795 
281.927079 
281.913360 
281.899638 
281.885912 
281.872183 
281.858451 
281.844715 
281.830976 
281.817234 
281.803488 
281.789739 
281.775987 
281.762231 
281.748472 
281.734709 
281.720944 
281.707174 
281.693402 
281.679626 
281.665847 
281.652064 
281.638279 
281.624489 
281.610697 
281.596901 
281.583101 
281.569298 
281.555492 
281.541683 
281.527870 
281.514054 
281.500234 
281.486411 
281.472584 
281.458755 
281.444921 
281.431085 
281.417245 
281.403401 
281.389554 
281.375704 
281.361851 
281.347993 
281.334133 
281.320269 
281.306402 
281.292531 
281.278657 
281.264780 
281.250899 
281.237014 
281.223126 
281.209235 
281.195341 
281.181442 
281.167541 
281.153636 
281.139728 
281.125816 
281.111900 
281.097982 
281.084059 
281.070134 
281.056205 
281.042272 
281.028336 
281.014397 
281.000454 
280.986507 
280.972558 
280.958604 
280.944648 
280.930687 
280.916724 
280.902756 
280.888786 
280.874812 
280.860834 
280.846853 
280.832868 
280.818880 
280.804889 
280.790894 
280.776895 
280.762893 
280.748887 
280.734878 
280.720866 
280.706850 
280.692830 
280.678807 
280.664780 
280.650750 
280.636717 
280.622679 
280.608639 
280.594595 
280.580547 
280.566496 
280.552441 
280.538383 
280.524321 
280.510255 
280.496186 
280.482114 
280.468038 
280.453958 
280.439875 
280.425789 
280.411699 
280.397605 
280.383508 
280.369407 
280.355302 
280.341194 
280.327083 
280.312968 
280.298849 
280.284727 
280.270601 
280.256472 
280.242339 
280.228202 
280.214062 
280.199918 
280.185771 
280.171620 
280.157465 
280.143307 
280.129146 
280.114980 
280.100812 
280.086639 
280.072463 
280.058283 
280.044100 
280.029913 
280.015723 
280.001528 
279.987331 
279.973129 
279.958924 
279.944716 
279.930503 
279.916287 
279.902068 
279.887845 
279.873618 
279.859388 
279.845153 
279.830916 
279.816674 
279.802429 
279.788181 
279.773928 
279.759672 
279.745413 
279.731150 
279.716883 
279.702612 
279.688338 
279.674060 
279.659778 
279.645493 
279.631204 
279.616911 
279.602615 
279.588315 
279.574011 
279.559704 
279.545393 
279.531078 
279.516759 
279.502437 
279.488111 
279.473782 
279.459448 
279.445111 
279.430771 
279.416426 
279.402078 
279.387726 
279.373371 
279.359012 
279.344649 
279.330282 
279.315911 
279.301537 
279.287159 
279.272778 
279.258392 
279.244003 
279.229610 
279.215214 
279.200813 
279.186409 
279.172001 
279.157590 
279.143174 
279.128755 
279.114332 
279.099905 
279.085475 
279.071041 
279.056603 
279.042161 
279.027716 
279.013266 
278.998813 
278.984356 
278.969896 
278.955431 
278.940963 
278.926491 
278.912015 
278.897535 
278.883052 
278.868565 
278.854074 
278.839579 
278.825080 
278.810578 
278.796071 
278.781561 
278.767047 
278.752530 
278.738008 
278.723483 
278.708953 
278.694420 
278.679883 
278.665343 
278.650798 
278.636249 
278.621697 
278.607141 
278.592581 
278.578017 
278.563450 
278.548878 
278.534303 
278.519723 
278.505140 
278.490553 
278.475962 
278.461368 
278.446769 
278.432166 
278.417560 
278.402950 
278.388336 
278.373717 
278.359096 
278.344470 
278.329840 
278.315206 
278.300569 
278.285927 
278.271282 
278.256633 
278.241980 
278.227322 
278.212661 
278.197997 
278.183328 
278.168655 
278.153978 
278.139298 
278.124613 
278.109924 
278.095232 
278.080536 
278.065835 
278.051131 
278.036423 
278.021711 
278.006995 
277.992275 
277.977550 
277.962822 
277.948090 
277.933355 
277.918615 
277.903871 
277.889123 
277.874371 
277.859615 
277.844856 
277.830092 
277.815324 
277.800552 
277.785776 
277.770997 
277.756213 
277.741425 
277.726634 
277.711838 
277.697038 
277.682234 
277.667426 
277.652615 
277.637799 
277.622979 
277.608155 
277.593327 
277.578495 
277.563659 
277.548819 
277.533975 
277.519127 
277.504275 
277.489419 
277.474559 
277.459694 
277.444826 
277.429954 
277.415077 
277.400197 
277.385312 
277.370423 
277.355531 
277.340634 
277.325733 
277.310828 
277.295919 
277.281006 
277.266088 
277.251167 
277.236242 
277.221312 
277.206379 
277.191441 
277.176499 
277.161553 
277.146603 
277.131649 
277.116691 
277.101728 
277.086762 
277.071791 
277.056817 
277.041838 
277.026855 
277.011867 
276.996876 
276.981881 
276.966881 
276.951877 
276.936870 
276.921858 
276.906841 
276.891821 
276.876797 
276.861768 
276.846735 
276.831698 
276.816657 
276.801612 
276.786562 
276.771508 
276.756450 
276.741388 
276.726322 
276.711252 
276.696177 
276.681098 
276.666015 
276.650928 
276.635836 
276.620741 
276.605641 
276.590537 
276.575428 
276.560316 
276.545199 
276.530078 
276.514953 
276.499823 
276.484689 
276.469552 
276.454409 
276.439263 
276.424112 
276.408957 
276.393798 
276.378635 
276.363467 
276.348295 
276.333119 
276.317938 
276.302754 
276.287564 
276.272371 
276.257174 
276.241972 
276.226765 
276.211555 
276.196340 
276.181121 
276.165898 
276.150670 
276.135438 
276.120202 
276.104961 
276.089717 
276.074467 
276.059214 
276.043956 
276.028694 
276.013427 
275.998156 
275.982881 
275.967602 
275.952318 
275.937030 
275.921737 
275.906440 
275.891139 
275.875834 
275.860524 
275.845209 
275.829891 
275.814568 
275.799240 
275.783908 
275.768572 
275.753232 
275.737887 
275.722537 
275.707184 
275.691826 
275.676463 
275.661096 
275.645725 
275.630349 
275.614969 
275.599585 
275.584196 
275.568802 
275.553405 
275.538002 
275.522596 
275.507185 
275.491769 
275.476349 
275.460925 
275.445496 
275.430063 
275.414625 
275.399183 
275.383736 
275.368285 
275.352830 
275.337370 
275.321905 
275.306436 
275.290963 
275.275485 
275.260003 
275.244516 
275.229025 
275.213529 
275.198028 
275.182524 
275.167014 
275.151500 
275.135982 
275.120459 
275.104932 
275.089400 
275.073864 
275.058323 
275.042777 
275.027227 
275.011673 
274.996114 
274.980550 
274.964982 
274.949410 
274.933832 
274.918251 
274.902664 
274.887073 
274.871478 
274.855878 
274.840273 
274.824664 
274.809051 
274.793432 
274.777809 
274.762182 
274.746550 
274.730913 
274.715272 
274.699626 
274.683976 
274.668321 
274.652661 
274.636997 
274.621328 
274.605655 
274.589977 
274.574294 
274.558606 
274.542914 
274.527218 
274.511517 
274.495811 
274.480100 
274.464385 
274.448665 
274.432941 
274.417211 
274.401478 
274.385739 
274.369996 
274.354248 
274.338496 
274.322738 
274.306977 
274.291210 
274.275439 
274.259663 
274.243882 
274.228097 
274.212307 
274.196512 
274.180713 
274.164909 
274.149100 
274.133286 
274.117468 
274.101645 
274.085817 
274.069984 
274.054147 
274.038305 
274.022458 
274.006607 
273.990751 
273.974890 
273.959024 
273.943154 
273.927278 
273.911398 
273.895513 
273.879624 
273.863729 
273.847830 
273.831926 
273.816018 
273.800104 
273.784186 
273.768263 
273.752335 
273.736402 
273.720464 
273.704522 
273.688575 
273.672623 
273.656666 
273.640704 
273.624738 
273.608767 
273.592790 
273.576809 
273.560824 
273.544833 
273.528837 
273.512837 
273.496832 
273.480821 
273.464806 
273.448787 
273.432762 
273.416732 
273.400698 
273.384658 
273.368614 
273.352565 
273.336511 
273.320452 
273.304388 
273.288319 
273.272245 
273.256166 
273.240083 
273.223994 
273.207901 
273.191803 
273.175699 
273.159591 
273.143478 
273.127360 
273.111237 
273.095109 
273.078976 
273.062838 
273.046695 
273.030547 
273.014394 
272.998236 
272.982074 
272.965906 
272.949733 
272.933555 
272.917373 
272.901185 
272.884992 
272.868794 
272.852591 
272.836384 
272.820171 
272.803953 
272.787730 
272.771502 
272.755269 
272.739031 
272.722788 
272.706540 
272.690287 
272.674029 
272.657766 
272.641498 
272.625224 
272.608946 
272.592662 
272.576374 
272.560080 
272.543782 
272.527478 
272.511169 
272.494855 
272.478536 
272.462212 
272.445882 
272.429548 
272.413208 
272.396864 
272.380514 
272.364159 
272.347799 
272.331434 
272.315064 
272.298688 
272.282308 
272.265922 
272.249531 
272.233135 
272.216734 
272.200327 
272.183916 
272.167499 
272.151077 
272.134650 
272.118218 
272.101780 
272.085338 
272.068890 
272.052437 
272.035979 
272.019515 
272.003046 
271.986573 
271.970093 
271.953609 
271.937120 
271.920625 
271.904125 
271.887619 
271.871109 
271.854593 
271.838072 
271.821546 
271.805014 
271.788477 
271.771935 
271.755388 
271.738835 
271.722277 
271.705714 
271.689145 
271.672571 
271.655992 
271.639408 
271.622818 
271.606223 
271.589623 
271.573017 
271.556406 
271.539790 
271.523168 
271.506541 
271.489909 
271.473271 
271.456628 
271.439979 
271.423326 
271.406666 
271.390002 
271.373332 
271.356657 
271.339976 
271.323290 
271.306599 
271.289902 
271.273200 
271.256492 
271.239779 
271.223061 
271.206337 
271.189608 
271.172873 
271.156133 
271.139387 
271.122636 
271.105880 
271.089118 
271.072351 
271.055578 
271.038800 
271.022016 
271.005227 
270.988432 
270.971632 
270.954826 
270.938015 
270.921199 
270.904377 
270.887549 
270.870716 
270.853878 
270.837034 
270.820184 
270.803329 
270.786468 
270.769602 
270.752730 
270.735853 
270.718970 
270.702082 
270.685188 
270.668289 
270.651384 
270.634473 
270.617557 
270.600635 
270.583708 
270.566775 
270.549837 
270.532893 
270.515943 
270.498988 
270.482027 
270.465061 
270.448089 
270.431111 
270.414128 
270.397139 
270.380144 
270.363144 
270.346138 
270.329127 
270.312110 
270.295087 
270.278059 
270.261025 
270.243985 
270.226939 
270.209888 
270.192831 
270.175769 
270.158701 
270.141627 
270.124547 
270.107462 
270.090371 
270.073274 
270.056172 
270.039064 
270.021950 
270.004830 
269.987705 
269.970574 
269.953437 
269.936294 
269.919146 
269.901992 
269.884832 
269.867666 
269.850495 
269.833318 
269.816135 
269.798946 
269.781751 
269.764551 
269.747345 
269.730133 
269.712915 
269.695691 
269.678462 
269.661226 
269.643985 
269.626738 
269.609485 
269.592227 
269.574962 
269.557692 
269.540416 
269.523134 
269.505846 
269.488552 
269.471252 
269.453946 
269.436635 
269.419317 
269.401994 
269.384665 
269.367330 
269.349989 
269.332642 
269.315289 
269.297930 
269.280565 
269.263195 
269.245818 
269.228435 
269.211047 
269.193652 
269.176252 
269.158845 
269.141433 
269.124014 
269.106590 
269.089160 
269.071723 
269.054281 
269.036832 
269.019378 
269.001917 
268.984451 
268.966978 
268.949500 
268.932015 
268.914525 
268.897028 
268.879525 
268.862017 
268.844502 
268.826981 
268.809454 
268.791921 
268.774382 
268.756837 
268.739285 
268.721728 
268.704164 
268.686595 
268.669019 
268.651437 
268.633849 
268.616255 
268.598655 
268.581048 
268.563436 
268.545817 
268.528192 
268.510561 
268.492924 
268.475281 
268.457631 
268.439976 
268.422314 
268.404646 
268.386971 
268.369291 
268.351604 
268.333911 
268.316212 
268.298507 
268.280795 
268.263077 
268.245353 
268.227623 
268.209886 
268.192143 
268.174394 
268.156639 
268.138877 
268.121109 
268.103335 
268.085555 
268.067768 
268.049975 
268.032175 
268.014370 
267.996558 
267.978739 
267.960915 
267.943084 
267.925246 
267.907403 
267.889553 
267.871696 
267.853833 
267.835964 
267.818089 
267.800207 
267.782319 
267.764424 
267.746523 
267.728615 
267.710702 
267.692781 
267.674855 
267.656922 
267.638982 
267.621036 
267.603084 
267.585125 
267.567159 
267.549188 
267.531209 
267.513225 
267.495234 
267.477236 
267.459232 
267.441221 
267.423204 
267.405180 
267.387150 
267.369114 
267.351071 
267.333021 
267.314965 
267.296902 
267.278833 
267.260757 
267.242674 
267.224585 
267.206490 
267.188388 
267.170279 
267.152164 
267.134042 
267.115914 
267.097779 
267.079637 
267.061489 
267.043334 
267.025172 
267.007004 
266.988829 
266.970648 
266.952460 
266.934265 
266.916064 
266.897856 
266.879641 
266.861420 
266.843192 
266.824957 
266.806715 
266.788467 
266.770212 
266.751951 
266.733682 
266.715407 
266.697126 
266.678837 
266.660542 
266.642240 
266.623931 
266.605616 
266.587293 
266.568964 
266.550628 
266.532286 
266.513936 
266.495580 
266.477217 
266.458847 
266.440471 
266.422087 
266.403697 
266.385300 
266.366896 
266.348485 
266.330067 
266.311643 
266.293211 
266.274773 
266.256328 
266.237876 
266.219417 
266.200951 
266.182478 
266.163999 
266.145512 
266.127019 
266.108518 
266.090011 
266.071497 
266.052975 
266.034447 
266.015912 
265.997370 
265.978821 
265.960265 
265.941702 
265.923132 
265.904554 
265.885970 
265.867379 
265.848781 
265.830176 
265.811564 
265.792945 
265.774318 
265.755685 
265.737045 
265.718397 
265.699743 
265.681081 
265.662413 
265.643737 
265.625054 
265.606364 
265.587667 
265.568963 
265.550252 
265.531533 
265.512808 
265.494075 
265.475335 
265.456588 
265.437834 
265.419072 
265.400304 
265.381528 
265.362745 
265.343955 
265.325158 
265.306353 
265.287542 
265.268723 
265.249897 
265.231063 
265.212222 
265.193374 
265.174519 
265.155657 
265.136787 
265.117910 
265.099026 
265.080134 
265.061235 
265.042329 
265.023416 
265.004495 
264.985567 
264.966631 
264.947689 
264.928738 
264.909781 
264.890816 
264.871844 
264.852864 
264.833877 
264.814883 
264.795881 
264.776872 
264.757855 
264.738831 
264.719800 
264.700761 
264.681715 
264.662661 
264.643600 
264.624531 
264.605455 
264.586371 
264.567280 
264.548182 
264.529076 
264.509962 
264.490841 
264.471712 
264.452576 
264.433433 
264.414281 
264.395123 
264.375956 
264.356783 
264.337601 
264.318412 
264.299216 
264.280011 
264.260800 
264.241580 
264.222353 
264.203119 
264.183877 
264.164627 
264.145369 
264.126104 
264.106831 
264.087551 
264.068263 
264.048967 
264.029663 
264.010352 
263.991033 
263.971707 
263.952373 
263.933031 
263.913681 
263.894323 
263.874958 
263.855585 
263.836204 
263.816816 
263.797420 
263.778015 
263.758604 
263.739184 
263.719756 
263.700321 
263.680878 
263.661427 
263.641968 
263.622502 
263.603027 
263.583545 
263.564055 
263.544557 
263.525051 
263.505537 
263.486015 
263.466486 
263.446948 
263.427403 
263.407849 
263.388288 
263.368719 
263.349141 
263.329556 
263.309963 
263.290362 
263.270753 
263.251136 
263.231511 
263.211877 
263.192236 
263.172587 
263.152930 
263.133265 
263.113591 
263.093910 
263.074221 
263.054523 
263.034818 
263.015104 
262.995382 
262.975652 
262.955915 
262.936168 
262.916414 
262.896652 
262.876881 
262.857103 
262.837316 
262.817521 
262.797718 
262.777907 
262.758087 
262.738259 
262.718423 
262.698579 
262.678727 
262.658866 
262.638997 
262.619120 
262.599235 
262.579341 
262.559439 
262.539529 
262.519611 
262.499684 
262.479749 
262.459805 
262.439854 
262.419894 
262.399925 
262.379948 
262.359963 
262.339970 
262.319968 
262.299958 
262.279939 
262.259912 
262.239876 
262.219832 
262.199780 
262.179719 
262.159650 
262.139572 
262.119486 
262.099392 
262.079289 
262.059177 
262.039057 
262.018928 
261.998791 
261.978646 
261.958491 
261.938329 
261.918158 
261.897978 
261.877789 
261.857592 
261.837387 
261.817173 
261.796950 
261.776719 
261.756479 
261.736230 
261.715973 
261.695707 
261.675432 
261.655149 
261.634857 
261.614556 
261.594247 
261.573929 
261.553603 
261.533267 
261.512923 
261.492570 
261.472208 
261.451838 
261.431459 
261.411071 
261.390674 
261.370269 
261.349854 
261.329431 
261.308999 
261.288559 
261.268109 
261.247650 
261.227183 
261.206707 
261.186222 
261.165728 
261.145225 
261.124713 
261.104193 
261.083663 
261.063124 
261.042577 
261.022020 
261.001455 
260.980881 
260.960297 
260.939705 
260.919104 
260.898493 
260.877874 
260.857246 
260.836608 
260.815962 
260.795306 
260.774641 
260.753968 
260.733285 
260.712593 
260.691892 
260.671182 
260.650463 
260.629735 
260.608997 
260.588250 
260.567495 
260.546730 
260.525955 
260.505172 
260.484379 
260.463578 
260.442767 
260.421946 
260.401117 
260.380278 
260.359430 
260.338573 
260.317706 
260.296831 
260.275945 
260.255051 
260.234147 
260.213234 
260.192312 
260.171380 
260.150439 
260.129488 
260.108528 
260.087559 
260.066580 
260.045592 
260.024594 
260.003587 
259.982571 
259.961545 
259.940509 
259.919464 
259.898410 
259.877346 
259.856273 
259.835190 
259.814098 
259.792996 
259.771884 
259.750763 
259.729633 
259.708492 
259.687343 
259.666183 
259.645014 
259.623835 
259.602647 
259.581449 
259.560242 
259.539025 
259.517798 
259.496561 
259.475315 
259.454059 
259.432793 
259.411518 
259.390232 
259.368937 
259.347633 
259.326318 
259.304994 
259.283660 
259.262316 
259.240962 
259.219599 
259.198225 
259.176842 
259.155449 
259.134046 
259.112633 
259.091211 
259.069778 
259.048336 
259.026883 
259.005421 
258.983948 
258.962466 
258.940974 
258.919472 
258.897959 
258.876437 
258.854905 
258.833363 
258.811810 
258.790248 
258.768675 
258.747093 
258.725500 
258.703898 
258.682285 
258.660662 
258.639029 
258.617385 
258.595732 
258.574069 
258.552395 
258.530711 
258.509017 
258.487313 
258.465598 
258.443873 
258.422138 
258.400393 
258.378638 
258.356872 
258.335096 
258.313309 
258.291513 
258.269705 
258.247888 
258.226060 
258.204222 
258.182374 
258.160515 
258.138646 
258.116766 
258.094876 
258.072975 
258.051064 
258.029143 
258.007211 
257.985268 
257.963316 
257.941352 
257.919378 
257.897394 
257.875399 
257.853393 
257.831377 
257.809350 
257.787313 
257.765265 
257.743207 
257.721137 
257.699058 
257.676967 
257.654866 
257.632754 
257.610632 
257.588498 
257.566354 
257.544200 
257.522034 
257.499858 
257.477671 
257.455474 
257.433265 
257.411046 
257.388816 
257.366575 
257.344323 
257.322060 
257.299787 
257.277502 
257.255207 
257.232901 
257.210584 
257.188255 
257.165916 
257.143566 
257.121205 
257.098834 
257.076451 
257.054057 
257.031652 
257.009236 
256.986808 
256.964370 
256.941921 
256.919461 
256.896989 
256.874507 
256.852013 
256.829508 
256.806992 
256.784465 
256.761927 
256.739377 
256.716817 
256.694245 
256.671661 
256.649067 
256.626461 
256.603844 
256.581216 
256.558576 
256.535925 
256.513263 
256.490590 
256.467905 
256.445208 
256.422501 
256.399781 
256.377051 
256.354309 
256.331555 
256.308791 
256.286014 
256.263226 
256.240427 
256.217616 
256.194794 
256.171960 
256.149114 
256.126257 
256.103389 
256.080508 
256.057617 
256.034713 
256.011798 
255.988871 
255.965933 
255.942983 
255.920021 
255.897047 
255.874062 
255.851065 
255.828056 
255.805036 
255.782003 
255.758959 
255.735903 
255.712836 
255.689756 
255.666665 
255.643561 
255.620446 
255.597319 
255.574180 
255.551029 
255.527866 
255.504691 
255.481504 
255.458305 
255.435094 
255.411871 
255.388637 
255.365390 
255.342131 
255.318859 
255.295576 
255.272281 
255.248973 
255.225654 
255.202322 
255.178978 
255.155622 
255.132254 
255.108873 
255.085480 
255.062075 
255.038658 
255.015228 
254.991786 
254.968332 
254.944866 
254.921387 
254.897896 
254.874392 
254.850876 
254.827348 
254.803807 
254.780254 
254.756688 
254.733110 
254.709519 
254.685916 
254.662300 
254.638672 
254.615031 
254.591378 
254.567712 
254.544033 
254.520342 
254.496638 
254.472922 
254.449193 
254.425451 
254.401697 
254.377930 
254.354150 
254.330357 
254.306552 
254.282734 
254.258903 
254.235059 
254.211202 
254.187333 
254.163450 
254.139555 
254.115647 
254.091726 
254.067792 
254.043845 
254.019886 
253.995913 
253.971927 
253.947928 
253.923916 
253.899892 
253.875854 
253.851803 
253.827738 
253.803661 
253.779571 
253.755467 
253.731351 
253.707221 
253.683078 
253.658921 
253.634752 
253.610569 
253.586373 
253.562164 
253.537941 
253.513705 
253.489456 
253.465193 
253.440917 
253.416628 
253.392325 
253.368008 
253.343679 
253.319336 
253.294979 
253.270609 
253.246225 
253.221828 
253.197417 
253.172993 
253.148555 
253.124103 
253.099638 
253.075159 
253.050666 
253.026160 
253.001640 
252.977107 
252.952559 
252.927998 
252.903423 
252.878835 
252.854232 
252.829616 
252.804986 
252.780342 
252.755684 
252.731012 
252.706326 
252.681626 
252.656913 
252.632185 
252.607443 
252.582688 
252.557918 
252.533134 
252.508336 
252.483524 
252.458698 
252.433858 
252.409004 
252.384135 
252.359252 
252.334355 
252.309444 
252.284519 
252.259579 
252.234625 
252.209657 
252.184674 
252.159677 
252.134666 
252.109640 
252.084600 
252.059545 
252.034476 
252.009392 
251.984294 
251.959182 
251.934055 
251.908913 
251.883757 
251.858586 
251.833401 
251.808201 
251.782986 
251.757757 
251.732513 
251.707254 
251.681980 
251.656692 
251.631389 
251.606071 
251.580738 
251.555391 
251.530029 
251.504651 
251.479259 
251.453852 
251.428430 
251.402993 
251.377541 
251.352074 
251.326592 
251.301095 
251.275583 
251.250056 
251.224514 
251.198956 
251.173383 
251.147796 
251.122193 
251.096574 
251.070941 
251.045292 
251.019628 
250.993949 
250.968254 
250.942544 
250.916819 
250.891078 
250.865322 
250.839550 
250.813763 
250.787960 
250.762142 
250.736309 
250.710459 
250.684595 
250.658714 
250.632818 
250.606906 
250.580979 
250.555036 
250.529077 
250.503103 
250.477113 
250.451107 
250.425085 
250.399047 
250.372994 
250.346924 
250.320839 
250.294738 
250.268621 
250.242488 
250.216339 
250.190174 
250.163993 
250.137795 
250.111582 
250.085353 
250.059107 
250.032846 
250.006568 
249.980274 
249.953963 
249.927637 
249.901294 
249.874935 
249.848559 
249.822168 
249.795760 
249.769335 
249.742894 
249.716437 
249.689963 
249.663472 
249.636965 
249.610442 
249.583902 
249.557345 
249.530772 
249.504182 
249.477576 
249.450952 
249.424312 
249.397656 
249.370982 
249.344292 
249.317585 
249.290861 
249.264120 
249.237362 
249.210588 
249.183796 
249.156988 
249.130162 
249.103320 
249.076460 
249.049583 
249.022689 
248.995779 
248.968850 
248.941905 
248.914943 
248.887963 
248.860966 
248.833952 
248.806920 
248.779871 
248.752805 
248.725721 
248.698620 
248.671502 
248.644366 
248.617212 
248.590041 
248.562852 
248.535646 
248.508422 
248.481181 
248.453922 
248.426645 
248.399351 
248.372038 
248.344708 
248.317360 
248.289995 
248.262611 
248.235210 
248.207790 
248.180353 
248.152898 
248.125425 
248.097933 
248.070424 
248.042897 
248.015351 
247.987787 
247.960206 
247.932606 
247.904987 
247.877351 
247.849696 
247.822023 
247.794331 
247.766622 
247.738893 
247.711147 
247.683382 
247.655598 
247.627796 
247.599975 
247.572136 
247.544278 
247.516402 
247.488506 
247.460593 
247.432660 
247.404709 
247.376739 
247.348750 
247.320742 
247.292715 
247.264670 
247.236605 
247.208522 
247.180419 
247.152298 
247.124157 
247.095997 
247.067818 
247.039621 
247.011403 
246.983167 
246.954911 
246.926637 
246.898342 
246.870029 
246.841696 
246.813344 
246.784972 
246.756581 
246.728170 
246.699740 
246.671290 
246.642820 
246.614331 
246.585823 
246.557294 
246.528746 
246.500178 
246.471590 
246.442983 
246.414355 
246.385708 
246.357041 
246.328354 
246.299647 
246.270919 
246.242172 
246.213405 
246.184617 
246.155810 
246.126982 
246.098134 
246.069266 
246.040377 
246.011468 
245.982539 
245.953589 
245.924619 
245.895628 
245.866617 
245.837586 
245.808534 
245.779461 
245.750367 
245.721253 
245.692119 
245.662963 
245.633787 
245.604589 
245.575371 
245.546133 
245.516873 
245.487592 
245.458290 
245.428967 
245.399624 
245.370259 
245.340872 
245.311465 
245.282037 
245.252587 
245.223116 
245.193624 
245.164110 
245.134575 
245.105018 
245.075440 
245.045841 
245.016220 
244.986577 
244.956913 
244.927227 
244.897519 
244.867790 
244.838039 
244.808266 
244.778471 
244.748655 
244.718816 
244.688955 
244.659073 
244.629168 
244.599242 
244.569293 
244.539322 
244.509329 
244.479314 
244.449276 
244.419216 
244.389134 
244.359029 
244.328902 
244.298752 
244.268580 
244.238386 
244.208168 
244.177928 
244.147666 
244.117381 
244.087073 
244.056742 
244.026388 
243.996012 
243.965612 
243.935190 
243.904744 
243.874276 
243.843784 
243.813270 
243.782732 
243.752171 
243.721587 
243.690979 
243.660348 
243.629694 
243.599016 
243.568315 
243.537590 
243.506842 
243.476070 
243.445275 
243.414456 
243.383613 
243.352746 
243.321856 
243.290941 
243.260003 
243.229041 
243.198055 
243.167045 
243.136011 
243.104952 
243.073870 
243.042763 
243.011632 
242.980477 
242.949297 
242.918093 
242.886865 
242.855612 
242.824334 
242.793032 
242.761706 
242.730354 
242.698978 
242.667578 
242.636152 
242.604702 
242.573226 
242.541726 
242.510201 
242.478651 
242.447075 
242.415475 
242.383849 
242.352198 
242.320522 
242.288821 
242.257094 
242.225341 
242.193564 
242.161760 
242.129931 
242.098077 
242.066197 
242.034291 
242.002359 
241.970402 
241.938419 
241.906409 
241.874374 
241.842313 
241.810226 
241.778113 
241.745973 
241.713807 
241.681615 
241.649397 
241.617152 
241.584881 
241.552584 
241.520259 
241.487909 
241.455532 
241.423128 
241.390697 
241.358239 
241.325755 
241.293244 
241.260706 
241.228140 
241.195548 
241.162929 
241.130282 
241.097609 
241.064908 
241.032180 
240.999424 
240.966641 
240.933830 
240.900992 
240.868127 
240.835233 
240.802312 
240.769364 
240.736387 
240.703383 
240.670350 
240.637290 
240.604201 
240.571085 
240.537940 
240.504767 
240.471566 
240.438337 
240.405079 
240.371793 
240.338478 
240.305135 
240.271763 
240.238362 
240.204933 
240.171475 
240.137988 
240.104472 
240.070927 
240.037354 
240.003751 
239.970119 
239.936457 
239.902767 
239.869047 
239.835298 
239.801519 
239.767711 
239.733873 
239.700006 
239.666109 
239.632182 
239.598225 
239.564239 
239.530223 
239.496176 
239.462100 
239.427993 
239.393856 
239.359689 
239.325492 
239.291264 
239.257006 
239.222717 
239.188398 
239.154048 
239.119667 
239.085256 
239.050813 
239.016340 
238.981836 
238.947301 
238.912735 
238.878137 
238.843508 
238.808848 
238.774157 
238.739434 
238.704680 
238.669894 
238.635077 
238.600228 
238.565347 
238.530434 
238.495489 
238.460512 
238.425504 
238.390463 
238.355390 
238.320284 
238.285147 
238.249977 
238.214774 
238.179539 
238.144271 
238.108971 
238.073638 
238.038272 
238.002873 
237.967441 
237.931976 
237.896478 
237.860947 
237.825383 
237.789785 
237.754154 
237.718489 
237.682791 
237.647059 
237.611293 
237.575494 
237.539660 
237.503793 
237.467892 
237.431956 
237.395987 
237.359983 
237.323945 
237.287872 
237.251765 
237.215624 
237.179447 
237.143237 
237.106991 
237.070710 
237.034395 
236.998044 
236.961658 
236.925237 
236.888781 
236.852290 
236.815763 
236.779200 
236.742602 
236.705968 
236.669299 
236.632593 
236.595852 
236.559074 
236.522261 
236.485411 
236.448525 
236.411603 
236.374644 
236.337649 
236.300617 
236.263549 
236.226443 
236.189301 
236.152122 
236.114906 
236.077652 
236.040362 
236.003034 
235.965669 
235.928266 
235.890826 
235.853348 
235.815832 
235.778278 
235.740687 
235.703057 
235.665390 
235.627684 
235.589940 
235.552157 
235.514336 
235.476477 
235.438579 
235.400642 
235.362666 
235.324651 
235.286597 
235.248504 
235.210372 
235.172201 
235.133990 
235.095739 
235.057449 
235.019119 
234.980750 
234.942340 
234.903891 
234.865401 
234.826871 
234.788301 
234.749690 
234.711039 
234.672348 
234.633615 
234.594842 
234.556028 
234.517173 
234.478277 
234.439339 
234.400361 
234.361341 
234.322279 
234.283176 
234.244030 
234.204844 
234.165615 
234.126344 
234.087031 
234.047675 
234.008278 
233.968838 
233.929355 
233.889829 
233.850261 
233.810650 
233.770996 
233.731298 
233.691558 
233.651774 
233.611946 
233.572075 
233.532160 
233.492202 
233.452199 
233.412153 
233.372062 
233.331927 
233.291748 
233.251524 
233.211255 
233.170942 
233.130584 
233.090181 
233.049733 
233.009240 
232.968701 
232.928117 
232.887487 
232.846812 
232.806091 
232.765324 
232.724511 
232.683652 
232.642746 
232.601794 
232.560795 
232.519750 
232.478658 
232.437519 
232.396333 
232.355100 
232.313820 
232.272492 
232.231116 
232.189693 
232.148222 
232.106703 
232.065136 
232.023521 
231.981857 
231.940145 
231.898385 
231.856575 
231.814717 
231.772810 
231.730853 
231.688847 
231.646792 
231.604688 
231.562533 
231.520329 
231.478075 
231.435770 
231.393416 
231.351011 
231.308555 
231.266049 
231.223492 
231.180884 
231.138225 
231.095515 
231.052753 
231.009940 
230.967075 
230.924158 
230.881190 
230.838169 
230.795095 
230.751970 
230.708792 
230.665561 
230.622277 
230.578940 
230.535550 
230.492107 
230.448610 
230.405059 
230.361455 
230.317797 
230.274084 
230.230317 
230.186496 
230.142621 
230.098690 
230.054705 
230.010664 
229.966568 
229.922417 
229.878210 
229.833948 
229.789629 
229.745255 
229.700824 
229.656337 
229.611794 
229.567193 
229.522536 
229.477821 
229.433050 
229.388221 
229.343334 
229.298389 
229.253387 
229.208326 
229.163208 
229.118030 
229.072794 
229.027499 
228.982146 
228.936732 
228.891260 
228.845728 
228.800136 
228.754485 
228.708773 
228.663001 
228.617168 
228.571275 
228.525321 
228.479305 
228.433229 
228.387091 
228.340891 
228.294630 
228.248307 
228.201921 
228.155473 
228.108962 
228.062389 
228.015753 
227.969053 
227.922290 
227.875463 
227.828573 
227.781618 
227.734599 
227.687516 
227.640368 
227.593156 
227.545878 
227.498535 
227.451126 
227.403652 
227.356112 
227.308506 
227.260833 
227.213094 
227.165288 
227.117415 
227.069475 
227.021467 
226.973392 
226.925249 
226.877038 
226.828758 
226.780410 
226.731993 
226.683507 
226.634952 
226.586327 
226.537633 
226.488869 
226.440034 
226.391129 
226.342154 
226.293107 
226.243989 
226.194800 
226.145539 
226.096207 
226.046802 
225.997325 
225.947775 
225.898153 
225.848457 
225.798688 
225.748845 
225.698929 
225.648938 
225.598873 
225.548733 
225.498518 
225.448228 
225.397863 
225.347422 
225.296905 
225.246311 
225.195641 
225.144895 
225.094071 
225.043170 
224.992191 
224.941135 
224.890000 
224.838787 
224.787495 
224.736124 
224.684674 
224.633144 
224.581534 
224.529844 
224.478074 
224.426223 
224.374291 
224.322277 
224.270182 
224.218005 
224.165746 
224.113404 
224.060979 
224.008471 
223.955880 
223.903204 
223.850445 
223.797601 
223.744673 
223.691660 
223.638561 
223.585376 
223.532106 
223.478749 
223.425305 
223.371774 
223.318157 
223.264451 
223.210657 
223.156776 
223.102805 
223.048745 
222.994596 
222.940358 
222.886029 
222.831610 
222.777100 
222.722499 
222.667806 
222.613022 
222.558146 
222.503176 
222.448115 
222.392959 
222.337710 
222.282367 
222.226930 
222.171398 
222.115771 
222.060048 
222.004229 
221.948314 
221.892302 
221.836193 
221.779987 
221.723683 
221.667280 
221.610779 
221.554179 
221.497479 
221.440679 
221.383780 
221.326779 
221.269677 
221.212474 
221.155168 
221.097760 
221.040250 
220.982636 
220.924918 
220.867097 
220.809170 
220.751139 
220.693002 
220.634760 
220.576411 
220.517955 
220.459392 
220.400721 
220.341942 
220.283054 
220.224057 
220.164951 
220.105734 
220.046407 
219.986969 
219.927419 
219.867757 
219.807983 
219.748096 
219.688095 
219.627981 
219.567752 
219.507407 
219.446948 
219.386372 
219.325679 
219.264870 
219.203943 
219.142898 
219.081734 
219.020451 
218.959048 
218.897525 
218.835880 
218.774115 
218.712228 
218.650218 
218.588084 
218.525828 
218.463447 
218.400941 
218.338310 
218.275552 
218.212669 
218.149658 
218.086519 
218.023252 
217.959856 
217.896330 
217.832674 
217.768887 
217.704969 
217.640918 
217.576735 
217.512419 
217.447968 
217.383383 
217.318662 
217.253806 
217.188813 
217.123682 
217.058413 
216.993006 
216.927460 
216.861773 
216.795945 
216.729976 
216.663865 
216.597611 
216.531214 
216.464672 
216.397985 
216.331152 
216.264172 
216.197046 
216.129771 
216.062348 
215.994774 
215.927051 
215.859176 
215.791150 
215.722971 
215.654638 
215.586151 
215.517509 
215.448711 
215.379756 
215.310644 
215.241373 
215.171943 
215.102353 
215.032601 
214.962688 
214.892613 
214.822373 
214.751969 
214.681400 
214.610664 
214.539762 
214.468691 
214.397451 
214.326041 
214.254460 
214.182708 
214.110782 
214.038683 
213.966408 
213.893959 
213.821332 
213.748527 
213.675544 
213.602381 
213.529037 
213.455512 
213.381803 
213.307911 
213.233833 
213.159569 
213.085118 
213.010479 
212.935651 
212.860632 
212.785421 
212.710017 
212.634420 
212.558627 
212.482639 
212.406452 
212.330068 
212.253483 
212.176697 
212.099709 
212.022518 
211.945122 
211.867519 
211.789710 
211.711692 
211.633464 
211.555025 
211.476373 
211.397508 
211.318427 
211.239130 
211.159615 
211.079881 
210.999926 
210.919748 
210.839348 
210.758722 
210.677870 
210.596790 
210.515480 
210.433939 
210.352167 
210.270160 
210.187917 
210.105437 
210.022719 
209.939761 
209.856560 
209.773116 
209.689427 
209.605491 
209.521306 
209.436871 
209.352184 
209.267243 
209.182047 
209.096594 
209.010881 
208.924908 
208.838672 
208.752171 
208.665404 
208.578369 
208.491063 
208.403485 
208.315633 
208.227505 
208.139098 
208.050411 
207.961442 
207.872189 
207.782649 
207.692821 
207.602701 
207.512289 
207.421582 
207.330578 
207.239273 
207.147667 
207.055757 
206.963540 
206.871015 
206.778178 
206.685027 
206.591561 
206.497775 
206.403669 
206.309238 
206.214482 
206.119397 
206.023980 
205.928229 
205.832141 
205.735713 
205.638943 
205.541828 
205.444365 
205.346551 
205.248383 
205.149858 
205.050974 
204.951727 
204.852113 
204.752131 
204.651777 
204.551047 
204.449938 
204.348448 
204.246572 
204.144308 
204.041652 
203.938600 
203.835150 
203.731296 
203.627037 
203.522367 
203.417284 
203.311784 
203.205863 
203.099516 
202.992741 
202.885532 
202.777887 
202.669800 
202.561268 
202.452287 
202.342852 
202.232958 
202.122602 
202.011779 
201.900484 
201.788713 
201.676461 
201.563723 
201.450495 
201.336771 
201.222547 
201.107817 
200.992576 
200.876819 
200.760542 
200.643737 
200.526400 
200.408526 
200.290108 
200.171140 
200.051618 
199.931535 
199.810884 
199.689660 
199.567857 
199.445468 
199.322486 
199.198906 
199.074719 
198.949921 
198.824502 
198.698457 
198.571778 
198.444459 
198.316490 
198.187866 
198.058577 
197.928617 
197.797977 
197.666649 
197.534624 
197.401895 
197.268452 
197.134287 
196.999391 
196.863755 
196.727368 
196.590222 
196.452308 
196.313614 
196.174131 
196.033849 
195.892758 
195.750845 
195.608101 
195.464515 
195.320074 
195.174767 
195.028583 
194.881508 
194.733531 
194.584639 
194.434819 
194.284058 
194.132342 
193.979657 
193.825989 
193.671323 
193.515645 
193.358939 
193.201190 
193.042383 
192.882499 
192.721524 
192.559439 
192.396227 
192.231871 
192.066352 
191.899650 
191.731748 
191.562624 
191.392258 
191.220630 
191.047718 
190.873500 
190.697953 
190.521054 
190.342780 
190.163106 
189.982006 
189.799455 
189.615426 
189.429892 
189.242824 
189.054193 
188.863970 
188.672123 
188.478621 
188.283432 
188.086521 
187.887853 
187.687394 
187.485105 
187.280949 
187.074886 
186.866875 
186.656874 
186.444840 
186.230727 
186.014490 
185.796078 
185.575443 
185.352533 
185.127293 
184.899669 
184.669602 
184.437033 
184.201898 
183.964134 
183.723673 
183.480444 
183.234376 
182.985392 
182.733412 
182.478355 
182.220135 
181.958661 
181.693840 
181.425574 
181.153759 
180.878290 
180.599052 
180.315928 
180.028794 
179.737520 
179.441969 
179.141998 
178.837454 
178.528179 
178.214004 
177.894750 
177.570230 
177.240245 
176.904583 
176.563020 
176.215320 
175.861228 
175.500474 
175.132773 
174.757815 
174.375272 
173.984793 
173.585997 
173.178479 
172.761800 
172.335485 
171.899022 
171.451854 
170.993377 
170.522931 
170.039795 
169.543180 
169.032215 
168.505943 
167.963301 
167.403111 
166.824056 
166.224661 
165.603264 
164.957984 
164.286680 
163.586898 
162.855809 
162.090125 
161.285992 
160.438848 
159.543244 
158.592580 
157.578762 
156.491699 
155.318576 
154.042756 
152.642056 
151.085916 
149.330470 
147.309287 
144.914168 
141.949381 
137.996524 
131.825082 
110.095063 
NaN
NaN
NaN
NaN
NaN
NaN
NaN
NaN
NaN
NaN
NaN
NaN
NaN
NaN
NaN
NaN
NaN
NaN
NaN
NaN
NaN
NaN
NaN
NaN
NaN
NaN
NaN
NaN
NaN
NaN
NaN
NaN
NaN
NaN
NaN
NaN
NaN
NaN
NaN
