330.040087 
330.028231 
330.016373 
330.004515 
329.992657 
329.980797 
329.968937 
329.957077 
329.945215 
329.933353 
329.921491 
329.909627 
329.897764 
329.885899 
329.874034 
329.862168 
329.850301 
329.838434 
329.826566 
329.814698 
329.802828 
329.790959 
329.779088 
329.767217 
329.755345 
329.743473 
329.731599 
329.719726 
329.707851 
329.695976 
329.684100 
329.672224 
329.660347 
329.648469 
329.636590 
329.624711 
329.612832 
329.600951 
329.589070 
329.577188 
329.565306 
329.553423 
329.541539 
329.529655 
329.517770 
329.505884 
329.493998 
329.482111 
329.470223 
329.458335 
329.446446 
329.434556 
329.422666 
329.410775 
329.398883 
329.386991 
329.375098 
329.363204 
329.351310 
329.339415 
329.327519 
329.315623 
329.303726 
329.291828 
329.279930 
329.268031 
329.256131 
329.244231 
329.232330 
329.220428 
329.208526 
329.196623 
329.184719 
329.172815 
329.160910 
329.149004 
329.137098 
329.125191 
329.113283 
329.101375 
329.089466 
329.077556 
329.065646 
329.053735 
329.041823 
329.029911 
329.017998 
329.006084 
328.994170 
328.982255 
328.970339 
328.958423 
328.946506 
328.934588 
328.922670 
328.910751 
328.898831 
328.886911 
328.874990 
328.863068 
328.851146 
328.839223 
328.827299 
328.815375 
328.803450 
328.791524 
328.779598 
328.767671 
328.755743 
328.743815 
328.731886 
328.719956 
328.708026 
328.696094 
328.684163 
328.672230 
328.660297 
328.648363 
328.636429 
328.624494 
328.612558 
328.600622 
328.588684 
328.576747 
328.564808 
328.552869 
328.540929 
328.528989 
328.517048 
328.505106 
328.493163 
328.481220 
328.469276 
328.457332 
328.445386 
328.433441 
328.421494 
328.409547 
328.397599 
328.385650 
328.373701 
328.361751 
328.349800 
328.337849 
328.325897 
328.313944 
328.301991 
328.290037 
328.278082 
328.266127 
328.254171 
328.242214 
328.230257 
328.218299 
328.206340 
328.194381 
328.182421 
328.170460 
328.158498 
328.146536 
328.134573 
328.122610 
328.110646 
328.098681 
328.086715 
328.074749 
328.062782 
328.050815 
328.038846 
328.026878 
328.014908 
328.002938 
327.990967 
327.978995 
327.967023 
327.955050 
327.943076 
327.931102 
327.919127 
327.907151 
327.895174 
327.883197 
327.871219 
327.859241 
327.847262 
327.835282 
327.823302 
327.811320 
327.799338 
327.787356 
327.775373 
327.763389 
327.751404 
327.739419 
327.727433 
327.715446 
327.703459 
327.691471 
327.679482 
327.667493 
327.655503 
327.643512 
327.631520 
327.619528 
327.607536 
327.595542 
327.583548 
327.571553 
327.559557 
327.547561 
327.535564 
327.523567 
327.511568 
327.499569 
327.487570 
327.475569 
327.463568 
327.451567 
327.439564 
327.427561 
327.415557 
327.403553 
327.391548 
327.379542 
327.367535 
327.355528 
327.343520 
327.331511 
327.319502 
327.307492 
327.295481 
327.283470 
327.271458 
327.259445 
327.247432 
327.235418 
327.223403 
327.211387 
327.199371 
327.187354 
327.175337 
327.163318 
327.151299 
327.139280 
327.127259 
327.115238 
327.103217 
327.091194 
327.079171 
327.067147 
327.055123 
327.043098 
327.031072 
327.019045 
327.007018 
326.994990 
326.982961 
326.970932 
326.958902 
326.946871 
326.934840 
326.922808 
326.910775 
326.898742 
326.886707 
326.874672 
326.862637 
326.850601 
326.838564 
326.826526 
326.814488 
326.802449 
326.790409 
326.778368 
326.766327 
326.754285 
326.742243 
326.730200 
326.718156 
326.706111 
326.694066 
326.682020 
326.669973 
326.657926 
326.645878 
326.633829 
326.621779 
326.609729 
326.597678 
326.585627 
326.573574 
326.561521 
326.549468 
326.537413 
326.525358 
326.513302 
326.501246 
326.489189 
326.477131 
326.465072 
326.453013 
326.440953 
326.428892 
326.416831 
326.404769 
326.392706 
326.380643 
326.368579 
326.356514 
326.344448 
326.332382 
326.320315 
326.308247 
326.296179 
326.284110 
326.272040 
326.259970 
326.247898 
326.235827 
326.223754 
326.211681 
326.199607 
326.187532 
326.175457 
326.163380 
326.151304 
326.139226 
326.127148 
326.115069 
326.102989 
326.090909 
326.078828 
326.066746 
326.054664 
326.042581 
326.030497 
326.018412 
326.006327 
325.994241 
325.982154 
325.970067 
325.957979 
325.945890 
325.933801 
325.921711 
325.909620 
325.897528 
325.885436 
325.873343 
325.861249 
325.849155 
325.837059 
325.824964 
325.812867 
325.800770 
325.788672 
325.776573 
325.764474 
325.752374 
325.740273 
325.728171 
325.716069 
325.703966 
325.691863 
325.679758 
325.667653 
325.655547 
325.643441 
325.631334 
325.619226 
325.607117 
325.595008 
325.582898 
325.570787 
325.558676 
325.546564 
325.534451 
325.522337 
325.510223 
325.498108 
325.485992 
325.473876 
325.461759 
325.449641 
325.437522 
325.425403 
325.413283 
325.401162 
325.389041 
325.376919 
325.364796 
325.352672 
325.340548 
325.328423 
325.316297 
325.304171 
325.292044 
325.279916 
325.267787 
325.255658 
325.243528 
325.231398 
325.219266 
325.207134 
325.195001 
325.182868 
325.170733 
325.158598 
325.146463 
325.134326 
325.122189 
325.110051 
325.097913 
325.085773 
325.073633 
325.061493 
325.049351 
325.037209 
325.025066 
325.012923 
325.000778 
324.988633 
324.976488 
324.964341 
324.952194 
324.940046 
324.927897 
324.915748 
324.903598 
324.891447 
324.879296 
324.867144 
324.854991 
324.842837 
324.830683 
324.818527 
324.806372 
324.794215 
324.782058 
324.769900 
324.757741 
324.745582 
324.733422 
324.721261 
324.709099 
324.696937 
324.684774 
324.672610 
324.660446 
324.648280 
324.636115 
324.623948 
324.611781 
324.599612 
324.587444 
324.575274 
324.563104 
324.550933 
324.538761 
324.526589 
324.514416 
324.502242 
324.490067 
324.477892 
324.465716 
324.453539 
324.441361 
324.429183 
324.417004 
324.404825 
324.392644 
324.380463 
324.368281 
324.356099 
324.343915 
324.331731 
324.319547 
324.307361 
324.295175 
324.282988 
324.270800 
324.258612 
324.246423 
324.234233 
324.222042 
324.209851 
324.197659 
324.185466 
324.173273 
324.161078 
324.148883 
324.136688 
324.124491 
324.112294 
324.100096 
324.087898 
324.075698 
324.063498 
324.051298 
324.039096 
324.026894 
324.014691 
324.002487 
323.990283 
323.978077 
323.965872 
323.953665 
323.941457 
323.929249 
323.917041 
323.904831 
323.892621 
323.880410 
323.868198 
323.855985 
323.843772 
323.831558 
323.819343 
323.807128 
323.794912 
323.782695 
323.770477 
323.758259 
323.746040 
323.733820 
323.721599 
323.709378 
323.697156 
323.684933 
323.672710 
323.660486 
323.648261 
323.636035 
323.623808 
323.611581 
323.599353 
323.587125 
323.574895 
323.562665 
323.550434 
323.538202 
323.525970 
323.513737 
323.501503 
323.489269 
323.477033 
323.464797 
323.452560 
323.440323 
323.428085 
323.415846 
323.403606 
323.391365 
323.379124 
323.366882 
323.354640 
323.342396 
323.330152 
323.317907 
323.305661 
323.293415 
323.281168 
323.268920 
323.256671 
323.244422 
323.232172 
323.219921 
323.207670 
323.195417 
323.183164 
323.170910 
323.158656 
323.146400 
323.134144 
323.121888 
323.109630 
323.097372 
323.085113 
323.072853 
323.060593 
323.048331 
323.036069 
323.023807 
323.011543 
322.999279 
322.987014 
322.974748 
322.962482 
322.950215 
322.937947 
322.925678 
322.913408 
322.901138 
322.888867 
322.876596 
322.864323 
322.852050 
322.839776 
322.827501 
322.815226 
322.802950 
322.790673 
322.778395 
322.766117 
322.753838 
322.741558 
322.729277 
322.716996 
322.704714 
322.692431 
322.680147 
322.667863 
322.655578 
322.643292 
322.631005 
322.618718 
322.606430 
322.594141 
322.581851 
322.569561 
322.557270 
322.544978 
322.532685 
322.520392 
322.508098 
322.495803 
322.483507 
322.471211 
322.458913 
322.446616 
322.434317 
322.422017 
322.409717 
322.397416 
322.385115 
322.372812 
322.360509 
322.348205 
322.335901 
322.323595 
322.311289 
322.298982 
322.286674 
322.274366 
322.262057 
322.249747 
322.237436 
322.225124 
322.212812 
322.200499 
322.188186 
322.175871 
322.163556 
322.151240 
322.138923 
322.126605 
322.114287 
322.101968 
322.089648 
322.077328 
322.065007 
322.052684 
322.040362 
322.028038 
322.015714 
322.003389 
321.991063 
321.978736 
321.966409 
321.954081 
321.941752 
321.929422 
321.917092 
321.904761 
321.892429 
321.880096 
321.867762 
321.855428 
321.843093 
321.830758 
321.818421 
321.806084 
321.793746 
321.781407 
321.769068 
321.756727 
321.744386 
321.732044 
321.719702 
321.707358 
321.695014 
321.682669 
321.670324 
321.657977 
321.645630 
321.633282 
321.620934 
321.608584 
321.596234 
321.583883 
321.571531 
321.559179 
321.546825 
321.534471 
321.522117 
321.509761 
321.497405 
321.485048 
321.472690 
321.460331 
321.447972 
321.435612 
321.423251 
321.410889 
321.398526 
321.386163 
321.373799 
321.361434 
321.349069 
321.336703 
321.324336 
321.311968 
321.299599 
321.287230 
321.274860 
321.262489 
321.250117 
321.237745 
321.225371 
321.212997 
321.200623 
321.188247 
321.175871 
321.163494 
321.151116 
321.138737 
321.126358 
321.113978 
321.101597 
321.089215 
321.076833 
321.064449 
321.052065 
321.039681 
321.027295 
321.014909 
321.002522 
320.990134 
320.977745 
320.965356 
320.952965 
320.940575 
320.928183 
320.915790 
320.903397 
320.891003 
320.878608 
320.866212 
320.853816 
320.841419 
320.829021 
320.816622 
320.804223 
320.791823 
320.779422 
320.767020 
320.754617 
320.742214 
320.729810 
320.717405 
320.704999 
320.692593 
320.680185 
320.667777 
320.655368 
320.642959 
320.630549 
320.618137 
320.605726 
320.593313 
320.580899 
320.568485 
320.556070 
320.543654 
320.531238 
320.518820 
320.506402 
320.493983 
320.481564 
320.469143 
320.456722 
320.444300 
320.431877 
320.419453 
320.407029 
320.394604 
320.382178 
320.369751 
320.357324 
320.344895 
320.332466 
320.320036 
320.307606 
320.295174 
320.282742 
320.270309 
320.257875 
320.245441 
320.233005 
320.220569 
320.208132 
320.195695 
320.183256 
320.170817 
320.158377 
320.145936 
320.133494 
320.121052 
320.108609 
320.096165 
320.083720 
320.071275 
320.058828 
320.046381 
320.033933 
320.021484 
320.009035 
319.996585 
319.984134 
319.971682 
319.959229 
319.946776 
319.934322 
319.921867 
319.909411 
319.896954 
319.884497 
319.872039 
319.859580 
319.847120 
319.834660 
319.822198 
319.809736 
319.797273 
319.784810 
319.772345 
319.759880 
319.747414 
319.734947 
319.722479 
319.710011 
319.697542 
319.685072 
319.672601 
319.660129 
319.647657 
319.635184 
319.622710 
319.610235 
319.597760 
319.585283 
319.572806 
319.560328 
319.547849 
319.535370 
319.522890 
319.510409 
319.497927 
319.485444 
319.472960 
319.460476 
319.447991 
319.435505 
319.423019 
319.410531 
319.398043 
319.385554 
319.373064 
319.360573 
319.348082 
319.335590 
319.323096 
319.310603 
319.298108 
319.285613 
319.273116 
319.260619 
319.248121 
319.235623 
319.223123 
319.210623 
319.198122 
319.185620 
319.173118 
319.160614 
319.148110 
319.135605 
319.123099 
319.110593 
319.098085 
319.085577 
319.073068 
319.060558 
319.048048 
319.035536 
319.023024 
319.010511 
318.997997 
318.985482 
318.972967 
318.960451 
318.947934 
318.935416 
318.922897 
318.910378 
318.897857 
318.885336 
318.872815 
318.860292 
318.847768 
318.835244 
318.822719 
318.810193 
318.797666 
318.785139 
318.772611 
318.760082 
318.747552 
318.735021 
318.722489 
318.709957 
318.697424 
318.684890 
318.672355 
318.659820 
318.647283 
318.634746 
318.622208 
318.609669 
318.597130 
318.584589 
318.572048 
318.559506 
318.546963 
318.534420 
318.521875 
318.509330 
318.496784 
318.484237 
318.471689 
318.459141 
318.446592 
318.434042 
318.421491 
318.408939 
318.396386 
318.383833 
318.371279 
318.358724 
318.346168 
318.333611 
318.321054 
318.308496 
318.295937 
318.283377 
318.270816 
318.258255 
318.245692 
318.233129 
318.220565 
318.208001 
318.195435 
318.182869 
318.170302 
318.157734 
318.145165 
318.132595 
318.120025 
318.107453 
318.094881 
318.082308 
318.069735 
318.057160 
318.044585 
318.032009 
318.019432 
318.006854 
317.994275 
317.981696 
317.969116 
317.956535 
317.943953 
317.931370 
317.918787 
317.906202 
317.893617 
317.881031 
317.868444 
317.855857 
317.843268 
317.830679 
317.818089 
317.805498 
317.792906 
317.780314 
317.767721 
317.755126 
317.742531 
317.729936 
317.717339 
317.704742 
317.692143 
317.679544 
317.666944 
317.654344 
317.641742 
317.629140 
317.616536 
317.603932 
317.591327 
317.578722 
317.566115 
317.553508 
317.540900 
317.528291 
317.515681 
317.503070 
317.490459 
317.477847 
317.465234 
317.452620 
317.440005 
317.427389 
317.414773 
317.402156 
317.389538 
317.376919 
317.364299 
317.351678 
317.339057 
317.326435 
317.313812 
317.301188 
317.288563 
317.275938 
317.263312 
317.250684 
317.238056 
317.225428 
317.212798 
317.200167 
317.187536 
317.174904 
317.162271 
317.149637 
317.137003 
317.124367 
317.111731 
317.099094 
317.086456 
317.073817 
317.061177 
317.048537 
317.035896 
317.023253 
317.010610 
316.997967 
316.985322 
316.972677 
316.960030 
316.947383 
316.934735 
316.922087 
316.909437 
316.896786 
316.884135 
316.871483 
316.858830 
316.846176 
316.833522 
316.820866 
316.808210 
316.795553 
316.782895 
316.770236 
316.757576 
316.744916 
316.732255 
316.719592 
316.706929 
316.694266 
316.681601 
316.668935 
316.656269 
316.643602 
316.630934 
316.618265 
316.605595 
316.592925 
316.580253 
316.567581 
316.554908 
316.542234 
316.529559 
316.516884 
316.504207 
316.491530 
316.478852 
316.466173 
316.453493 
316.440813 
316.428131 
316.415449 
316.402766 
316.390082 
316.377397 
316.364711 
316.352025 
316.339337 
316.326649 
316.313960 
316.301270 
316.288580 
316.275888 
316.263196 
316.250502 
316.237808 
316.225113 
316.212417 
316.199721 
316.187023 
316.174325 
316.161626 
316.148926 
316.136225 
316.123523 
316.110820 
316.098117 
316.085413 
316.072708 
316.060002 
316.047295 
316.034587 
316.021879 
316.009169 
315.996459 
315.983748 
315.971036 
315.958323 
315.945610 
315.932895 
315.920180 
315.907464 
315.894747 
315.882029 
315.869310 
315.856591 
315.843870 
315.831149 
315.818427 
315.805704 
315.792980 
315.780255 
315.767530 
315.754804 
315.742076 
315.729348 
315.716619 
315.703889 
315.691159 
315.678427 
315.665695 
315.652962 
315.640228 
315.627493 
315.614757 
315.602020 
315.589283 
315.576545 
315.563805 
315.551065 
315.538324 
315.525583 
315.512840 
315.500097 
315.487352 
315.474607 
315.461861 
315.449114 
315.436366 
315.423618 
315.410868 
315.398118 
315.385367 
315.372615 
315.359862 
315.347108 
315.334353 
315.321598 
315.308841 
315.296084 
315.283326 
315.270567 
315.257807 
315.245047 
315.232285 
315.219523 
315.206760 
315.193996 
315.181231 
315.168465 
315.155698 
315.142930 
315.130162 
315.117393 
315.104623 
315.091852 
315.079080 
315.066307 
315.053533 
315.040759 
315.027984 
315.015207 
315.002430 
314.989652 
314.976874 
314.964094 
314.951313 
314.938532 
314.925750 
314.912967 
314.900183 
314.887398 
314.874612 
314.861826 
314.849038 
314.836250 
314.823461 
314.810671 
314.797880 
314.785088 
314.772295 
314.759502 
314.746707 
314.733912 
314.721116 
314.708319 
314.695521 
314.682722 
314.669922 
314.657122 
314.644321 
314.631518 
314.618715 
314.605911 
314.593106 
314.580301 
314.567494 
314.554687 
314.541878 
314.529069 
314.516259 
314.503448 
314.490636 
314.477823 
314.465010 
314.452195 
314.439380 
314.426564 
314.413747 
314.400929 
314.388110 
314.375290 
314.362470 
314.349648 
314.336826 
314.324003 
314.311179 
314.298354 
314.285528 
314.272701 
314.259873 
314.247045 
314.234216 
314.221385 
314.208554 
314.195722 
314.182889 
314.170056 
314.157221 
314.144385 
314.131549 
314.118712 
314.105874 
314.093035 
314.080195 
314.067354 
314.054512 
314.041670 
314.028826 
314.015982 
314.003137 
313.990291 
313.977444 
313.964596 
313.951747 
313.938897 
313.926047 
313.913196 
313.900343 
313.887490 
313.874636 
313.861781 
313.848925 
313.836069 
313.823211 
313.810353 
313.797493 
313.784633 
313.771772 
313.758910 
313.746047 
313.733183 
313.720319 
313.707453 
313.694587 
313.681719 
313.668851 
313.655982 
313.643112 
313.630241 
313.617369 
313.604497 
313.591623 
313.578749 
313.565873 
313.552997 
313.540120 
313.527242 
313.514363 
313.501484 
313.488603 
313.475721 
313.462839 
313.449956 
313.437071 
313.424186 
313.411300 
313.398413 
313.385525 
313.372637 
313.359747 
313.346857 
313.333965 
313.321073 
313.308180 
313.295286 
313.282391 
313.269495 
313.256598 
313.243701 
313.230802 
313.217903 
313.205003 
313.192101 
313.179199 
313.166296 
313.153392 
313.140488 
313.127582 
313.114675 
313.101768 
313.088859 
313.075950 
313.063040 
313.050129 
313.037217 
313.024304 
313.011390 
312.998476 
312.985560 
312.972643 
312.959726 
312.946808 
312.933889 
312.920969 
312.908048 
312.895126 
312.882203 
312.869279 
312.856355 
312.843429 
312.830503 
312.817575 
312.804647 
312.791718 
312.778788 
312.765857 
312.752926 
312.739993 
312.727059 
312.714125 
312.701189 
312.688253 
312.675316 
312.662378 
312.649439 
312.636499 
312.623558 
312.610616 
312.597673 
312.584730 
312.571785 
312.558840 
312.545894 
312.532946 
312.519998 
312.507049 
312.494099 
312.481148 
312.468197 
312.455244 
312.442291 
312.429336 
312.416381 
312.403424 
312.390467 
312.377509 
312.364550 
312.351590 
312.338629 
312.325668 
312.312705 
312.299741 
312.286777 
312.273811 
312.260845 
312.247878 
312.234910 
312.221941 
312.208971 
312.196000 
312.183028 
312.170055 
312.157082 
312.144107 
312.131132 
312.118155 
312.105178 
312.092200 
312.079221 
312.066241 
312.053260 
312.040278 
312.027295 
312.014312 
312.001327 
311.988341 
311.975355 
311.962368 
311.949379 
311.936390 
311.923400 
311.910409 
311.897417 
311.884424 
311.871430 
311.858436 
311.845440 
311.832443 
311.819446 
311.806448 
311.793448 
311.780448 
311.767447 
311.754445 
311.741442 
311.728438 
311.715433 
311.702427 
311.689421 
311.676413 
311.663405 
311.650395 
311.637385 
311.624373 
311.611361 
311.598348 
311.585334 
311.572319 
311.559303 
311.546286 
311.533268 
311.520250 
311.507230 
311.494210 
311.481188 
311.468166 
311.455142 
311.442118 
311.429093 
311.416067 
311.403040 
311.390012 
311.376983 
311.363953 
311.350922 
311.337891 
311.324858 
311.311824 
311.298790 
311.285755 
311.272718 
311.259681 
311.246643 
311.233604 
311.220564 
311.207523 
311.194481 
311.181438 
311.168394 
311.155349 
311.142304 
311.129257 
311.116210 
311.103161 
311.090112 
311.077061 
311.064010 
311.050958 
311.037905 
311.024851 
311.011796 
310.998740 
310.985683 
310.972625 
310.959567 
310.946507 
310.933446 
310.920385 
310.907322 
310.894259 
310.881195 
310.868129 
310.855063 
310.841996 
310.828928 
310.815859 
310.802789 
310.789718 
310.776646 
310.763573 
310.750500 
310.737425 
310.724349 
310.711273 
310.698195 
310.685117 
310.672037 
310.658957 
310.645876 
310.632794 
310.619710 
310.606626 
310.593541 
310.580455 
310.567368 
310.554281 
310.541192 
310.528102 
310.515011 
310.501920 
310.488827 
310.475734 
310.462639 
310.449544 
310.436447 
310.423350 
310.410252 
310.397153 
310.384052 
310.370951 
310.357849 
310.344746 
310.331642 
310.318538 
310.305432 
310.292325 
310.279217 
310.266109 
310.252999 
310.239888 
310.226777 
310.213664 
310.200551 
310.187437 
310.174321 
310.161205 
310.148088 
310.134970 
310.121850 
310.108730 
310.095609 
310.082487 
310.069364 
310.056240 
310.043116 
310.029990 
310.016863 
310.003735 
309.990607 
309.977477 
309.964347 
309.951215 
309.938083 
309.924949 
309.911815 
309.898679 
309.885543 
309.872406 
309.859268 
309.846128 
309.832988 
309.819847 
309.806705 
309.793562 
309.780418 
309.767273 
309.754128 
309.740981 
309.727833 
309.714684 
309.701534 
309.688384 
309.675232 
309.662080 
309.648926 
309.635772 
309.622616 
309.609460 
309.596302 
309.583144 
309.569985 
309.556824 
309.543663 
309.530501 
309.517338 
309.504174 
309.491008 
309.477842 
309.464675 
309.451507 
309.438338 
309.425169 
309.411998 
309.398826 
309.385653 
309.372479 
309.359304 
309.346129 
309.332952 
309.319774 
309.306596 
309.293416 
309.280236 
309.267054 
309.253872 
309.240688 
309.227504 
309.214318 
309.201132 
309.187945 
309.174757 
309.161567 
309.148377 
309.135186 
309.121994 
309.108801 
309.095606 
309.082411 
309.069215 
309.056018 
309.042820 
309.029621 
309.016421 
309.003220 
308.990019 
308.976816 
308.963612 
308.950407 
308.937201 
308.923994 
308.910787 
308.897578 
308.884368 
308.871158 
308.857946 
308.844733 
308.831520 
308.818305 
308.805090 
308.791873 
308.778656 
308.765437 
308.752218 
308.738997 
308.725776 
308.712554 
308.699330 
308.686106 
308.672881 
308.659654 
308.646427 
308.633199 
308.619969 
308.606739 
308.593508 
308.580276 
308.567043 
308.553808 
308.540573 
308.527337 
308.514100 
308.500862 
308.487623 
308.474383 
308.461142 
308.447900 
308.434657 
308.421413 
308.408168 
308.394922 
308.381675 
308.368427 
308.355178 
308.341928 
308.328678 
308.315426 
308.302173 
308.288919 
308.275664 
308.262408 
308.249152 
308.235894 
308.222635 
308.209375 
308.196114 
308.182853 
308.169590 
308.156326 
308.143062 
308.129796 
308.116529 
308.103262 
308.089993 
308.076723 
308.063453 
308.050181 
308.036908 
308.023635 
308.010360 
307.997084 
307.983808 
307.970530 
307.957252 
307.943972 
307.930691 
307.917410 
307.904127 
307.890844 
307.877559 
307.864274 
307.850987 
307.837700 
307.824411 
307.811121 
307.797831 
307.784539 
307.771247 
307.757953 
307.744659 
307.731363 
307.718067 
307.704769 
307.691471 
307.678171 
307.664871 
307.651569 
307.638267 
307.624963 
307.611659 
307.598353 
307.585047 
307.571739 
307.558431 
307.545121 
307.531811 
307.518499 
307.505187 
307.491873 
307.478558 
307.465243 
307.451926 
307.438609 
307.425290 
307.411971 
307.398650 
307.385329 
307.372006 
307.358682 
307.345358 
307.332032 
307.318706 
307.305378 
307.292050 
307.278720 
307.265389 
307.252058 
307.238725 
307.225391 
307.212057 
307.198721 
307.185384 
307.172047 
307.158708 
307.145368 
307.132028 
307.118686 
307.105343 
307.092000 
307.078655 
307.065309 
307.051962 
307.038614 
307.025266 
307.011916 
306.998565 
306.985213 
306.971860 
306.958507 
306.945152 
306.931796 
306.918439 
306.905081 
306.891722 
306.878362 
306.865001 
306.851639 
306.838276 
306.824912 
306.811547 
306.798181 
306.784814 
306.771446 
306.758077 
306.744707 
306.731336 
306.717963 
306.704590 
306.691216 
306.677841 
306.664465 
306.651087 
306.637709 
306.624330 
306.610950 
306.597568 
306.584186 
306.570802 
306.557418 
306.544033 
306.530646 
306.517259 
306.503870 
306.490481 
306.477090 
306.463699 
306.450306 
306.436913 
306.423518 
306.410122 
306.396726 
306.383328 
306.369929 
306.356529 
306.343129 
306.329727 
306.316324 
306.302920 
306.289515 
306.276109 
306.262702 
306.249294 
306.235885 
306.222475 
306.209064 
306.195652 
306.182239 
306.168825 
306.155410 
306.141994 
306.128576 
306.115158 
306.101739 
306.088318 
306.074897 
306.061475 
306.048051 
306.034627 
306.021201 
306.007775 
305.994347 
305.980919 
305.967489 
305.954058 
305.940627 
305.927194 
305.913760 
305.900325 
305.886889 
305.873453 
305.860015 
305.846576 
305.833136 
305.819695 
305.806253 
305.792810 
305.779365 
305.765920 
305.752474 
305.739027 
305.725578 
305.712129 
305.698679 
305.685227 
305.671775 
305.658321 
305.644867 
305.631411 
305.617955 
305.604497 
305.591038 
305.577579 
305.564118 
305.550656 
305.537193 
305.523729 
305.510264 
305.496798 
305.483331 
305.469863 
305.456394 
305.442924 
305.429453 
305.415980 
305.402507 
305.389033 
305.375557 
305.362081 
305.348603 
305.335125 
305.321645 
305.308165 
305.294683 
305.281200 
305.267716 
305.254231 
305.240746 
305.227259 
305.213771 
305.200282 
305.186791 
305.173300 
305.159808 
305.146315 
305.132821 
305.119325 
305.105829 
305.092331 
305.078833 
305.065333 
305.051833 
305.038331 
305.024828 
305.011325 
304.997820 
304.984314 
304.970807 
304.957299 
304.943790 
304.930280 
304.916769 
304.903256 
304.889743 
304.876229 
304.862713 
304.849197 
304.835679 
304.822161 
304.808641 
304.795120 
304.781599 
304.768076 
304.754552 
304.741027 
304.727501 
304.713974 
304.700446 
304.686917 
304.673387 
304.659855 
304.646323 
304.632790 
304.619255 
304.605720 
304.592183 
304.578645 
304.565107 
304.551567 
304.538026 
304.524484 
304.510941 
304.497397 
304.483852 
304.470306 
304.456758 
304.443210 
304.429661 
304.416110 
304.402559 
304.389006 
304.375452 
304.361898 
304.348342 
304.334785 
304.321227 
304.307668 
304.294108 
304.280547 
304.266985 
304.253421 
304.239857 
304.226291 
304.212725 
304.199157 
304.185589 
304.172019 
304.158448 
304.144876 
304.131303 
304.117729 
304.104154 
304.090578 
304.077001 
304.063423 
304.049843 
304.036263 
304.022681 
304.009099 
303.995515 
303.981930 
303.968344 
303.954757 
303.941169 
303.927580 
303.913990 
303.900399 
303.886806 
303.873213 
303.859619 
303.846023 
303.832426 
303.818829 
303.805230 
303.791630 
303.778029 
303.764427 
303.750824 
303.737220 
303.723614 
303.710008 
303.696401 
303.682792 
303.669182 
303.655572 
303.641960 
303.628347 
303.614733 
303.601118 
303.587502 
303.573885 
303.560266 
303.546647 
303.533026 
303.519405 
303.505782 
303.492159 
303.478534 
303.464908 
303.451281 
303.437653 
303.424023 
303.410393 
303.396762 
303.383129 
303.369496 
303.355861 
303.342225 
303.328589 
303.314951 
303.301312 
303.287672 
303.274030 
303.260388 
303.246745 
303.233100 
303.219455 
303.205808 
303.192160 
303.178512 
303.164862 
303.151211 
303.137558 
303.123905 
303.110251 
303.096595 
303.082939 
303.069281 
303.055623 
303.041963 
303.028302 
303.014640 
303.000977 
302.987313 
302.973647 
302.959981 
302.946313 
302.932645 
302.918975 
302.905304 
302.891632 
302.877959 
302.864285 
302.850610 
302.836934 
302.823256 
302.809578 
302.795898 
302.782217 
302.768536 
302.754853 
302.741169 
302.727483 
302.713797 
302.700110 
302.686421 
302.672732 
302.659041 
302.645349 
302.631656 
302.617962 
302.604267 
302.590571 
302.576874 
302.563175 
302.549476 
302.535775 
302.522073 
302.508371 
302.494667 
302.480961 
302.467255 
302.453548 
302.439840 
302.426130 
302.412419 
302.398708 
302.384995 
302.371281 
302.357566 
302.343849 
302.330132 
302.316414 
302.302694 
302.288973 
302.275252 
302.261529 
302.247805 
302.234079 
302.220353 
302.206626 
302.192897 
302.179168 
302.165437 
302.151705 
302.137972 
302.124238 
302.110503 
302.096767 
302.083029 
302.069291 
302.055551 
302.041810 
302.028068 
302.014325 
302.000581 
301.986836 
301.973089 
301.959342 
301.945593 
301.931843 
301.918092 
301.904340 
301.890587 
301.876833 
301.863077 
301.849321 
301.835563 
301.821805 
301.808045 
301.794284 
301.780521 
301.766758 
301.752994 
301.739228 
301.725461 
301.711694 
301.697925 
301.684155 
301.670383 
301.656611 
301.642838 
301.629063 
301.615287 
301.601511 
301.587733 
301.573953 
301.560173 
301.546392 
301.532609 
301.518826 
301.505041 
301.491255 
301.477468 
301.463680 
301.449890 
301.436100 
301.422308 
301.408516 
301.394722 
301.380927 
301.367131 
301.353334 
301.339535 
301.325736 
301.311935 
301.298133 
301.284330 
301.270526 
301.256721 
301.242914 
301.229107 
301.215298 
301.201488 
301.187678 
301.173865 
301.160052 
301.146238 
301.132422 
301.118606 
301.104788 
301.090969 
301.077149 
301.063328 
301.049505 
301.035682 
301.021857 
301.008031 
300.994204 
300.980376 
300.966547 
300.952717 
300.938885 
300.925053 
300.911219 
300.897384 
300.883548 
300.869710 
300.855872 
300.842032 
300.828192 
300.814350 
300.800507 
300.786663 
300.772817 
300.758971 
300.745123 
300.731274 
300.717424 
300.703573 
300.689721 
300.675868 
300.662013 
300.648157 
300.634301 
300.620443 
300.606583 
300.592723 
300.578862 
300.564999 
300.551135 
300.537270 
300.523404 
300.509537 
300.495669 
300.481799 
300.467928 
300.454056 
300.440183 
300.426309 
300.412434 
300.398557 
300.384680 
300.370801 
300.356921 
300.343039 
300.329157 
300.315274 
300.301389 
300.287503 
300.273616 
300.259728 
300.245839 
300.231948 
300.218057 
300.204164 
300.190270 
300.176375 
300.162478 
300.148581 
300.134682 
300.120783 
300.106882 
300.092979 
300.079076 
300.065172 
300.051266 
300.037359 
300.023451 
300.009542 
299.995632 
299.981720 
299.967808 
299.953894 
299.939979 
299.926063 
299.912145 
299.898227 
299.884307 
299.870386 
299.856464 
299.842541 
299.828617 
299.814691 
299.800764 
299.786836 
299.772907 
299.758977 
299.745046 
299.731113 
299.717179 
299.703244 
299.689308 
299.675371 
299.661432 
299.647493 
299.633552 
299.619610 
299.605666 
299.591722 
299.577776 
299.563830 
299.549882 
299.535933 
299.521982 
299.508031 
299.494078 
299.480124 
299.466169 
299.452213 
299.438256 
299.424297 
299.410337 
299.396376 
299.382414 
299.368451 
299.354486 
299.340521 
299.326554 
299.312586 
299.298616 
299.284646 
299.270674 
299.256702 
299.242728 
299.228752 
299.214776 
299.200798 
299.186820 
299.172840 
299.158859 
299.144876 
299.130893 
299.116908 
299.102922 
299.088935 
299.074947 
299.060957 
299.046966 
299.032975 
299.018981 
299.004987 
298.990992 
298.976995 
298.962997 
298.948998 
298.934998 
298.920996 
298.906994 
298.892990 
298.878985 
298.864979 
298.850971 
298.836963 
298.822953 
298.808942 
298.794929 
298.780916 
298.766901 
298.752886 
298.738868 
298.724850 
298.710831 
298.696810 
298.682788 
298.668765 
298.654741 
298.640716 
298.626689 
298.612661 
298.598632 
298.584602 
298.570570 
298.556537 
298.542504 
298.528468 
298.514432 
298.500395 
298.486356 
298.472316 
298.458275 
298.444232 
298.430189 
298.416144 
298.402098 
298.388051 
298.374002 
298.359953 
298.345902 
298.331850 
298.317797 
298.303742 
298.289687 
298.275630 
298.261572 
298.247512 
298.233452 
298.219390 
298.205327 
298.191263 
298.177197 
298.163131 
298.149063 
298.134994 
298.120924 
298.106852 
298.092780 
298.078706 
298.064630 
298.050554 
298.036477 
298.022398 
298.008318 
297.994236 
297.980154 
297.966070 
297.951985 
297.937899 
297.923812 
297.909723 
297.895634 
297.881543 
297.867450 
297.853357 
297.839262 
297.825166 
297.811069 
297.796971 
297.782871 
297.768770 
297.754668 
297.740565 
297.726461 
297.712355 
297.698248 
297.684140 
297.670030 
297.655920 
297.641808 
297.627695 
297.613580 
297.599465 
297.585348 
297.571230 
297.557111 
297.542990 
297.528868 
297.514745 
297.500621 
297.486496 
297.472369 
297.458241 
297.444112 
297.429982 
297.415850 
297.401717 
297.387583 
297.373448 
297.359311 
297.345174 
297.331035 
297.316894 
297.302753 
297.288610 
297.274466 
297.260321 
297.246174 
297.232027 
297.217878 
297.203727 
297.189576 
297.175423 
297.161269 
297.147114 
297.132958 
297.118800 
297.104641 
297.090481 
297.076320 
297.062157 
297.047993 
297.033828 
297.019662 
297.005494 
296.991325 
296.977155 
296.962984 
296.948811 
296.934638 
296.920462 
296.906286 
296.892108 
296.877930 
296.863750 
296.849568 
296.835386 
296.821202 
296.807017 
296.792830 
296.778643 
296.764454 
296.750264 
296.736072 
296.721880 
296.707686 
296.693491 
296.679294 
296.665097 
296.650898 
296.636698 
296.622496 
296.608293 
296.594090 
296.579884 
296.565678 
296.551470 
296.537261 
296.523051 
296.508839 
296.494627 
296.480413 
296.466197 
296.451981 
296.437763 
296.423544 
296.409324 
296.395102 
296.380879 
296.366655 
296.352430 
296.338203 
296.323975 
296.309746 
296.295516 
296.281284 
296.267051 
296.252817 
296.238581 
296.224344 
296.210106 
296.195867 
296.181627 
296.167385 
296.153142 
296.138897 
296.124652 
296.110405 
296.096156 
296.081907 
296.067656 
296.053404 
296.039151 
296.024896 
296.010640 
295.996383 
295.982125 
295.967865 
295.953604 
295.939342 
295.925079 
295.910814 
295.896548 
295.882280 
295.868012 
295.853742 
295.839471 
295.825198 
295.810925 
295.796650 
295.782373 
295.768096 
295.753817 
295.739537 
295.725255 
295.710973 
295.696689 
295.682404 
295.668117 
295.653829 
295.639540 
295.625250 
295.610958 
295.596665 
295.582371 
295.568075 
295.553779 
295.539480 
295.525181 
295.510880 
295.496578 
295.482275 
295.467971 
295.453665 
295.439358 
295.425049 
295.410740 
295.396429 
295.382116 
295.367803 
295.353488 
295.339172 
295.324854 
295.310536 
295.296216 
295.281894 
295.267572 
295.253248 
295.238922 
295.224596 
295.210268 
295.195939 
295.181609 
295.167277 
295.152944 
295.138610 
295.124274 
295.109937 
295.095599 
295.081259 
295.066919 
295.052577 
295.038233 
295.023888 
295.009542 
294.995195 
294.980847 
294.966497 
294.952145 
294.937793 
294.923439 
294.909084 
294.894728 
294.880370 
294.866011 
294.851650 
294.837289 
294.822926 
294.808562 
294.794196 
294.779829 
294.765461 
294.751091 
294.736721 
294.722349 
294.707975 
294.693600 
294.679224 
294.664847 
294.650468 
294.636088 
294.621707 
294.607324 
294.592940 
294.578555 
294.564169 
294.549781 
294.535392 
294.521001 
294.506609 
294.492216 
294.477822 
294.463426 
294.449029 
294.434631 
294.420231 
294.405830 
294.391427 
294.377024 
294.362619 
294.348212 
294.333805 
294.319396 
294.304985 
294.290574 
294.276161 
294.261747 
294.247331 
294.232914 
294.218496 
294.204076 
294.189656 
294.175233 
294.160810 
294.146385 
294.131959 
294.117531 
294.103102 
294.088672 
294.074241 
294.059808 
294.045374 
294.030938 
294.016502 
294.002063 
293.987624 
293.973183 
293.958741 
293.944298 
293.929853 
293.915407 
293.900959 
293.886510 
293.872060 
293.857609 
293.843156 
293.828702 
293.814246 
293.799789 
293.785331 
293.770872 
293.756411 
293.741949 
293.727485 
293.713020 
293.698554 
293.684087 
293.669618 
293.655148 
293.640676 
293.626203 
293.611729 
293.597253 
293.582777 
293.568298 
293.553819 
293.539338 
293.524855 
293.510372 
293.495887 
293.481400 
293.466913 
293.452424 
293.437933 
293.423442 
293.408949 
293.394454 
293.379958 
293.365461 
293.350963 
293.336463 
293.321962 
293.307459 
293.292955 
293.278450 
293.263944 
293.249436 
293.234927 
293.220416 
293.205904 
293.191391 
293.176876 
293.162360 
293.147842 
293.133324 
293.118804 
293.104282 
293.089759 
293.075235 
293.060709 
293.046183 
293.031654 
293.017125 
293.002594 
292.988061 
292.973528 
292.958993 
292.944456 
292.929918 
292.915379 
292.900839 
292.886297 
292.871753 
292.857209 
292.842663 
292.828116 
292.813567 
292.799017 
292.784465 
292.769912 
292.755358 
292.740803 
292.726246 
292.711688 
292.697128 
292.682567 
292.668004 
292.653441 
292.638876 
292.624309 
292.609741 
292.595172 
292.580601 
292.566029 
292.551456 
292.536881 
292.522305 
292.507728 
292.493149 
292.478568 
292.463987 
292.449404 
292.434819 
292.420234 
292.405646 
292.391058 
292.376468 
292.361877 
292.347284 
292.332690 
292.318095 
292.303498 
292.288900 
292.274300 
292.259699 
292.245097 
292.230493 
292.215888 
292.201282 
292.186674 
292.172064 
292.157454 
292.142842 
292.128228 
292.113614 
292.098997 
292.084380 
292.069761 
292.055141 
292.040519 
292.025896 
292.011271 
291.996645 
291.982018 
291.967389 
291.952759 
291.938128 
291.923495 
291.908860 
291.894225 
291.879588 
291.864949 
291.850309 
291.835668 
291.821026 
291.806382 
291.791736 
291.777089 
291.762441 
291.747791 
291.733140 
291.718488 
291.703834 
291.689179 
291.674522 
291.659864 
291.645205 
291.630544 
291.615882 
291.601218 
291.586553 
291.571887 
291.557219 
291.542550 
291.527879 
291.513207 
291.498533 
291.483858 
291.469182 
291.454505 
291.439825 
291.425145 
291.410463 
291.395780 
291.381095 
291.366409 
291.351721 
291.337032 
291.322342 
291.307650 
291.292957 
291.278262 
291.263566 
291.248869 
291.234170 
291.219470 
291.204768 
291.190065 
291.175360 
291.160654 
291.145947 
291.131238 
291.116528 
291.101816 
291.087103 
291.072389 
291.057673 
291.042956 
291.028237 
291.013517 
290.998795 
290.984072 
290.969348 
290.954622 
290.939895 
290.925166 
290.910436 
290.895704 
290.880972 
290.866237 
290.851501 
290.836764 
290.822025 
290.807285 
290.792544 
290.777801 
290.763056 
290.748311 
290.733563 
290.718815 
290.704065 
290.689313 
290.674560 
290.659806 
290.645050 
290.630293 
290.615534 
290.600774 
290.586012 
290.571249 
290.556485 
290.541719 
290.526952 
290.512183 
290.497413 
290.482641 
290.467868 
290.453093 
290.438318 
290.423540 
290.408761 
290.393981 
290.379199 
290.364416 
290.349632 
290.334845 
290.320058 
290.305269 
290.290479 
290.275687 
290.260894 
290.246099 
290.231303 
290.216505 
290.201706 
290.186906 
290.172104 
290.157300 
290.142495 
290.127689 
290.112881 
290.098072 
290.083261 
290.068449 
290.053636 
290.038821 
290.024004 
290.009186 
289.994367 
289.979546 
289.964724 
289.949900 
289.935075 
289.920248 
289.905420 
289.890591 
289.875760 
289.860927 
289.846093 
289.831258 
289.816421 
289.801583 
289.786743 
289.771902 
289.757059 
289.742215 
289.727369 
289.712522 
289.697673 
289.682823 
289.667972 
289.653119 
289.638264 
289.623409 
289.608551 
289.593692 
289.578832 
289.563970 
289.549107 
289.534242 
289.519376 
289.504509 
289.489639 
289.474769 
289.459897 
289.445023 
289.430148 
289.415272 
289.400394 
289.385514 
289.370633 
289.355751 
289.340867 
289.325982 
289.311095 
289.296207 
289.281317 
289.266426 
289.251533 
289.236639 
289.221743 
289.206846 
289.191947 
289.177047 
289.162146 
289.147243 
289.132338 
289.117432 
289.102524 
289.087615 
289.072705 
289.057793 
289.042879 
289.027964 
289.013048 
288.998130 
288.983211 
288.968290 
288.953367 
288.938443 
288.923518 
288.908591 
288.893663 
288.878733 
288.863802 
288.848869 
288.833934 
288.818999 
288.804061 
288.789122 
288.774182 
288.759240 
288.744297 
288.729352 
288.714406 
288.699458 
288.684509 
288.669558 
288.654606 
288.639652 
288.624697 
288.609740 
288.594782 
288.579822 
288.564860 
288.549898 
288.534933 
288.519968 
288.505000 
288.490031 
288.475061 
288.460089 
288.445116 
288.430141 
288.415165 
288.400187 
288.385208 
288.370227 
288.355244 
288.340260 
288.325275 
288.310288 
288.295300 
288.280310 
288.265318 
288.250325 
288.235331 
288.220335 
288.205337 
288.190338 
288.175338 
288.160336 
288.145332 
288.130327 
288.115320 
288.100312 
288.085303 
288.070292 
288.055279 
288.040265 
288.025249 
288.010232 
287.995213 
287.980193 
287.965171 
287.950148 
287.935123 
287.920096 
287.905068 
287.890039 
287.875008 
287.859976 
287.844942 
287.829906 
287.814869 
287.799830 
287.784790 
287.769749 
287.754705 
287.739661 
287.724614 
287.709567 
287.694517 
287.679467 
287.664414 
287.649360 
287.634305 
287.619248 
287.604189 
287.589129 
287.574068 
287.559005 
287.543940 
287.528874 
287.513806 
287.498737 
287.483666 
287.468594 
287.453520 
287.438444 
287.423367 
287.408289 
287.393209 
287.378127 
287.363044 
287.347959 
287.332873 
287.317785 
287.302696 
287.287605 
287.272513 
287.257419 
287.242323 
287.227226 
287.212127 
287.197027 
287.181926 
287.166822 
287.151717 
287.136611 
287.121503 
287.106394 
287.091283 
287.076170 
287.061056 
287.045940 
287.030823 
287.015704 
287.000584 
286.985462 
286.970338 
286.955213 
286.940087 
286.924959 
286.909829 
286.894698 
286.879565 
286.864430 
286.849294 
286.834157 
286.819018 
286.803877 
286.788735 
286.773591 
286.758446 
286.743299 
286.728150 
286.713000 
286.697849 
286.682696 
286.667541 
286.652385 
286.637227 
286.622067 
286.606906 
286.591744 
286.576579 
286.561414 
286.546246 
286.531077 
286.515907 
286.500735 
286.485561 
286.470386 
286.455209 
286.440031 
286.424851 
286.409670 
286.394487 
286.379302 
286.364116 
286.348928 
286.333738 
286.318547 
286.303355 
286.288161 
286.272965 
286.257768 
286.242569 
286.227368 
286.212166 
286.196963 
286.181757 
286.166551 
286.151342 
286.136132 
286.120921 
286.105707 
286.090493 
286.075276 
286.060058 
286.044839 
286.029618 
286.014395 
285.999171 
285.983945 
285.968717 
285.953488 
285.938257 
285.923025 
285.907791 
285.892556 
285.877319 
285.862080 
285.846840 
285.831598 
285.816354 
285.801109 
285.785863 
285.770614 
285.755364 
285.740113 
285.724860 
285.709605 
285.694349 
285.679091 
285.663831 
285.648570 
285.633308 
285.618043 
285.602777 
285.587510 
285.572241 
285.556970 
285.541698 
285.526424 
285.511148 
285.495871 
285.480592 
285.465312 
285.450030 
285.434746 
285.419461 
285.404174 
285.388885 
285.373595 
285.358303 
285.343010 
285.327715 
285.312418 
285.297120 
285.281820 
285.266519 
285.251216 
285.235911 
285.220605 
285.205297 
285.189987 
285.174676 
285.159363 
285.144049 
285.128733 
285.113415 
285.098096 
285.082775 
285.067452 
285.052128 
285.036802 
285.021475 
285.006146 
284.990815 
284.975483 
284.960149 
284.944813 
284.929476 
284.914137 
284.898797 
284.883455 
284.868111 
284.852765 
284.837418 
284.822070 
284.806719 
284.791367 
284.776014 
284.760658 
284.745302 
284.729943 
284.714583 
284.699221 
284.683858 
284.668493 
284.653126 
284.637757 
284.622387 
284.607016 
284.591642 
284.576267 
284.560891 
284.545513 
284.530133 
284.514751 
284.499368 
284.483983 
284.468597 
284.453208 
284.437819 
284.422427 
284.407034 
284.391639 
284.376243 
284.360845 
284.345445 
284.330044 
284.314641 
284.299236 
284.283830 
284.268422 
284.253012 
284.237601 
284.222188 
284.206773 
284.191357 
284.175939 
284.160519 
284.145098 
284.129675 
284.114250 
284.098824 
284.083396 
284.067966 
284.052535 
284.037102 
284.021667 
284.006231 
283.990793 
283.975353 
283.959912 
283.944469 
283.929024 
283.913578 
283.898130 
283.882680 
283.867229 
283.851776 
283.836321 
283.820865 
283.805407 
283.789947 
283.774486 
283.759023 
283.743558 
283.728092 
283.712624 
283.697154 
283.681682 
283.666209 
283.650734 
283.635258 
283.619780 
283.604300 
283.588818 
283.573335 
283.557850 
283.542363 
283.526875 
283.511385 
283.495893 
283.480400 
283.464905 
283.449408 
283.433909 
283.418409 
283.402907 
283.387404 
283.371899 
283.356392 
283.340883 
283.325373 
283.309861 
283.294347 
283.278832 
283.263315 
283.247796 
283.232275 
283.216753 
283.201229 
283.185704 
283.170176 
283.154647 
283.139117 
283.123584 
283.108050 
283.092514 
283.076977 
283.061437 
283.045896 
283.030354 
283.014809 
282.999263 
282.983716 
282.968166 
282.952615 
282.937062 
282.921507 
282.905951 
282.890393 
282.874833 
282.859272 
282.843709 
282.828144 
282.812577 
282.797009 
282.781439 
282.765867 
282.750293 
282.734718 
282.719141 
282.703563 
282.687982 
282.672400 
282.656816 
282.641231 
282.625644 
282.610055 
282.594464 
282.578872 
282.563277 
282.547681 
282.532084 
282.516485 
282.500883 
282.485281 
282.469676 
282.454070 
282.438462 
282.422852 
282.407241 
282.391628 
282.376013 
282.360396 
282.344778 
282.329157 
282.313536 
282.297912 
282.282287 
282.266660 
282.251031 
282.235400 
282.219768 
282.204134 
282.188498 
282.172861 
282.157221 
282.141580 
282.125938 
282.110293 
282.094647 
282.078999 
282.063349 
282.047698 
282.032044 
282.016389 
282.000733 
281.985074 
281.969414 
281.953752 
281.938088 
281.922423 
281.906756 
281.891087 
281.875416 
281.859743 
281.844069 
281.828393 
281.812715 
281.797036 
281.781354 
281.765671 
281.749987 
281.734300 
281.718612 
281.702922 
281.687230 
281.671536 
281.655841 
281.640144 
281.624445 
281.608744 
281.593042 
281.577337 
281.561631 
281.545924 
281.530214 
281.514503 
281.498790 
281.483075 
281.467358 
281.451640 
281.435920 
281.420198 
281.404474 
281.388749 
281.373022 
281.357293 
281.341562 
281.325829 
281.310095 
281.294359 
281.278621 
281.262881 
281.247140 
281.231397 
281.215651 
281.199905 
281.184156 
281.168406 
281.152654 
281.136900 
281.121144 
281.105386 
281.089627 
281.073866 
281.058103 
281.042338 
281.026572 
281.010804 
280.995034 
280.979262 
280.963488 
280.947713 
280.931935 
280.916156 
280.900376 
280.884593 
280.868809 
280.853022 
280.837234 
280.821445 
280.805653 
280.789860 
280.774064 
280.758267 
280.742469 
280.726668 
280.710866 
280.695061 
280.679255 
280.663447 
280.647638 
280.631826 
280.616013 
280.600198 
280.584381 
280.568562 
280.552742 
280.536920 
280.521096 
280.505270 
280.489442 
280.473612 
280.457781 
280.441948 
280.426113 
280.410276 
280.394437 
280.378597 
280.362755 
280.346910 
280.331065 
280.315217 
280.299367 
280.283516 
280.267663 
280.251808 
280.235951 
280.220092 
280.204232 
280.188369 
280.172505 
280.156639 
280.140771 
280.124902 
280.109030 
280.093157 
280.077282 
280.061405 
280.045526 
280.029645 
280.013763 
279.997879 
279.981992 
279.966104 
279.950215 
279.934323 
279.918429 
279.902534 
279.886637 
279.870738 
279.854837 
279.838934 
279.823030 
279.807123 
279.791215 
279.775305 
279.759393 
279.743480 
279.727564 
279.711646 
279.695727 
279.679806 
279.663883 
279.647958 
279.632031 
279.616103 
279.600172 
279.584240 
279.568306 
279.552370 
279.536432 
279.520493 
279.504551 
279.488608 
279.472662 
279.456715 
279.440766 
279.424815 
279.408863 
279.392908 
279.376952 
279.360993 
279.345033 
279.329071 
279.313107 
279.297142 
279.281174 
279.265205 
279.249233 
279.233260 
279.217285 
279.201308 
279.185329 
279.169348 
279.153366 
279.137381 
279.121395 
279.105407 
279.089417 
279.073425 
279.057431 
279.041435 
279.025438 
279.009438 
278.993437 
278.977434 
278.961429 
278.945422 
278.929413 
278.913402 
278.897389 
278.881375 
278.865358 
278.849340 
278.833320 
278.817298 
278.801274 
278.785248 
278.769220 
278.753191 
278.737159 
278.721126 
278.705090 
278.689053 
278.673014 
278.656973 
278.640930 
278.624885 
278.608839 
278.592790 
278.576740 
278.560687 
278.544633 
278.528577 
278.512519 
278.496459 
278.480397 
278.464333 
278.448267 
278.432200 
278.416130 
278.400059 
278.383985 
278.367910 
278.351833 
278.335754 
278.319673 
278.303590 
278.287505 
278.271419 
278.255330 
278.239240 
278.223147 
278.207053 
278.190956 
278.174858 
278.158758 
278.142656 
278.126552 
278.110446 
278.094338 
278.078229 
278.062117 
278.046003 
278.029888 
278.013771 
277.997651 
277.981530 
277.965407 
277.949282 
277.933154 
277.917025 
277.900895 
277.884762 
277.868627 
277.852490 
277.836352 
277.820211 
277.804068 
277.787924 
277.771778 
277.755629 
277.739479 
277.723327 
277.707173 
277.691017 
277.674859 
277.658699 
277.642537 
277.626373 
277.610207 
277.594039 
277.577870 
277.561698 
277.545524 
277.529349 
277.513171 
277.496992 
277.480810 
277.464627 
277.448442 
277.432255 
277.416065 
277.399874 
277.383681 
277.367486 
277.351289 
277.335090 
277.318889 
277.302686 
277.286481 
277.270275 
277.254066 
277.237855 
277.221642 
277.205428 
277.189211 
277.172992 
277.156772 
277.140549 
277.124325 
277.108098 
277.091870 
277.075640 
277.059407 
277.043173 
277.026936 
277.010698 
276.994458 
276.978216 
276.961971 
276.945725 
276.929477 
276.913227 
276.896975 
276.880721 
276.864465 
276.848207 
276.831946 
276.815684 
276.799420 
276.783154 
276.766886 
276.750616 
276.734345 
276.718071 
276.701795 
276.685517 
276.669237 
276.652955 
276.636671 
276.620385 
276.604097 
276.587807 
276.571515 
276.555222 
276.538926 
276.522628 
276.506328 
276.490026 
276.473722 
276.457416 
276.441109 
276.424799 
276.408487 
276.392173 
276.375857 
276.359539 
276.343219 
276.326898 
276.310574 
276.294248 
276.277920 
276.261590 
276.245258 
276.228924 
276.212588 
276.196250 
276.179910 
276.163568 
276.147224 
276.130878 
276.114530 
276.098180 
276.081828 
276.065474 
276.049118 
276.032760 
276.016399 
276.000037 
275.983673 
275.967307 
275.950938 
275.934568 
275.918196 
275.901821 
275.885445 
275.869067 
275.852686 
275.836304 
275.819919 
275.803533 
275.787144 
275.770754 
275.754361 
275.737966 
275.721570 
275.705171 
275.688770 
275.672367 
275.655962 
275.639555 
275.623147 
275.606736 
275.590323 
275.573907 
275.557490 
275.541071 
275.524650 
275.508227 
275.491801 
275.475374 
275.458945 
275.442513 
275.426080 
275.409644 
275.393206 
275.376767 
275.360325 
275.343881 
275.327435 
275.310987 
275.294538 
275.278086 
275.261631 
275.245175 
275.228717 
275.212257 
275.195794 
275.179330 
275.162864 
275.146395 
275.129925 
275.113452 
275.096977 
275.080500 
275.064021 
275.047541 
275.031058 
275.014572 
274.998085 
274.981596 
274.965105 
274.948611 
274.932116 
274.915618 
274.899119 
274.882617 
274.866113 
274.849607 
274.833099 
274.816589 
274.800077 
274.783563 
274.767047 
274.750528 
274.734008 
274.717485 
274.700961 
274.684434 
274.667905 
274.651374 
274.634841 
274.618306 
274.601769 
274.585230 
274.568688 
274.552145 
274.535599 
274.519052 
274.502502 
274.485950 
274.469396 
274.452840 
274.436282 
274.419721 
274.403159 
274.386595 
274.370028 
274.353459 
274.336888 
274.320315 
274.303740 
274.287163 
274.270584 
274.254003 
274.237419 
274.220834 
274.204246 
274.187656 
274.171064 
274.154470 
274.137874 
274.121275 
274.104675 
274.088072 
274.071468 
274.054861 
274.038252 
274.021641 
274.005028 
273.988413 
273.971795 
273.955176 
273.938554 
273.921930 
273.905304 
273.888676 
273.872046 
273.855413 
273.838779 
273.822142 
273.805504 
273.788863 
273.772220 
273.755574 
273.738927 
273.722278 
273.705626 
273.688972 
273.672316 
273.655658 
273.638998 
273.622336 
273.605671 
273.589005 
273.572336 
273.555665 
273.538992 
273.522317 
273.505640 
273.488960 
273.472278 
273.455594 
273.438908 
273.422220 
273.405530 
273.388838 
273.372143 
273.355446 
273.338747 
273.322046 
273.305343 
273.288637 
273.271930 
273.255220 
273.238508 
273.221794 
273.205078 
273.188359 
273.171639 
273.154916 
273.138191 
273.121464 
273.104734 
273.088003 
273.071269 
273.054533 
273.037795 
273.021055 
273.004313 
272.987568 
272.970821 
272.954073 
272.937321 
272.920568 
272.903813 
272.887055 
272.870295 
272.853533 
272.836769 
272.820002 
272.803234 
272.786463 
272.769690 
272.752915 
272.736137 
272.719358 
272.702576 
272.685792 
272.669006 
272.652217 
272.635427 
272.618634 
272.601839 
272.585042 
272.568243 
272.551441 
272.534637 
272.517831 
272.501023 
272.484212 
272.467400 
272.450585 
272.433768 
272.416949 
272.400127 
272.383303 
272.366478 
272.349649 
272.332819 
272.315986 
272.299152 
272.282315 
272.265475 
272.248634 
272.231790 
272.214944 
272.198096 
272.181246 
272.164393 
272.147538 
272.130681 
272.113822 
272.096961 
272.080097 
272.063231 
272.046363 
272.029492 
272.012620 
271.995745 
271.978868 
271.961988 
271.945107 
271.928223 
271.911337 
271.894448 
271.877558 
271.860665 
271.843770 
271.826872 
271.809973 
271.793071 
271.776167 
271.759261 
271.742352 
271.725441 
271.708528 
271.691613 
271.674695 
271.657775 
271.640853 
271.623929 
271.607002 
271.590073 
271.573142 
271.556209 
271.539273 
271.522335 
271.505395 
271.488453 
271.471508 
271.454561 
271.437612 
271.420660 
271.403706 
271.386750 
271.369792 
271.352831 
271.335868 
271.318903 
271.301936 
271.284966 
271.267994 
271.251020 
271.234043 
271.217064 
271.200083 
271.183100 
271.166114 
271.149126 
271.132136 
271.115143 
271.098148 
271.081151 
271.064152 
271.047150 
271.030146 
271.013140 
270.996131 
270.979120 
270.962107 
270.945092 
270.928074 
270.911054 
270.894031 
270.877007 
270.859980 
270.842950 
270.825919 
270.808885 
270.791849 
270.774810 
270.757769 
270.740726 
270.723681 
270.706633 
270.689583 
270.672530 
270.655476 
270.638419 
270.621359 
270.604298 
270.587234 
270.570167 
270.553099 
270.536028 
270.518955 
270.501879 
270.484801 
270.467721 
270.450638 
270.433553 
270.416466 
270.399377 
270.382285 
270.365191 
270.348094 
270.330995 
270.313894 
270.296790 
270.279684 
270.262576 
270.245466 
270.228353 
270.211237 
270.194120 
270.177000 
270.159878 
270.142753 
270.125626 
270.108497 
270.091365 
270.074231 
270.057095 
270.039956 
270.022815 
270.005672 
269.988526 
269.971378 
269.954227 
269.937074 
269.919919 
269.902762 
269.885602 
269.868439 
269.851275 
269.834108 
269.816938 
269.799766 
269.782592 
269.765416 
269.748237 
269.731056 
269.713872 
269.696686 
269.679498 
269.662307 
269.645114 
269.627919 
269.610721 
269.593520 
269.576318 
269.559113 
269.541906 
269.524696 
269.507484 
269.490269 
269.473052 
269.455833 
269.438611 
269.421387 
269.404161 
269.386932 
269.369701 
269.352467 
269.335231 
269.317992 
269.300752 
269.283508 
269.266263 
269.249015 
269.231764 
269.214511 
269.197256 
269.179999 
269.162738 
269.145476 
269.128211 
269.110944 
269.093674 
269.076402 
269.059128 
269.041851 
269.024571 
269.007290 
268.990005 
268.972719 
268.955430 
268.938138 
268.920845 
268.903548 
268.886250 
268.868948 
268.851645 
268.834339 
268.817031 
268.799720 
268.782406 
268.765091 
268.747773 
268.730452 
268.713129 
268.695804 
268.678476 
268.661146 
268.643813 
268.626478 
268.609140 
268.591800 
268.574458 
268.557113 
268.539765 
268.522415 
268.505063 
268.487708 
268.470351 
268.452992 
268.435630 
268.418265 
268.400898 
268.383529 
268.366157 
268.348782 
268.331406 
268.314026 
268.296645 
268.279260 
268.261874 
268.244485 
268.227093 
268.209699 
268.192302 
268.174903 
268.157502 
268.140098 
268.122692 
268.105283 
268.087871 
268.070458 
268.053041 
268.035622 
268.018201 
268.000778 
267.983351 
267.965923 
267.948491 
267.931058 
267.913622 
267.896183 
267.878742 
267.861298 
267.843852 
267.826404 
267.808952 
267.791499 
267.774043 
267.756584 
267.739123 
267.721660 
267.704194 
267.686725 
267.669254 
267.651780 
267.634304 
267.616826 
267.599345 
267.581861 
267.564375 
267.546886 
267.529395 
267.511902 
267.494405 
267.476907 
267.459406 
267.441902 
267.424396 
267.406887 
267.389376 
267.371862 
267.354346 
267.336827 
267.319305 
267.301782 
267.284255 
267.266726 
267.249195 
267.231661 
267.214124 
267.196585 
267.179044 
267.161500 
267.143953 
267.126404 
267.108852 
267.091298 
267.073741 
267.056182 
267.038620 
267.021055 
267.003488 
266.985919 
266.968347 
266.950772 
266.933195 
266.915615 
266.898033 
266.880448 
266.862861 
266.845271 
266.827678 
266.810083 
266.792486 
266.774885 
266.757283 
266.739677 
266.722070 
266.704459 
266.686846 
266.669231 
266.651612 
266.633992 
266.616368 
266.598743 
266.581114 
266.563483 
266.545850 
266.528213 
266.510575 
266.492933 
266.475289 
266.457643 
266.439994 
266.422342 
266.404688 
266.387031 
266.369372 
266.351710 
266.334045 
266.316378 
266.298708 
266.281036 
266.263361 
266.245683 
266.228003 
266.210320 
266.192635 
266.174947 
266.157256 
266.139563 
266.121867 
266.104169 
266.086468 
266.068764 
266.051058 
266.033349 
266.015638 
265.997924 
265.980207 
265.962488 
265.944766 
265.927041 
265.909314 
265.891585 
265.873852 
265.856117 
265.838379 
265.820639 
265.802896 
265.785151 
265.767403 
265.749652 
265.731898 
265.714142 
265.696384 
265.678622 
265.660858 
265.643092 
265.625322 
265.607551 
265.589776 
265.571999 
265.554219 
265.536437 
265.518651 
265.500864 
265.483073 
265.465280 
265.447485 
265.429686 
265.411885 
265.394081 
265.376275 
265.358466 
265.340654 
265.322840 
265.305023 
265.287203 
265.269381 
265.251556 
265.233728 
265.215898 
265.198065 
265.180229 
265.162391 
265.144550 
265.126706 
265.108860 
265.091011 
265.073159 
265.055305 
265.037448 
265.019588 
265.001726 
264.983860 
264.965993 
264.948122 
264.930249 
264.912373 
264.894494 
264.876613 
264.858729 
264.840842 
264.822953 
264.805061 
264.787166 
264.769269 
264.751369 
264.733466 
264.715560 
264.697652 
264.679741 
264.661827 
264.643911 
264.625992 
264.608070 
264.590145 
264.572218 
264.554288 
264.536355 
264.518420 
264.500482 
264.482541 
264.464597 
264.446651 
264.428702 
264.410750 
264.392795 
264.374838 
264.356878 
264.338915 
264.320950 
264.302982 
264.285011 
264.267037 
264.249061 
264.231082 
264.213100 
264.195115 
264.177128 
264.159138 
264.141145 
264.123149 
264.105151 
264.087150 
264.069146 
264.051139 
264.033130 
264.015118 
263.997103 
263.979085 
263.961065 
263.943042 
263.925016 
263.906987 
263.888956 
263.870921 
263.852884 
263.834845 
263.816802 
263.798757 
263.780709 
263.762658 
263.744604 
263.726548 
263.708489 
263.690427 
263.672362 
263.654294 
263.636224 
263.618151 
263.600075 
263.581996 
263.563915 
263.545831 
263.527743 
263.509654 
263.491561 
263.473465 
263.455367 
263.437266 
263.419162 
263.401056 
263.382946 
263.364834 
263.346719 
263.328601 
263.310480 
263.292357 
263.274230 
263.256101 
263.237969 
263.219834 
263.201697 
263.183556 
263.165413 
263.147267 
263.129118 
263.110967 
263.092812 
263.074655 
263.056495 
263.038332 
263.020166 
263.001997 
262.983825 
262.965651 
262.947474 
262.929294 
262.911111 
262.892925 
262.874737 
262.856545 
262.838351 
262.820154 
262.801954 
262.783751 
262.765546 
262.747337 
262.729126 
262.710912 
262.692694 
262.674475 
262.656252 
262.638026 
262.619798 
262.601566 
262.583332 
262.565095 
262.546855 
262.528612 
262.510366 
262.492118 
262.473866 
262.455612 
262.437355 
262.419095 
262.400832 
262.382566 
262.364297 
262.346025 
262.327751 
262.309473 
262.291193 
262.272910 
262.254624 
262.236335 
262.218043 
262.199748 
262.181451 
262.163150 
262.144847 
262.126540 
262.108231 
262.089919 
262.071604 
262.053286 
262.034965 
262.016641 
261.998314 
261.979985 
261.961652 
261.943317 
261.924978 
261.906637 
261.888293 
261.869946 
261.851595 
261.833243 
261.814887 
261.796528 
261.778166 
261.759801 
261.741434 
261.723063 
261.704690 
261.686313 
261.667934 
261.649551 
261.631166 
261.612778 
261.594387 
261.575993 
261.557596 
261.539196 
261.520793 
261.502387 
261.483978 
261.465566 
261.447151 
261.428733 
261.410313 
261.391889 
261.373463 
261.355033 
261.336600 
261.318165 
261.299726 
261.281285 
261.262841 
261.244393 
261.225943 
261.207489 
261.189033 
261.170574 
261.152112 
261.133646 
261.115178 
261.096707 
261.078233 
261.059755 
261.041275 
261.022792 
261.004306 
260.985817 
260.967324 
260.948829 
260.930331 
260.911830 
260.893326 
260.874819 
260.856308 
260.837795 
260.819279 
260.800760 
260.782238 
260.763712 
260.745184 
260.726653 
260.708119 
260.689581 
260.671041 
260.652498 
260.633951 
260.615402 
260.596849 
260.578294 
260.559736 
260.541174 
260.522609 
260.504042 
260.485471 
260.466898 
260.448321 
260.429741 
260.411158 
260.392573 
260.373984 
260.355392 
260.336797 
260.318199 
260.299598 
260.280994 
260.262387 
260.243776 
260.225163 
260.206547 
260.187927 
260.169305 
260.150679 
260.132051 
260.113419 
260.094784 
260.076147 
260.057506 
260.038862 
260.020215 
260.001565 
259.982911 
259.964255 
259.945596 
259.926933 
259.908268 
259.889599 
259.870928 
259.852253 
259.833575 
259.814894 
259.796210 
259.777523 
259.758833 
259.740139 
259.721443 
259.702743 
259.684041 
259.665335 
259.646626 
259.627914 
259.609199 
259.590481 
259.571759 
259.553035 
259.534307 
259.515577 
259.496843 
259.478106 
259.459366 
259.440623 
259.421876 
259.403127 
259.384374 
259.365619 
259.346860 
259.328098 
259.309333 
259.290565 
259.271793 
259.253019 
259.234241 
259.215460 
259.196676 
259.177889 
259.159099 
259.140306 
259.121509 
259.102709 
259.083906 
259.065100 
259.046291 
259.027479 
259.008663 
258.989845 
258.971023 
258.952198 
258.933370 
258.914538 
258.895704 
258.876866 
258.858025 
258.839181 
258.820334 
258.801483 
258.782630 
258.763773 
258.744913 
258.726050 
258.707184 
258.688314 
258.669441 
258.650565 
258.631686 
258.612804 
258.593918 
258.575030 
258.556138 
258.537243 
258.518344 
258.499443 
258.480538 
258.461630 
258.442719 
258.423804 
258.404887 
258.385966 
258.367042 
258.348114 
258.329184 
258.310250 
258.291313 
258.272373 
258.253429 
258.234483 
258.215533 
258.196580 
258.177623 
258.158664 
258.139701 
258.120735 
258.101765 
258.082793 
258.063817 
258.044838 
258.025855 
258.006870 
257.987881 
257.968889 
257.949893 
257.930895 
257.911893 
257.892888 
257.873879 
257.854868 
257.835853 
257.816834 
257.797813 
257.778788 
257.759760 
257.740729 
257.721694 
257.702656 
257.683615 
257.664570 
257.645523 
257.626472 
257.607417 
257.588360 
257.569299 
257.550234 
257.531167 
257.512096 
257.493022 
257.473945 
257.454864 
257.435780 
257.416692 
257.397602 
257.378508 
257.359410 
257.340310 
257.321206 
257.302099 
257.282988 
257.263874 
257.244757 
257.225636 
257.206513 
257.187385 
257.168255 
257.149121 
257.129984 
257.110843 
257.091699 
257.072552 
257.053402 
257.034248 
257.015090 
256.995930 
256.976766 
256.957598 
256.938428 
256.919254 
256.900076 
256.880896 
256.861712 
256.842524 
256.823333 
256.804139 
256.784942 
256.765741 
256.746536 
256.727329 
256.708118 
256.688903 
256.669685 
256.650464 
256.631240 
256.612012 
256.592780 
256.573545 
256.554307 
256.535066 
256.515821 
256.496573 
256.477321 
256.458066 
256.438807 
256.419545 
256.400280 
256.381011 
256.361739 
256.342464 
256.323185 
256.303902 
256.284616 
256.265327 
256.246035 
256.226738 
256.207439 
256.188136 
256.168830 
256.149520 
256.130207 
256.110890 
256.091570 
256.072247 
256.052920 
256.033589 
256.014255 
255.994918 
255.975577 
255.956233 
255.936885 
255.917534 
255.898180 
255.878822 
255.859460 
255.840095 
255.820727 
255.801355 
255.781980 
255.762601 
255.743219 
255.723833 
255.704444 
255.685051 
255.665655 
255.646255 
255.626852 
255.607446 
255.588036 
255.568622 
255.549205 
255.529784 
255.510360 
255.490933 
255.471502 
255.452067 
255.432629 
255.413188 
255.393743 
255.374294 
255.354842 
255.335386 
255.315927 
255.296465 
255.276998 
255.257529 
255.238056 
255.218579 
255.199099 
255.179615 
255.160128 
255.140637 
255.121142 
255.101645 
255.082143 
255.062638 
255.043130 
255.023618 
255.004102 
254.984583 
254.965060 
254.945534 
254.926004 
254.906471 
254.886934 
254.867393 
254.847849 
254.828302 
254.808751 
254.789196 
254.769638 
254.750076 
254.730510 
254.710941 
254.691369 
254.671793 
254.652213 
254.632630 
254.613043 
254.593452 
254.573858 
254.554260 
254.534659 
254.515054 
254.495446 
254.475834 
254.456218 
254.436599 
254.416976 
254.397349 
254.377719 
254.358085 
254.338448 
254.318807 
254.299163 
254.279514 
254.259863 
254.240207 
254.220548 
254.200885 
254.181219 
254.161549 
254.141875 
254.122198 
254.102517 
254.082833 
254.063145 
254.043453 
254.023757 
254.004058 
253.984356 
253.964649 
253.944939 
253.925225 
253.905508 
253.885787 
253.866062 
253.846334 
253.826602 
253.806866 
253.787127 
253.767384 
253.747637 
253.727887 
253.708133 
253.688375 
253.668613 
253.648848 
253.629079 
253.609307 
253.589531 
253.569751 
253.549967 
253.530180 
253.510389 
253.490594 
253.470795 
253.450993 
253.431187 
253.411378 
253.391565 
253.371748 
253.351927 
253.332102 
253.312274 
253.292442 
253.272607 
253.252767 
253.232924 
253.213077 
253.193227 
253.173373 
253.153515 
253.133653 
253.113787 
253.093918 
253.074045 
253.054168 
253.034288 
253.014403 
252.994515 
252.974624 
252.954728 
252.934829 
252.914925 
252.895019 
252.875108 
252.855194 
252.835275 
252.815353 
252.795428 
252.775498 
252.755565 
252.735628 
252.715687 
252.695742 
252.675793 
252.655841 
252.635885 
252.615925 
252.595962 
252.575994 
252.556023 
252.536048 
252.516069 
252.496086 
252.476099 
252.456109 
252.436115 
252.416117 
252.396115 
252.376109 
252.356100 
252.336086 
252.316069 
252.296048 
252.276023 
252.255995 
252.235962 
252.215926 
252.195886 
252.175841 
252.155794 
252.135742 
252.115686 
252.095627 
252.075563 
252.055496 
252.035425 
252.015350 
251.995271 
251.975188 
251.955102 
251.935011 
251.914917 
251.894819 
251.874717 
251.854611 
251.834501 
251.814387 
251.794269 
251.774148 
251.754022 
251.733893 
251.713760 
251.693622 
251.673481 
251.653336 
251.633187 
251.613034 
251.592878 
251.572717 
251.552552 
251.532384 
251.512211 
251.492035 
251.471855 
251.451671 
251.431482 
251.411290 
251.391094 
251.370894 
251.350690 
251.330482 
251.310271 
251.290055 
251.269835 
251.249611 
251.229384 
251.209152 
251.188916 
251.168677 
251.148433 
251.128186 
251.107934 
251.087679 
251.067419 
251.047156 
251.026889 
251.006617 
250.986342 
250.966062 
250.945779 
250.925492 
250.905200 
250.884905 
250.864606 
250.844302 
250.823995 
250.803683 
250.783368 
250.763049 
250.742725 
250.722398 
250.702066 
250.681731 
250.661391 
250.641048 
250.620700 
250.600348 
250.579993 
250.559633 
250.539269 
250.518901 
250.498530 
250.478154 
250.457774 
250.437390 
250.417002 
250.396610 
250.376213 
250.355813 
250.335409 
250.315000 
250.294588 
250.274171 
250.253751 
250.233326 
250.212897 
250.192464 
250.172028 
250.151587 
250.131141 
250.110692 
250.090239 
250.069781 
250.049320 
250.028854 
250.008385 
249.987911 
249.967433 
249.946951 
249.926464 
249.905974 
249.885480 
249.864981 
249.844479 
249.823972 
249.803461 
249.782946 
249.762426 
249.741903 
249.721376 
249.700844 
249.680308 
249.659768 
249.639224 
249.618676 
249.598123 
249.577567 
249.557006 
249.536441 
249.515872 
249.495299 
249.474721 
249.454140 
249.433554 
249.412964 
249.392370 
249.371772 
249.351169 
249.330562 
249.309951 
249.289336 
249.268717 
249.248094 
249.227466 
249.206834 
249.186198 
249.165557 
249.144913 
249.124264 
249.103611 
249.082954 
249.062292 
249.041627 
249.020957 
249.000283 
248.979604 
248.958922 
248.938235 
248.917544 
248.896848 
248.876149 
248.855445 
248.834737 
248.814024 
248.793308 
248.772587 
248.751862 
248.731132 
248.710399 
248.689661 
248.668918 
248.648172 
248.627421 
248.606666 
248.585907 
248.565143 
248.544375 
248.523603 
248.502826 
248.482045 
248.461260 
248.440471 
248.419677 
248.398879 
248.378076 
248.357269 
248.336458 
248.315643 
248.294823 
248.273999 
248.253171 
248.232338 
248.211501 
248.190660 
248.169814 
248.148964 
248.128110 
248.107251 
248.086388 
248.065520 
248.044648 
248.023772 
248.002892 
247.982007 
247.961118 
247.940224 
247.919326 
247.898423 
247.877517 
247.856605 
247.835690 
247.814770 
247.793845 
247.772917 
247.751984 
247.731046 
247.710104 
247.689158 
247.668207 
247.647252 
247.626292 
247.605328 
247.584360 
247.563387 
247.542410 
247.521428 
247.500442 
247.479451 
247.458456 
247.437457 
247.416453 
247.395444 
247.374432 
247.353414 
247.332393 
247.311366 
247.290336 
247.269301 
247.248261 
247.227217 
247.206169 
247.185116 
247.164058 
247.142996 
247.121930 
247.100859 
247.079783 
247.058704 
247.037619 
247.016530 
246.995437 
246.974339 
246.953237 
246.932130 
246.911018 
246.889902 
246.868782 
246.847657 
246.826527 
246.805393 
246.784255 
246.763112 
246.741964 
246.720812 
246.699655 
246.678494 
246.657328 
246.636158 
246.614983 
246.593803 
246.572619 
246.551431 
246.530238 
246.509040 
246.487838 
246.466631 
246.445419 
246.424203 
246.402983 
246.381757 
246.360528 
246.339293 
246.318054 
246.296811 
246.275562 
246.254310 
246.233052 
246.211790 
246.190523 
246.169252 
246.147976 
246.126696 
246.105411 
246.084121 
246.062827 
246.041528 
246.020224 
245.998916 
245.977603 
245.956285 
245.934963 
245.913636 
245.892304 
245.870968 
245.849627 
245.828282 
245.806931 
245.785576 
245.764217 
245.742853 
245.721484 
245.700110 
245.678732 
245.657349 
245.635961 
245.614569 
245.593172 
245.571770 
245.550363 
245.528952 
245.507536 
245.486115 
245.464690 
245.443260 
245.421825 
245.400386 
245.378941 
245.357492 
245.336039 
245.314580 
245.293117 
245.271649 
245.250176 
245.228699 
245.207216 
245.185729 
245.164238 
245.142741 
245.121240 
245.099734 
245.078223 
245.056707 
245.035187 
245.013661 
244.992131 
244.970597 
244.949057 
244.927513 
244.905963 
244.884409 
244.862850 
244.841287 
244.819718 
244.798145 
244.776567 
244.754984 
244.733396 
244.711804 
244.690206 
244.668604 
244.646997 
244.625385 
244.603768 
244.582147 
244.560520 
244.538889 
244.517253 
244.495611 
244.473965 
244.452315 
244.430659 
244.408998 
244.387333 
244.365663 
244.343987 
244.322307 
244.300622 
244.278932 
244.257237 
244.235538 
244.213833 
244.192124 
244.170409 
244.148690 
244.126965 
244.105236 
244.083502 
244.061763 
244.040019 
244.018270 
243.996516 
243.974757 
243.952993 
243.931225 
243.909451 
243.887672 
243.865889 
243.844100 
243.822306 
243.800508 
243.778704 
243.756896 
243.735082 
243.713264 
243.691440 
243.669612 
243.647779 
243.625940 
243.604097 
243.582248 
243.560395 
243.538536 
243.516673 
243.494804 
243.472931 
243.451052 
243.429168 
243.407280 
243.385386 
243.363487 
243.341584 
243.319675 
243.297761 
243.275842 
243.253918 
243.231989 
243.210055 
243.188116 
243.166171 
243.144222 
243.122268 
243.100308 
243.078343 
243.056374 
243.034399 
243.012419 
242.990434 
242.968444 
242.946449 
242.924449 
242.902443 
242.880433 
242.858417 
242.836396 
242.814370 
242.792339 
242.770303 
242.748262 
242.726215 
242.704163 
242.682107 
242.660045 
242.637978 
242.615905 
242.593828 
242.571745 
242.549657 
242.527565 
242.505466 
242.483363 
242.461255 
242.439141 
242.417022 
242.394898 
242.372768 
242.350634 
242.328494 
242.306349 
242.284199 
242.262044 
242.239883 
242.217717 
242.195546 
242.173370 
242.151188 
242.129002 
242.106810 
242.084612 
242.062410 
242.040202 
242.017989 
241.995770 
241.973547 
241.951318 
241.929084 
241.906844 
241.884600 
241.862350 
241.840094 
241.817834 
241.795568 
241.773297 
241.751020 
241.728738 
241.706451 
241.684159 
241.661861 
241.639558 
241.617249 
241.594935 
241.572616 
241.550292 
241.527962 
241.505627 
241.483286 
241.460940 
241.438589 
241.416233 
241.393871 
241.371503 
241.349131 
241.326752 
241.304369 
241.281980 
241.259586 
241.237186 
241.214781 
241.192370 
241.169955 
241.147533 
241.125107 
241.102674 
241.080237 
241.057794 
241.035345 
241.012892 
240.990432 
240.967968 
240.945497 
240.923022 
240.900541 
240.878054 
240.855562 
240.833065 
240.810562 
240.788053 
240.765539 
240.743020 
240.720495 
240.697965 
240.675429 
240.652887 
240.630340 
240.607788 
240.585230 
240.562667 
240.540098 
240.517523 
240.494943 
240.472358 
240.449767 
240.427170 
240.404568 
240.381960 
240.359347 
240.336728 
240.314104 
240.291474 
240.268838 
240.246197 
240.223551 
240.200898 
240.178241 
240.155577 
240.132908 
240.110234 
240.087553 
240.064868 
240.042176 
240.019479 
239.996777 
239.974068 
239.951354 
239.928635 
239.905910 
239.883179 
239.860443 
239.837700 
239.814953 
239.792199 
239.769440 
239.746676 
239.723905 
239.701129 
239.678347 
239.655560 
239.632767 
239.609968 
239.587164 
239.564353 
239.541537 
239.518716 
239.495889 
239.473055 
239.450217 
239.427372 
239.404522 
239.381666 
239.358804 
239.335937 
239.313064 
239.290185 
239.267300 
239.244410 
239.221514 
239.198612 
239.175704 
239.152791 
239.129871 
239.106946 
239.084015 
239.061079 
239.038136 
239.015188 
238.992234 
238.969274 
238.946309 
238.923337 
238.900360 
238.877377 
238.854388 
238.831393 
238.808392 
238.785386 
238.762373 
238.739355 
238.716331 
238.693301 
238.670265 
238.647224 
238.624176 
238.601123 
238.578063 
238.554998 
238.531927 
238.508850 
238.485767 
238.462678 
238.439584 
238.416483 
238.393377 
238.370264 
238.347146 
238.324021 
238.300891 
238.277755 
238.254613 
238.231464 
238.208310 
238.185150 
238.161984 
238.138812 
238.115634 
238.092450 
238.069260 
238.046064 
238.022863 
237.999655 
237.976441 
237.953221 
237.929995 
237.906763 
237.883525 
237.860281 
237.837031 
237.813775 
237.790512 
237.767244 
237.743970 
237.720690 
237.697403 
237.674111 
237.650813 
237.627508 
237.604197 
237.580881 
237.557558 
237.534229 
237.510894 
237.487553 
237.464206 
237.440852 
237.417493 
237.394127 
237.370756 
237.347378 
237.323994 
237.300604 
237.277208 
237.253805 
237.230397 
237.206982 
237.183561 
237.160134 
237.136701 
237.113262 
237.089816 
237.066364 
237.042906 
237.019442 
236.995972 
236.972495 
236.949012 
236.925523 
236.902028 
236.878527 
236.855019 
236.831505 
236.807985 
236.784459 
236.760926 
236.737387 
236.713842 
236.690290 
236.666733 
236.643169 
236.619598 
236.596022 
236.572439 
236.548850 
236.525254 
236.501653 
236.478045 
236.454430 
236.430810 
236.407183 
236.383549 
236.359909 
236.336263 
236.312611 
236.288952 
236.265287 
236.241616 
236.217938 
236.194254 
236.170563 
236.146866 
236.123163 
236.099453 
236.075737 
236.052014 
236.028285 
236.004550 
235.980808 
235.957060 
235.933305 
235.909544 
235.885777 
235.862003 
235.838222 
235.814436 
235.790642 
235.766843 
235.743036 
235.719224 
235.695404 
235.671579 
235.647746 
235.623908 
235.600063 
235.576211 
235.552353 
235.528488 
235.504617 
235.480739 
235.456855 
235.432964 
235.409066 
235.385163 
235.361252 
235.337335 
235.313411 
235.289481 
235.265544 
235.241601 
235.217651 
235.193695 
235.169732 
235.145762 
235.121786 
235.097803 
235.073813 
235.049817 
235.025814 
235.001805 
234.977789 
234.953766 
234.929736 
234.905700 
234.881658 
234.857608 
234.833552 
234.809490 
234.785420 
234.761344 
234.737261 
234.713172 
234.689076 
234.664973 
234.640863 
234.616747 
234.592624 
234.568494 
234.544357 
234.520214 
234.496064 
234.471907 
234.447744 
234.423574 
234.399396 
234.375213 
234.351022 
234.326824 
234.302620 
234.278409 
234.254191 
234.229967 
234.205735 
234.181497 
234.157252 
234.133000 
234.108741 
234.084475 
234.060203 
234.035924 
234.011637 
233.987344 
233.963044 
233.938738 
233.914424 
233.890103 
233.865776 
233.841441 
233.817100 
233.792752 
233.768397 
233.744035 
233.719666 
233.695290 
233.670907 
233.646517 
233.622120 
233.597716 
233.573306 
233.548888 
233.524463 
233.500032 
233.475593 
233.451147 
233.426695 
233.402235 
233.377768 
233.353295 
233.328814 
233.304326 
233.279831 
233.255330 
233.230821 
233.206305 
233.181782 
233.157252 
233.132715 
233.108170 
233.083619 
233.059061 
233.034495 
233.009923 
232.985343 
232.960756 
232.936162 
232.911561 
232.886953 
232.862338 
232.837715 
232.813085 
232.788449 
232.763805 
232.739154 
232.714495 
232.689830 
232.665157 
232.640477 
232.615790 
232.591096 
232.566394 
232.541686 
232.516970 
232.492247 
232.467516 
232.442778 
232.418034 
232.393281 
232.368522 
232.343755 
232.318981 
232.294200 
232.269411 
232.244616 
232.219812 
232.195002 
232.170184 
232.145359 
232.120527 
232.095687 
232.070840 
232.045986 
232.021124 
231.996255 
231.971378 
231.946494 
231.921603 
231.896704 
231.871798 
231.846885 
231.821964 
231.797036 
231.772100 
231.747157 
231.722207 
231.697249 
231.672283 
231.647311 
231.622330 
231.597343 
231.572347 
231.547345 
231.522335 
231.497317 
231.472292 
231.447259 
231.422219 
231.397171 
231.372116 
231.347053 
231.321983 
231.296905 
231.271820 
231.246727 
231.221627 
231.196519 
231.171403 
231.146280 
231.121149 
231.096011 
231.070865 
231.045711 
231.020550 
230.995381 
230.970205 
230.945021 
230.919829 
230.894630 
230.869423 
230.844208 
230.818986 
230.793756 
230.768518 
230.743273 
230.718020 
230.692759 
230.667490 
230.642214 
230.616930 
230.591639 
230.566339 
230.541032 
230.515717 
230.490395 
230.465064 
230.439726 
230.414380 
230.389026 
230.363665 
230.338296 
230.312918 
230.287533 
230.262141 
230.236740 
230.211332 
230.185915 
230.160491 
230.135059 
230.109619 
230.084172 
230.058716 
230.033253 
230.007781 
229.982302 
229.956815 
229.931320 
229.905817 
229.880306 
229.854787 
229.829260 
229.803726 
229.778183 
229.752632 
229.727073 
229.701507 
229.675932 
229.650350 
229.624759 
229.599160 
229.573554 
229.547939 
229.522317 
229.496686 
229.471047 
229.445400 
229.419745 
229.394083 
229.368412 
229.342732 
229.317045 
229.291350 
229.265647 
229.239935 
229.214216 
229.188488 
229.162752 
229.137008 
229.111256 
229.085496 
229.059727 
229.033951 
229.008166 
228.982373 
228.956572 
228.930762 
228.904945 
228.879119 
228.853285 
228.827443 
228.801592 
228.775733 
228.749866 
228.723991 
228.698108 
228.672216 
228.646316 
228.620407 
228.594491 
228.568566 
228.542632 
228.516691 
228.490741 
228.464782 
228.438816 
228.412841 
228.386857 
228.360866 
228.334866 
228.308857 
228.282840 
228.256815 
228.230781 
228.204739 
228.178689 
228.152630 
228.126562 
228.100486 
228.074402 
228.048309 
228.022208 
227.996098 
227.969980 
227.943853 
227.917718 
227.891574 
227.865422 
227.839261 
227.813092 
227.786914 
227.760728 
227.734533 
227.708329 
227.682117 
227.655896 
227.629667 
227.603429 
227.577183 
227.550928 
227.524664 
227.498391 
227.472110 
227.445821 
227.419522 
227.393215 
227.366900 
227.340575 
227.314242 
227.287900 
227.261550 
227.235191 
227.208823 
227.182446 
227.156061 
227.129666 
227.103263 
227.076852 
227.050431 
227.024002 
226.997564 
226.971117 
226.944661 
226.918197 
226.891724 
226.865242 
226.838751 
226.812251 
226.785742 
226.759224 
226.732698 
226.706163 
226.679618 
226.653065 
226.626503 
226.599932 
226.573352 
226.546763 
226.520166 
226.493559 
226.466943 
226.440318 
226.413685 
226.387042 
226.360390 
226.333730 
226.307060 
226.280381 
226.253694 
226.226997 
226.200291 
226.173576 
226.146852 
226.120119 
226.093377 
226.066625 
226.039865 
226.013096 
225.986317 
225.959529 
225.932732 
225.905926 
225.879111 
225.852287 
225.825453 
225.798610 
225.771758 
225.744897 
225.718027 
225.691147 
225.664259 
225.637360 
225.610453 
225.583537 
225.556611 
225.529676 
225.502731 
225.475777 
225.448814 
225.421842 
225.394860 
225.367869 
225.340869 
225.313859 
225.286840 
225.259812 
225.232774 
225.205727 
225.178670 
225.151604 
225.124529 
225.097444 
225.070349 
225.043246 
225.016132 
224.989010 
224.961877 
224.934736 
224.907585 
224.880424 
224.853254 
224.826074 
224.798885 
224.771686 
224.744478 
224.717260 
224.690032 
224.662795 
224.635549 
224.608292 
224.581026 
224.553751 
224.526466 
224.499171 
224.471867 
224.444553 
224.417229 
224.389895 
224.362552 
224.335199 
224.307837 
224.280465 
224.253083 
224.225691 
224.198289 
224.170878 
224.143457 
224.116026 
224.088586 
224.061135 
224.033675 
224.006205 
223.978725 
223.951236 
223.923736 
223.896227 
223.868707 
223.841178 
223.813639 
223.786090 
223.758531 
223.730963 
223.703384 
223.675795 
223.648197 
223.620588 
223.592969 
223.565341 
223.537702 
223.510054 
223.482395 
223.454727 
223.427048 
223.399359 
223.371661 
223.343952 
223.316233 
223.288504 
223.260765 
223.233016 
223.205256 
223.177487 
223.149707 
223.121918 
223.094118 
223.066308 
223.038488 
223.010657 
222.982816 
222.954966 
222.927104 
222.899233 
222.871352 
222.843460 
222.815558 
222.787645 
222.759723 
222.731790 
222.703846 
222.675893 
222.647929 
222.619954 
222.591970 
222.563975 
222.535969 
222.507953 
222.479927 
222.451890 
222.423843 
222.395786 
222.367718 
222.339640 
222.311551 
222.283451 
222.255341 
222.227221 
222.199090 
222.170949 
222.142797 
222.114634 
222.086461 
222.058278 
222.030084 
222.001879 
221.973663 
221.945437 
221.917201 
221.888954 
221.860696 
221.832427 
221.804148 
221.775858 
221.747557 
221.719246 
221.690924 
221.662591 
221.634247 
221.605893 
221.577528 
221.549152 
221.520766 
221.492368 
221.463960 
221.435541 
221.407111 
221.378670 
221.350219 
221.321756 
221.293283 
221.264798 
221.236303 
221.207797 
221.179280 
221.150752 
221.122213 
221.093663 
221.065102 
221.036530 
221.007948 
220.979354 
220.950749 
220.922133 
220.893506 
220.864868 
220.836218 
220.807558 
220.778887 
220.750204 
220.721511 
220.692806 
220.664090 
220.635363 
220.606625 
220.577875 
220.549115 
220.520343 
220.491560 
220.462766 
220.433960 
220.405143 
220.376315 
220.347476 
220.318625 
220.289763 
220.260890 
220.232005 
220.203109 
220.174202 
220.145283 
220.116353 
220.087411 
220.058458 
220.029494 
220.000518 
219.971531 
219.942532 
219.913522 
219.884500 
219.855467 
219.826422 
219.797366 
219.768298 
219.739218 
219.710127 
219.681025 
219.651911 
219.622785 
219.593648 
219.564499 
219.535338 
219.506166 
219.476981 
219.447786 
219.418578 
219.389359 
219.360128 
219.330886 
219.301631 
219.272365 
219.243087 
219.213798 
219.184496 
219.155183 
219.125858 
219.096521 
219.067172 
219.037811 
219.008438 
218.979054 
218.949657 
218.920249 
218.890828 
218.861396 
218.831952 
218.802495 
218.773027 
218.743547 
218.714054 
218.684550 
218.655033 
218.625505 
218.595964 
218.566411 
218.536847 
218.507270 
218.477681 
218.448079 
218.418466 
218.388840 
218.359202 
218.329552 
218.299890 
218.270215 
218.240529 
218.210830 
218.181118 
218.151395 
218.121659 
218.091910 
218.062150 
218.032377 
218.002591 
217.972794 
217.942983 
217.913161 
217.883326 
217.853478 
217.823619 
217.793746 
217.763861 
217.733964 
217.704054 
217.674131 
217.644196 
217.614249 
217.584289 
217.554316 
217.524331 
217.494333 
217.464322 
217.434299 
217.404263 
217.374214 
217.344153 
217.314079 
217.283992 
217.253893 
217.223780 
217.193655 
217.163517 
217.133367 
217.103203 
217.073027 
217.042838 
217.012636 
216.982421 
216.952193 
216.921952 
216.891699 
216.861432 
216.831152 
216.800860 
216.770554 
216.740236 
216.709904 
216.679559 
216.649202 
216.618831 
216.588447 
216.558050 
216.527640 
216.497217 
216.466780 
216.436331 
216.405868 
216.375392 
216.344903 
216.314400 
216.283885 
216.253356 
216.222814 
216.192258 
216.161689 
216.131107 
216.100512 
216.069903 
216.039280 
216.008645 
215.977996 
215.947333 
215.916657 
215.885968 
215.855265 
215.824549 
215.793819 
215.763075 
215.732318 
215.701548 
215.670763 
215.639966 
215.609154 
215.578329 
215.547491 
215.516638 
215.485772 
215.454893 
215.423999 
215.393092 
215.362171 
215.331237 
215.300288 
215.269326 
215.238350 
215.207360 
215.176356 
215.145338 
215.114307 
215.083261 
215.052202 
215.021129 
214.990041 
214.958940 
214.927825 
214.896695 
214.865552 
214.834395 
214.803223 
214.772038 
214.740838 
214.709624 
214.678396 
214.647154 
214.615898 
214.584627 
214.553343 
214.522044 
214.490731 
214.459403 
214.428062 
214.396706 
214.365335 
214.333951 
214.302552 
214.271138 
214.239710 
214.208268 
214.176811 
214.145340 
214.113855 
214.082355 
214.050840 
214.019311 
213.987767 
213.956209 
213.924636 
213.893049 
213.861447 
213.829830 
213.798199 
213.766553 
213.734892 
213.703217 
213.671526 
213.639822 
213.608102 
213.576367 
213.544618 
213.512854 
213.481075 
213.449281 
213.417472 
213.385648 
213.353810 
213.321956 
213.290088 
213.258204 
213.226306 
213.194392 
213.162463 
213.130520 
213.098561 
213.066587 
213.034598 
213.002594 
212.970575 
212.938540 
212.906490 
212.874425 
212.842345 
212.810250 
212.778139 
212.746013 
212.713871 
212.681714 
212.649542 
212.617355 
212.585152 
212.552933 
212.520699 
212.488450 
212.456185 
212.423905 
212.391609 
212.359297 
212.326970 
212.294628 
212.262269 
212.229895 
212.197506 
212.165101 
212.132680 
212.100243 
212.067790 
212.035322 
212.002838 
211.970338 
211.937822 
211.905291 
211.872743 
211.840180 
211.807601 
211.775006 
211.742394 
211.709767 
211.677124 
211.644465 
211.611790 
211.579098 
211.546391 
211.513667 
211.480927 
211.448171 
211.415399 
211.382611 
211.349807 
211.316986 
211.284149 
211.251295 
211.218426 
211.185540 
211.152637 
211.119718 
211.086783 
211.053832 
211.020863 
210.987879 
210.954878 
210.921860 
210.888826 
210.855775 
210.822708 
210.789624 
210.756523 
210.723406 
210.690272 
210.657121 
210.623954 
210.590769 
210.557568 
210.524351 
210.491116 
210.457864 
210.424596 
210.391311 
210.358009 
210.324689 
210.291353 
210.258000 
210.224630 
210.191243 
210.157838 
210.124417 
210.090978 
210.057523 
210.024050 
209.990560 
209.957052 
209.923528 
209.889986 
209.856427 
209.822851 
209.789257 
209.755646 
209.722017 
209.688371 
209.654708 
209.621027 
209.587329 
209.553613 
209.519879 
209.486128 
209.452360 
209.418573 
209.384770 
209.350948 
209.317109 
209.283252 
209.249377 
209.215485 
209.181574 
209.147646 
209.113700 
209.079736 
209.045754 
209.011755 
208.977737 
208.943701 
208.909648 
208.875576 
208.841486 
208.807378 
208.773252 
208.739108 
208.704946 
208.670765 
208.636566 
208.602349 
208.568114 
208.533861 
208.499589 
208.465298 
208.430990 
208.396663 
208.362317 
208.327953 
208.293570 
208.259169 
208.224750 
208.190312 
208.155855 
208.121379 
208.086885 
208.052372 
208.017841 
207.983291 
207.948722 
207.914134 
207.879527 
207.844901 
207.810257 
207.775594 
207.740911 
207.706210 
207.671490 
207.636750 
207.601992 
207.567214 
207.532418 
207.497602 
207.462767 
207.427913 
207.393039 
207.358147 
207.323235 
207.288303 
207.253353 
207.218383 
207.183393 
207.148384 
207.113356 
207.078308 
207.043240 
207.008153 
206.973047 
206.937920 
206.902774 
206.867609 
206.832423 
206.797218 
206.761994 
206.726749 
206.691484 
206.656200 
206.620896 
206.585571 
206.550227 
206.514863 
206.479479 
206.444074 
206.408650 
206.373206 
206.337741 
206.302256 
206.266751 
206.231226 
206.195680 
206.160114 
206.124528 
206.088921 
206.053294 
206.017647 
205.981979 
205.946290 
205.910581 
205.874852 
205.839101 
205.803331 
205.767539 
205.731727 
205.695894 
205.660040 
205.624166 
205.588270 
205.552354 
205.516417 
205.480459 
205.444480 
205.408480 
205.372459 
205.336416 
205.300353 
205.264269 
205.228163 
205.192036 
205.155888 
205.119719 
205.083528 
205.047316 
205.011083 
204.974828 
204.938552 
204.902254 
204.865935 
204.829594 
204.793232 
204.756848 
204.720442 
204.684015 
204.647565 
204.611095 
204.574602 
204.538087 
204.501551 
204.464993 
204.428412 
204.391810 
204.355186 
204.318539 
204.281871 
204.245180 
204.208468 
204.171733 
204.134976 
204.098196 
204.061394 
204.024570 
203.987724 
203.950855 
203.913963 
203.877049 
203.840113 
203.803154 
203.766172 
203.729168 
203.692141 
203.655091 
203.618019 
203.580923 
203.543805 
203.506664 
203.469500 
203.432313 
203.395103 
203.357870 
203.320614 
203.283335 
203.246033 
203.208707 
203.171358 
203.133986 
203.096591 
203.059172 
203.021730 
202.984265 
202.946776 
202.909263 
202.871727 
202.834167 
202.796584 
202.758977 
202.721346 
202.683692 
202.646013 
202.608311 
202.570585 
202.532835 
202.495061 
202.457263 
202.419441 
202.381595 
202.343725 
202.305830 
202.267912 
202.229969 
202.192002 
202.154010 
202.115994 
202.077954 
202.039889 
202.001800 
201.963686 
201.925547 
201.887384 
201.849196 
201.810983 
201.772746 
201.734484 
201.696197 
201.657885 
201.619548 
201.581186 
201.542799 
201.504387 
201.465949 
201.427487 
201.388999 
201.350486 
201.311948 
201.273384 
201.234795 
201.196181 
201.157541 
201.118876 
201.080184 
201.041468 
201.002725 
200.963957 
200.925163 
200.886343 
200.847498 
200.808626 
200.769729 
200.730805 
200.691856 
200.652880 
200.613878 
200.574850 
200.535796 
200.496715 
200.457608 
200.418475 
200.379315 
200.340129 
200.300916 
200.261677 
200.222410 
200.183118 
200.143798 
200.104452 
200.065079 
200.025679 
199.986252 
199.946798 
199.907317 
199.867809 
199.828274 
199.788711 
199.749122 
199.709505 
199.669861 
199.630189 
199.590490 
199.550763 
199.511009 
199.471227 
199.431418 
199.391581 
199.351716 
199.311823 
199.271903 
199.231954 
199.191978 
199.151973 
199.111941 
199.071880 
199.031791 
198.991674 
198.951529 
198.911355 
198.871153 
198.830922 
198.790663 
198.750375 
198.710059 
198.669714 
198.629340 
198.588938 
198.548506 
198.508046 
198.467557 
198.427039 
198.386491 
198.345915 
198.305310 
198.264675 
198.224011 
198.183317 
198.142594 
198.101842 
198.061060 
198.020249 
197.979408 
197.938537 
197.897636 
197.856706 
197.815746 
197.774755 
197.733735 
197.692685 
197.651605 
197.610494 
197.569353 
197.528182 
197.486981 
197.445749 
197.404487 
197.363194 
197.321871 
197.280517 
197.239132 
197.197716 
197.156270 
197.114793 
197.073284 
197.031745 
196.990175 
196.948573 
196.906940 
196.865276 
196.823581 
196.781854 
196.740095 
196.698306 
196.656484 
196.614631 
196.572746 
196.530829 
196.488881 
196.446900 
196.404888 
196.362843 
196.320767 
196.278658 
196.236517 
196.194343 
196.152138 
196.109899 
196.067629 
196.025325 
195.982989 
195.940620 
195.898219 
195.855784 
195.813317 
195.770816 
195.728283 
195.685716 
195.643116 
195.600483 
195.557817 
195.515117 
195.472384 
195.429617 
195.386816 
195.343982 
195.301113 
195.258212 
195.215276 
195.172306 
195.129302 
195.086264 
195.043191 
195.000085 
194.956944 
194.913768 
194.870558 
194.827314 
194.784035 
194.740721 
194.697372 
194.653989 
194.610570 
194.567117 
194.523628 
194.480104 
194.436545 
194.392950 
194.349320 
194.305655 
194.261954 
194.218217 
194.174445 
194.130637 
194.086793 
194.042913 
193.998997 
193.955045 
193.911056 
193.867031 
193.822970 
193.778873 
193.734739 
193.690568 
193.646361 
193.602117 
193.557836 
193.513518 
193.469163 
193.424771 
193.380342 
193.335875 
193.291371 
193.246830 
193.202251 
193.157635 
193.112981 
193.068289 
193.023559 
192.978792 
192.933986 
192.889142 
192.844260 
192.799340 
192.754381 
192.709384 
192.664348 
192.619273 
192.574160 
192.529008 
192.483817 
192.438587 
192.393318 
192.348010 
192.302663 
192.257276 
192.211850 
192.166384 
192.120878 
192.075333 
192.029748 
191.984123 
191.938458 
191.892753 
191.847007 
191.801222 
191.755396 
191.709529 
191.663622 
191.617674 
191.571686 
191.525656 
191.479586 
191.433474 
191.387321 
191.341128 
191.294892 
191.248615 
191.202297 
191.155937 
191.109535 
191.063092 
191.016606 
190.970078 
190.923509 
190.876896 
190.830242 
190.783545 
190.736805 
190.690023 
190.643198 
190.596330 
190.549419 
190.502465 
190.455468 
190.408428 
190.361344 
190.314216 
190.267045 
190.219830 
190.172572 
190.125269 
190.077922 
190.030531 
189.983096 
189.935617 
189.888092 
189.840524 
189.792910 
189.745252 
189.697549 
189.649800 
189.602007 
189.554168 
189.506284 
189.458354 
189.410379 
189.362358 
189.314291 
189.266178 
189.218019 
189.169813 
189.121562 
189.073264 
189.024919 
188.976527 
188.928089 
188.879604 
188.831072 
188.782492 
188.733866 
188.685192 
188.636470 
188.587701 
188.538884 
188.490018 
188.441105 
188.392144 
188.343135 
188.294077 
188.244970 
188.195815 
188.146611 
188.097358 
188.048056 
187.998704 
187.949304 
187.899854 
187.850354 
187.800805 
187.751206 
187.701557 
187.651857 
187.602108 
187.552308 
187.502458 
187.452557 
187.402605 
187.352602 
187.302548 
187.252443 
187.202286 
187.152079 
187.101819 
187.051508 
187.001145 
186.950729 
186.900262 
186.849742 
186.799170 
186.748545 
186.697867 
186.647137 
186.596353 
186.545516 
186.494626 
186.443682 
186.392685 
186.341634 
186.290529 
186.239370 
186.188156 
186.136888 
186.085566 
186.034189 
185.982757 
185.931270 
185.879728 
185.828130 
185.776477 
185.724769 
185.673004 
185.621184 
185.569307 
185.517374 
185.465385 
185.413339 
185.361237 
185.309077 
185.256860 
185.204586 
185.152255 
185.099866 
185.047419 
184.994915 
184.942352 
184.889731 
184.837052 
184.784314 
184.731517 
184.678661 
184.625746 
184.572772 
184.519738 
184.466645 
184.413492 
184.360278 
184.307005 
184.253671 
184.200277 
184.146822 
184.093306 
184.039729 
183.986091 
183.932391 
183.878630 
183.824807 
183.770921 
183.716974 
183.662964 
183.608892 
183.554757 
183.500558 
183.446297 
183.391973 
183.337584 
183.283132 
183.228617 
183.174037 
183.119392 
183.064683 
183.009910 
182.955071 
182.900167 
182.845198 
182.790164 
182.735064 
182.679897 
182.624665 
182.569366 
182.514001 
182.458569 
182.403069 
182.347503 
182.291869 
182.236168 
182.180398 
182.124561 
182.068655 
182.012681 
181.956638 
181.900526 
181.844345 
181.788095 
181.731775 
181.675385 
181.618925 
181.562395 
181.505794 
181.449122 
181.392380 
181.335566 
181.278681 
181.221724 
181.164695 
181.107594 
181.050420 
180.993174 
180.935855 
180.878463 
180.820997 
180.763458 
180.705845 
180.648158 
180.590397 
180.532561 
180.474650 
180.416663 
180.358602 
180.300465 
180.242252 
180.183963 
180.125597 
180.067155 
180.008636 
179.950039 
179.891365 
179.832614 
179.773784 
179.714876 
179.655890 
179.596825 
179.537681 
179.478457 
179.419154 
179.359770 
179.300307 
179.240763 
179.181139 
179.121433 
179.061646 
179.001777 
178.941826 
178.881794 
178.821678 
178.761480 
178.701199 
178.640834 
178.580386 
178.519854 
178.459237 
178.398536 
178.337750 
178.276878 
178.215921 
178.154878 
178.093750 
178.032534 
177.971232 
177.909843 
177.848366 
177.786801 
177.725149 
177.663408 
177.601578 
177.539659 
177.477651 
177.415553 
177.353365 
177.291086 
177.228717 
177.166257 
177.103705 
177.041061 
176.978325 
176.915497 
176.852576 
176.789562 
176.726454 
176.663252 
176.599956 
176.536565 
176.473079 
176.409498 
176.345821 
176.282048 
176.218178 
176.154212 
176.090148 
176.025987 
175.961727 
175.897369 
175.832913 
175.768357 
175.703701 
175.638946 
175.574090 
175.509133 
175.444075 
175.378915 
175.313654 
175.248290 
175.182823 
175.117253 
175.051579 
174.985801 
174.919918 
174.853931 
174.787838 
174.721639 
174.655334 
174.588922 
174.522403 
174.455777 
174.389042 
174.322199 
174.255247 
174.188186 
174.121014 
174.053732 
173.986340 
173.918836 
173.851220 
173.783492 
173.715652 
173.647698 
173.579630 
173.511449 
173.443152 
173.374741 
173.306214 
173.237570 
173.168810 
173.099933 
173.030938 
172.961825 
172.892593 
172.823241 
172.753770 
172.684179 
172.614467 
172.544633 
172.474678 
172.404599 
172.334398 
172.264073 
172.193625 
172.123051 
172.052352 
171.981527 
171.910576 
171.839497 
171.768291 
171.696957 
171.625494 
171.553902 
171.482180 
171.410327 
171.338343 
171.266227 
171.193979 
171.121597 
171.049082 
170.976433 
170.903648 
170.830728 
170.757672 
170.684479 
170.611148 
170.537679 
170.464071 
170.390324 
170.316436 
170.242408 
170.168238 
170.093925 
170.019470 
169.944871 
169.870127 
169.795238 
169.720204 
169.645023 
169.569694 
169.494218 
169.418592 
169.342817 
169.266892 
169.190816 
169.114588 
169.038207 
168.961673 
168.884985 
168.808142 
168.731143 
168.653988 
168.576675 
168.499204 
168.421574 
168.343784 
168.265833 
168.187721 
168.109446 
168.031009 
167.952407 
167.873640 
167.794707 
167.715607 
167.636340 
167.556904 
167.477299 
167.397523 
167.317576 
167.237457 
167.157164 
167.076697 
166.996056 
166.915238 
166.834243 
166.753069 
166.671717 
166.590185 
166.508472 
166.426576 
166.344498 
166.262235 
166.179787 
166.097153 
166.014331 
165.931321 
165.848121 
165.764731 
165.681149 
165.597375 
165.513406 
165.429242 
165.344882 
165.260324 
165.175568 
165.090612 
165.005456 
164.920096 
164.834534 
164.748767 
164.662794 
164.576614 
164.490226 
164.403628 
164.316819 
164.229797 
164.142563 
164.055113 
163.967447 
163.879564 
163.791461 
163.703139 
163.614594 
163.525827 
163.436835 
163.347617 
163.258171 
163.168497 
163.078592 
162.988456 
162.898086 
162.807481 
162.716640 
162.625561 
162.534242 
162.442682 
162.350879 
162.258832 
162.166539 
162.073998 
161.981208 
161.888167 
161.794873 
161.701325 
161.607520 
161.513457 
161.419135 
161.324551 
161.229703 
161.134590 
161.039211 
160.943562 
160.847642 
160.751449 
160.654981 
160.558237 
160.461214 
160.363910 
160.266323 
160.168451 
160.070293 
159.971845 
159.873106 
159.774073 
159.674745 
159.575119 
159.475193 
159.374965 
159.274432 
159.173592 
159.072442 
158.970981 
158.869206 
158.767115 
158.664704 
158.561972 
158.458916 
158.355534 
158.251822 
158.147778 
158.043400 
157.938685 
157.833630 
157.728233 
157.622490 
157.516398 
157.409956 
157.303160 
157.196006 
157.088493 
156.980617 
156.872374 
156.763763 
156.654779 
156.545420 
156.435682 
156.325563 
156.215058 
156.104164 
155.992878 
155.881197 
155.769117 
155.656634 
155.543745 
155.430446 
155.316734 
155.202605 
155.088054 
154.973078 
154.857674 
154.741837 
154.625562 
154.508847 
154.391687 
154.274077 
154.156013 
154.037492 
153.918508 
153.799057 
153.679135 
153.558736 
153.437857 
153.316492 
153.194637 
153.072286 
152.949435 
152.826079 
152.702212 
152.577830 
152.452926 
152.327496 
152.201534 
152.075034 
151.947991 
151.820398 
151.692251 
151.563543 
151.434268 
151.304419 
151.173991 
151.042978 
150.911372 
150.779166 
150.646356 
150.512932 
150.378889 
150.244219 
150.108915 
149.972970 
149.836376 
149.699126 
149.561211 
149.422624 
149.283357 
149.143402 
149.002749 
148.861391 
148.719319 
148.576524 
148.432997 
148.288728 
148.143709 
147.997929 
147.851378 
147.704048 
147.555927 
147.407005 
147.257272 
147.106716 
146.955327 
146.803093 
146.650002 
146.496043 
146.341204 
146.185471 
146.028834 
145.871278 
145.712791 
145.553358 
145.392967 
145.231602 
145.069251 
144.905896 
144.741525 
144.576120 
144.409667 
144.242148 
144.073548 
143.903848 
143.733032 
143.561082 
143.387979 
143.213704 
143.038238 
142.861560 
142.683652 
142.504490 
142.324055 
142.142324 
141.959273 
141.774881 
141.589122 
141.401972 
141.213406 
141.023398 
140.831920 
140.638945 
140.444444 
140.248388 
140.050747 
139.851490 
139.650584 
139.447996 
139.243692 
139.037637 
138.829793 
138.620124 
138.408590 
138.195151 
137.979765 
137.762389 
137.542979 
137.321488 
137.097869 
136.872071 
136.644043 
136.413733 
136.181083 
135.946037 
135.708536 
135.468516 
135.225913 
134.980659 
134.732686 
134.481918 
134.228281 
133.971695 
133.712076 
133.449339 
133.183392 
132.914141 
132.641486 
132.365323 
132.085544 
131.802033 
131.514670 
131.223330 
130.927879 
130.628177 
130.324076 
130.015420 
129.702045 
129.383776 
129.060429 
128.731809 
128.397708 
128.057905 
127.712166 
127.360240 
127.001860 
126.636741 
126.264577 
125.885040 
125.497777 
125.102410 
124.698528 
124.285690 
123.863415 
123.431184 
122.988429 
122.534531 
122.068812 
121.590529 
121.098862 
120.592904 
120.071650 
119.533979 
118.978637 
118.404216 
117.809121 
117.191543 
116.549412 
115.880348 
115.181587 
114.449901 
113.681478 
112.871774 
112.015306 
111.105368 
110.133630 
109.089552 
107.959512 
106.725433 
105.362556 
103.835575 
102.091448 
100.044673 
97.542709 
94.266239 
89.312812 
75.449188 
NaN
NaN
NaN
NaN
NaN
NaN
NaN
NaN
NaN
NaN
NaN
NaN
NaN
NaN
NaN
NaN
NaN
NaN
NaN
NaN
NaN
NaN
NaN
NaN
NaN
NaN
NaN
NaN
NaN
NaN
NaN
NaN
NaN
NaN
NaN
