198.224365 
198.200061 
198.175758 
198.151454 
198.127150 
198.102846 
198.078543 
198.054239 
198.029935 
198.005631 
197.981328 
197.957024 
197.932720 
197.908416 
197.884113 
197.859809 
197.835505 
197.811201 
197.786898 
197.762594 
197.738290 
197.713986 
197.689683 
197.665379 
197.641075 
197.616771 
197.592468 
197.568164 
197.543860 
197.519556 
197.495253 
197.470949 
197.446645 
197.422341 
197.398038 
197.373734 
197.349430 
197.325126 
197.300822 
197.276519 
197.252215 
197.227911 
197.203607 
197.179304 
197.155000 
197.130696 
197.106392 
197.082089 
197.057785 
197.033481 
197.009177 
196.984874 
196.960570 
196.936266 
196.911962 
196.887659 
196.863355 
196.839051 
196.814747 
196.790444 
196.766140 
196.741836 
196.717532 
196.693229 
196.668925 
196.644621 
196.620317 
196.596014 
196.571710 
196.547406 
196.523102 
196.498799 
196.474495 
196.450191 
196.425887 
196.401583 
196.377280 
196.352976 
196.328672 
196.304368 
196.280065 
196.255761 
196.231457 
196.207153 
196.182850 
196.158546 
196.134242 
196.109938 
196.085635 
196.061331 
196.037027 
196.012723 
195.988420 
195.964116 
195.939812 
195.915508 
195.891205 
195.866901 
195.842597 
195.818293 
195.793990 
195.769686 
195.745382 
195.721078 
195.696775 
195.672471 
195.648167 
195.623863 
195.599560 
195.575256 
195.550952 
195.526648 
195.502344 
195.478041 
195.453737 
195.429433 
195.405129 
195.380826 
195.356522 
195.332218 
195.307914 
195.283611 
195.259307 
195.235003 
195.210699 
195.186396 
195.162092 
195.137788 
195.113484 
195.089181 
195.064877 
195.040573 
195.016269 
194.991966 
194.967662 
194.943358 
194.919054 
194.894751 
194.870447 
194.846143 
194.821839 
194.797536 
194.773232 
194.748928 
194.724624 
194.700321 
194.676017 
194.651713 
194.627409 
194.603105 
194.578802 
194.554498 
194.530194 
194.505890 
194.481587 
194.457283 
194.432979 
194.408675 
194.384372 
194.360068 
194.335764 
194.311460 
194.287157 
194.262853 
194.238549 
194.214245 
194.189942 
194.165638 
194.141334 
194.117030 
194.092727 
194.068423 
194.044119 
194.019815 
193.995512 
193.971208 
193.946904 
193.922600 
193.898297 
193.873993 
193.849689 
193.825385 
193.801082 
193.776778 
193.752474 
193.728170 
193.703866 
193.679563 
193.655259 
193.630955 
193.606651 
193.582348 
193.558044 
193.533740 
193.509436 
193.485133 
193.460829 
193.436525 
193.412221 
193.387918 
193.363614 
193.339310 
193.315006 
193.290703 
193.266399 
193.242095 
193.217791 
193.193488 
193.169184 
193.144880 
193.120576 
193.096273 
193.071969 
193.047665 
193.023361 
192.999058 
192.974754 
192.950450 
192.926146 
192.901843 
192.877539 
192.853235 
192.828931 
192.804628 
192.780324 
192.756020 
192.731716 
192.707412 
192.683109 
192.658805 
192.634501 
192.610197 
192.585894 
192.561590 
192.537286 
192.512982 
192.488679 
192.464375 
192.440071 
192.415767 
192.391464 
192.367160 
192.342856 
192.318552 
192.294249 
192.269945 
192.245641 
192.221337 
192.197034 
192.172730 
192.148426 
192.124122 
192.099819 
192.075515 
192.051211 
192.026907 
192.002604 
191.978300 
191.953996 
191.929692 
191.905389 
191.881085 
191.856781 
191.832477 
191.808173 
191.783870 
191.759566 
191.735262 
191.710958 
191.686655 
191.662351 
191.638047 
191.613743 
191.589440 
191.565136 
191.540832 
191.516528 
191.492225 
191.467921 
191.443617 
191.419313 
191.395010 
191.370706 
191.346402 
191.322098 
191.297795 
191.273491 
191.249187 
191.224883 
191.200580 
191.176276 
191.151972 
191.127668 
191.103365 
191.079061 
191.054757 
191.030453 
191.006150 
190.981846 
190.957542 
190.933238 
190.908934 
190.884631 
190.860327 
190.836023 
190.811719 
190.787416 
190.763112 
190.738808 
190.714504 
190.690201 
190.665897 
190.641593 
190.617289 
190.592986 
190.568682 
190.544378 
190.520074 
190.495771 
190.471467 
190.447163 
190.422859 
190.398556 
190.374252 
190.349948 
190.325644 
190.301341 
190.277037 
190.252733 
190.228429 
190.204126 
190.179822 
190.155518 
190.131214 
190.106911 
190.082607 
190.058303 
190.033999 
190.009695 
189.985392 
189.961088 
189.936784 
189.912480 
189.888177 
189.863873 
189.839569 
189.815265 
189.790962 
189.766658 
189.742354 
189.718050 
189.693747 
189.669443 
189.645139 
189.620835 
189.596532 
189.572228 
189.547924 
189.523620 
189.499317 
189.475013 
189.450709 
189.426405 
189.402102 
189.377798 
189.353494 
189.329190 
189.304887 
189.280583 
189.256279 
189.231975 
189.207672 
189.183368 
189.159064 
189.134760 
189.110456 
189.086153 
189.061849 
189.037545 
189.013241 
188.988938 
188.964634 
188.940330 
188.916026 
188.891723 
188.867419 
188.843115 
188.818811 
188.794508 
188.770204 
188.745900 
188.721596 
188.697293 
188.672989 
188.648685 
188.624381 
188.600078 
188.575774 
188.551470 
188.527166 
188.502863 
188.478559 
188.454255 
188.429951 
188.405648 
188.381344 
188.357040 
188.332736 
188.308433 
188.284129 
188.259825 
188.235521 
188.211217 
188.186914 
188.162610 
188.138306 
188.114002 
188.089699 
188.065395 
188.041091 
188.016787 
187.992484 
187.968180 
187.943876 
187.919572 
187.895269 
187.870965 
187.846661 
187.822357 
187.798054 
187.773750 
187.749446 
187.725142 
187.700839 
187.676535 
187.652231 
187.627927 
187.603624 
187.579320 
187.555016 
187.530712 
187.506409 
187.482105 
187.457801 
187.433497 
187.409194 
187.384890 
187.360586 
187.336282 
187.311978 
187.287675 
187.263371 
187.239067 
187.214763 
187.190460 
187.166156 
187.141852 
187.117548 
187.093245 
187.068941 
187.044637 
187.020333 
186.996030 
186.971726 
186.947422 
186.923118 
186.898815 
186.874511 
186.850207 
186.825903 
186.801600 
186.777296 
186.752992 
186.728688 
186.704385 
186.680081 
186.655777 
186.631473 
186.607170 
186.582866 
186.558562 
186.534258 
186.509955 
186.485651 
186.461347 
186.437043 
186.412740 
186.388436 
186.364132 
186.339828 
186.315524 
186.291221 
186.266917 
186.242613 
186.218309 
186.194006 
186.169702 
186.145398 
186.121094 
186.096791 
186.072487 
186.048183 
186.023879 
185.999576 
185.975272 
185.950968 
185.926664 
185.902361 
185.878057 
185.853753 
185.829449 
185.805146 
185.780842 
185.756538 
185.732234 
185.707931 
185.683627 
185.659323 
185.635019 
185.610716 
185.586412 
185.562108 
185.537804 
185.513501 
185.489197 
185.464893 
185.440589 
185.416285 
185.391982 
185.367678 
185.343374 
185.319070 
185.294767 
185.270463 
185.246159 
185.221855 
185.197552 
185.173248 
185.148944 
185.124640 
185.100337 
185.076033 
185.051729 
185.027425 
185.003122 
184.978818 
184.954514 
184.930210 
184.905907 
184.881603 
184.857299 
184.832995 
184.808692 
184.784388 
184.760084 
184.735780 
184.711477 
184.687173 
184.662869 
184.638565 
184.614262 
184.589958 
184.565654 
184.541350 
184.517046 
184.492743 
184.468439 
184.444135 
184.419831 
184.395528 
184.371224 
184.346920 
184.322616 
184.298313 
184.274009 
184.249705 
184.225401 
184.201098 
184.176794 
184.152490 
184.128186 
184.103883 
184.079579 
184.055275 
184.030971 
184.006668 
183.982364 
183.958060 
183.933756 
183.909453 
183.885149 
183.860845 
183.836541 
183.812238 
183.787934 
183.763630 
183.739326 
183.715023 
183.690719 
183.666415 
183.642111 
183.617807 
183.593504 
183.569200 
183.544896 
183.520592 
183.496289 
183.471985 
183.447681 
183.423377 
183.399074 
183.374770 
183.350466 
183.326162 
183.301859 
183.277555 
183.253251 
183.228947 
183.204644 
183.180340 
183.156036 
183.131732 
183.107429 
183.083125 
183.058821 
183.034517 
183.010214 
182.985910 
182.961606 
182.937302 
182.912999 
182.888695 
182.864391 
182.840087 
182.815784 
182.791480 
182.767176 
182.742872 
182.718568 
182.694265 
182.669961 
182.645657 
182.621353 
182.597050 
182.572746 
182.548442 
182.524138 
182.499835 
182.475531 
182.451227 
182.426923 
182.402620 
182.378316 
182.354012 
182.329708 
182.305405 
182.281101 
182.256797 
182.232493 
182.208190 
182.183886 
182.159582 
182.135278 
182.110975 
182.086671 
182.062367 
182.038063 
182.013760 
181.989456 
181.965152 
181.940848 
181.916545 
181.892241 
181.867937 
181.843633 
181.819329 
181.795026 
181.770722 
181.746418 
181.722114 
181.697811 
181.673507 
181.649203 
181.624899 
181.600596 
181.576292 
181.551988 
181.527684 
181.503381 
181.479077 
181.454773 
181.430469 
181.406166 
181.381862 
181.357558 
181.333254 
181.308951 
181.284647 
181.260343 
181.236039 
181.211736 
181.187432 
181.163128 
181.138824 
181.114521 
181.090217 
181.065913 
181.041609 
181.017306 
180.993002 
180.968698 
180.944394 
180.920090 
180.895787 
180.871483 
180.847179 
180.822875 
180.798572 
180.774268 
180.749964 
180.725660 
180.701357 
180.677053 
180.652749 
180.628445 
180.604142 
180.579838 
180.555534 
180.531230 
180.506927 
180.482623 
180.458319 
180.434015 
180.409712 
180.385408 
180.361104 
180.336800 
180.312497 
180.288193 
180.263889 
180.239585 
180.215282 
180.190978 
180.166674 
180.142370 
180.118067 
180.093763 
180.069459 
180.045155 
180.020852 
179.996548 
179.972244 
179.947940 
179.923636 
179.899333 
179.875029 
179.850725 
179.826421 
179.802118 
179.777814 
179.753510 
179.729206 
179.704903 
179.680599 
179.656295 
179.631991 
179.607688 
179.583384 
179.559080 
179.534776 
179.510473 
179.486169 
179.461865 
179.437561 
179.413258 
179.388954 
179.364650 
179.340346 
179.316043 
179.291739 
179.267435 
179.243131 
179.218828 
179.194524 
179.170220 
179.145916 
179.121613 
179.097309 
179.073005 
179.048701 
179.024397 
179.000094 
178.975790 
178.951486 
178.927182 
178.902879 
178.878575 
178.854271 
178.829967 
178.805664 
178.781360 
178.757056 
178.732752 
178.708449 
178.684145 
178.659841 
178.635537 
178.611234 
178.586930 
178.562626 
178.538322 
178.514019 
178.489715 
178.465411 
178.441107 
178.416804 
178.392500 
178.368196 
178.343892 
178.319589 
178.295285 
178.270981 
178.246677 
178.222374 
178.198070 
178.173766 
178.149462 
178.125158 
178.100855 
178.076551 
178.052247 
178.027943 
178.003640 
177.979336 
177.955032 
177.930728 
177.906425 
177.882121 
177.857817 
177.833513 
177.809210 
177.784906 
177.760602 
177.736298 
177.711995 
177.687691 
177.663387 
177.639083 
177.614780 
177.590476 
177.566172 
177.541868 
177.517565 
177.493261 
177.468957 
177.444653 
177.420350 
177.396046 
177.371742 
177.347438 
177.323135 
177.298831 
177.274527 
177.250223 
177.225919 
177.201616 
177.177312 
177.153008 
177.128704 
177.104401 
177.080097 
177.055793 
177.031489 
177.007186 
176.982882 
176.958578 
176.934274 
176.909971 
176.885667 
176.861363 
176.837059 
176.812756 
176.788452 
176.764148 
176.739844 
176.715541 
176.691237 
176.666933 
176.642629 
176.618326 
176.594022 
176.569718 
176.545414 
176.521111 
176.496807 
176.472503 
176.448199 
176.423896 
176.399592 
176.375288 
176.350984 
176.326680 
176.302377 
176.278073 
176.253769 
176.229465 
176.205162 
176.180858 
176.156554 
176.132250 
176.107947 
176.083643 
176.059339 
176.035035 
176.010732 
175.986428 
175.962124 
175.937820 
175.913517 
175.889213 
175.864909 
175.840605 
175.816302 
175.791998 
175.767694 
175.743390 
175.719087 
175.694783 
175.670479 
175.646175 
175.621872 
175.597568 
175.573264 
175.548960 
175.524657 
175.500353 
175.476049 
175.451745 
175.427441 
175.403138 
175.378834 
175.354530 
175.330226 
175.305923 
175.281619 
175.257315 
175.233011 
175.208708 
175.184404 
175.160100 
175.135796 
175.111493 
175.087189 
175.062885 
175.038581 
175.014278 
174.989974 
174.965670 
174.941366 
174.917063 
174.892759 
174.868455 
174.844151 
174.819848 
174.795544 
174.771240 
174.746936 
174.722633 
174.698329 
174.674025 
174.649721 
174.625418 
174.601114 
174.576810 
174.552506 
174.528202 
174.503899 
174.479595 
174.455291 
174.430987 
174.406684 
174.382380 
174.358076 
174.333772 
174.309469 
174.285165 
174.260861 
174.236557 
174.212254 
174.187950 
174.163646 
174.139342 
174.115039 
174.090735 
174.066431 
174.042127 
174.017824 
173.993520 
173.969216 
173.944912 
173.920609 
173.896305 
173.872001 
173.847697 
173.823394 
173.799090 
173.774786 
173.750482 
173.726179 
173.701875 
173.677571 
173.653267 
173.628964 
173.604660 
173.580356 
173.556052 
173.531748 
173.507445 
173.483141 
173.458837 
173.434533 
173.410230 
173.385926 
173.361622 
173.337318 
173.313015 
173.288711 
173.264407 
173.240103 
173.215800 
173.191496 
173.167192 
173.142888 
173.118585 
173.094281 
173.069977 
173.045673 
173.021370 
172.997066 
172.972762 
172.948458 
172.924155 
172.899851 
172.875547 
172.851243 
172.826940 
172.802636 
172.778332 
172.754028 
172.729725 
172.705421 
172.681117 
172.656813 
172.632509 
172.608206 
172.583902 
172.559598 
172.535294 
172.510991 
172.486687 
172.462383 
172.438079 
172.413776 
172.389472 
172.365168 
172.340864 
172.316561 
172.292257 
172.267953 
172.243649 
172.219346 
172.195042 
172.170738 
172.146434 
172.122131 
172.097827 
172.073523 
172.049219 
172.024916 
172.000612 
171.976308 
171.952004 
171.927701 
171.903397 
171.879093 
171.854789 
171.830486 
171.806182 
171.781878 
171.757574 
171.733270 
171.708967 
171.684663 
171.660359 
171.636055 
171.611752 
171.587448 
171.563144 
171.538840 
171.514537 
171.490233 
171.465929 
171.441625 
171.417322 
171.393018 
171.368714 
171.344410 
171.320107 
171.295803 
171.271499 
171.247195 
171.222892 
171.198588 
171.174284 
171.149980 
171.125677 
171.101373 
171.077069 
171.052765 
171.028462 
171.004158 
170.979854 
170.955550 
170.931247 
170.906943 
170.882639 
170.858335 
170.834031 
170.809728 
170.785424 
170.761120 
170.736816 
170.712513 
170.688209 
170.663905 
170.639601 
170.615298 
170.590994 
170.566690 
170.542386 
170.518083 
170.493779 
170.469475 
170.445171 
170.420868 
170.396564 
170.372260 
170.347956 
170.323653 
170.299349 
170.275045 
170.250741 
170.226438 
170.202134 
170.177830 
170.153526 
170.129223 
170.104919 
170.080615 
170.056311 
170.032008 
170.007704 
169.983400 
169.959096 
169.934792 
169.910489 
169.886185 
169.861881 
169.837577 
169.813274 
169.788970 
169.764666 
169.740362 
169.716059 
169.691755 
169.667451 
169.643147 
169.618844 
169.594540 
169.570236 
169.545932 
169.521629 
169.497325 
169.473021 
169.448717 
169.424414 
169.400110 
169.375806 
169.351502 
169.327199 
169.302895 
169.278591 
169.254287 
169.229984 
169.205680 
169.181376 
169.157072 
169.132769 
169.108465 
169.084161 
169.059857 
169.035553 
169.011250 
168.986946 
168.962642 
168.938338 
168.914035 
168.889731 
168.865427 
168.841123 
168.816820 
168.792516 
168.768212 
168.743908 
168.719605 
168.695301 
168.670997 
168.646693 
168.622390 
168.598086 
168.573782 
168.549478 
168.525175 
168.500871 
168.476567 
168.452263 
168.427960 
168.403656 
168.379352 
168.355048 
168.330745 
168.306441 
168.282137 
168.257833 
168.233530 
168.209226 
168.184922 
168.160618 
168.136314 
168.112011 
168.087707 
168.063403 
168.039099 
168.014796 
167.990492 
167.966188 
167.941884 
167.917581 
167.893277 
167.868973 
167.844669 
167.820366 
167.796062 
167.771758 
167.747454 
167.723151 
167.698847 
167.674543 
167.650239 
167.625936 
167.601632 
167.577328 
167.553024 
167.528721 
167.504417 
167.480113 
167.455809 
167.431506 
167.407202 
167.382898 
167.358594 
167.334291 
167.309987 
167.285683 
167.261379 
167.237076 
167.212772 
167.188468 
167.164164 
167.139860 
167.115557 
167.091253 
167.066949 
167.042645 
167.018342 
166.994038 
166.969734 
166.945430 
166.921127 
166.896823 
166.872519 
166.848215 
166.823912 
166.799608 
166.775304 
166.751000 
166.726697 
166.702393 
166.678089 
166.653785 
166.629482 
166.605178 
166.580874 
166.556570 
166.532267 
166.507963 
166.483659 
166.459355 
166.435052 
166.410748 
166.386444 
166.362140 
166.337837 
166.313533 
166.289229 
166.264925 
166.240621 
166.216318 
166.192014 
166.167710 
166.143406 
166.119103 
166.094799 
166.070495 
166.046191 
166.021888 
165.997584 
165.973280 
165.948976 
165.924673 
165.900369 
165.876065 
165.851761 
165.827458 
165.803154 
165.778850 
165.754546 
165.730243 
165.705939 
165.681635 
165.657331 
165.633028 
165.608724 
165.584420 
165.560116 
165.535813 
165.511509 
165.487205 
165.462901 
165.438598 
165.414294 
165.389990 
165.365686 
165.341382 
165.317079 
165.292775 
165.268471 
165.244167 
165.219864 
165.195560 
165.171256 
165.146952 
165.122649 
165.098345 
165.074041 
165.049737 
165.025434 
165.001130 
164.976826 
164.952522 
164.928219 
164.903915 
164.879611 
164.855307 
164.831004 
164.806700 
164.782396 
164.758092 
164.733789 
164.709485 
164.685181 
164.660877 
164.636574 
164.612270 
164.587966 
164.563662 
164.539359 
164.515055 
164.490751 
164.466447 
164.442143 
164.417840 
164.393536 
164.369232 
164.344928 
164.320625 
164.296321 
164.272017 
164.247713 
164.223410 
164.199106 
164.174802 
164.150498 
164.126195 
164.101891 
164.077587 
164.053283 
164.028980 
164.004676 
163.980372 
163.956068 
163.931765 
163.907461 
163.883157 
163.858853 
163.834550 
163.810246 
163.785942 
163.761638 
163.737335 
163.713031 
163.688727 
163.664423 
163.640120 
163.615816 
163.591512 
163.567208 
163.542904 
163.518601 
163.494297 
163.469993 
163.445689 
163.421386 
163.397082 
163.372778 
163.348474 
163.324171 
163.299867 
163.275563 
163.251259 
163.226956 
163.202652 
163.178348 
163.154044 
163.129741 
163.105437 
163.081133 
163.056829 
163.032526 
163.008222 
162.983918 
162.959614 
162.935311 
162.911007 
162.886703 
162.862399 
162.838096 
162.813792 
162.789488 
162.765184 
162.740881 
162.716577 
162.692273 
162.667969 
162.643665 
162.619362 
162.595058 
162.570754 
162.546450 
162.522147 
162.497843 
162.473539 
162.449235 
162.424932 
162.400628 
162.376324 
162.352020 
162.327717 
162.303413 
162.279109 
162.254805 
162.230502 
162.206198 
162.181894 
162.157590 
162.133287 
162.108983 
162.084679 
162.060375 
162.036072 
162.011768 
161.987464 
161.963160 
161.938857 
161.914553 
161.890249 
161.865945 
161.841642 
161.817338 
161.793034 
161.768730 
161.744426 
161.720123 
161.695819 
161.671515 
161.647211 
161.622908 
161.598604 
161.574300 
161.549996 
161.525693 
161.501389 
161.477085 
161.452781 
161.428478 
161.404174 
161.379870 
161.355566 
161.331263 
161.306959 
161.282655 
161.258351 
161.234048 
161.209744 
161.185440 
161.161136 
161.136833 
161.112529 
161.088225 
161.063921 
161.039618 
161.015314 
160.991010 
160.966706 
160.942403 
160.918099 
160.893795 
160.869491 
160.845188 
160.820884 
160.796580 
160.772276 
160.747972 
160.723669 
160.699365 
160.675061 
160.650757 
160.626454 
160.602150 
160.577846 
160.553542 
160.529239 
160.504935 
160.480631 
160.456327 
160.432024 
160.407720 
160.383416 
160.359112 
160.334809 
160.310505 
160.286201 
160.261897 
160.237594 
160.213290 
160.188986 
160.164682 
160.140379 
160.116075 
160.091771 
160.067467 
160.043164 
160.018860 
159.994556 
159.970252 
159.945949 
159.921645 
159.897341 
159.873037 
159.848733 
159.824430 
159.800126 
159.775822 
159.751518 
159.727215 
159.702911 
159.678607 
159.654303 
159.630000 
159.605696 
159.581392 
159.557088 
159.532785 
159.508481 
159.484177 
159.459873 
159.435570 
159.411266 
159.386962 
159.362658 
159.338355 
159.314051 
159.289747 
159.265443 
159.241140 
159.216836 
159.192532 
159.168228 
159.143925 
159.119621 
159.095317 
159.071013 
159.046710 
159.022406 
158.998102 
158.973798 
158.949494 
158.925191 
158.900887 
158.876583 
158.852279 
158.827976 
158.803672 
158.779368 
158.755064 
158.730761 
158.706457 
158.682153 
158.657849 
158.633546 
158.609242 
158.584938 
158.560634 
158.536331 
158.512027 
158.487723 
158.463419 
158.439116 
158.414812 
158.390508 
158.366204 
158.341901 
158.317597 
158.293293 
158.268989 
158.244686 
158.220382 
158.196078 
158.171774 
158.147471 
158.123167 
158.098863 
158.074559 
158.050255 
158.025952 
158.001648 
157.977344 
157.953040 
157.928737 
157.904433 
157.880129 
157.855825 
157.831522 
157.807218 
157.782914 
157.758610 
157.734307 
157.710003 
157.685699 
157.661395 
157.637092 
157.612788 
157.588484 
157.564180 
157.539877 
157.515573 
157.491269 
157.466965 
157.442662 
157.418358 
157.394054 
157.369750 
157.345447 
157.321143 
157.296839 
157.272535 
157.248232 
157.223928 
157.199624 
157.175320 
157.151016 
157.126713 
157.102409 
157.078105 
157.053801 
157.029498 
157.005194 
156.980890 
156.956586 
156.932283 
156.907979 
156.883675 
156.859371 
156.835068 
156.810764 
156.786460 
156.762156 
156.737853 
156.713549 
156.689245 
156.664941 
156.640638 
156.616334 
156.592030 
156.567726 
156.543423 
156.519119 
156.494815 
156.470511 
156.446208 
156.421904 
156.397600 
156.373296 
156.348993 
156.324689 
156.300385 
156.276081 
156.251777 
156.227474 
156.203170 
156.178866 
156.154562 
156.130259 
156.105955 
156.081651 
156.057347 
156.033044 
156.008740 
155.984436 
155.960132 
155.935829 
155.911525 
155.887221 
155.862917 
155.838614 
155.814310 
155.790006 
155.765702 
155.741399 
155.717095 
155.692791 
155.668487 
155.644184 
155.619880 
155.595576 
155.571272 
155.546969 
155.522665 
155.498361 
155.474057 
155.449754 
155.425450 
155.401146 
155.376842 
155.352538 
155.328235 
155.303931 
155.279627 
155.255323 
155.231020 
155.206716 
155.182412 
155.158108 
155.133805 
155.109501 
155.085197 
155.060893 
155.036590 
155.012286 
154.987982 
154.963678 
154.939375 
154.915071 
154.890767 
154.866463 
154.842160 
154.817856 
154.793552 
154.769248 
154.744945 
154.720641 
154.696337 
154.672033 
154.647730 
154.623426 
154.599122 
154.574818 
154.550515 
154.526211 
154.501907 
154.477603 
154.453300 
154.428996 
154.404692 
154.380388 
154.356084 
154.331781 
154.307477 
154.283173 
154.258869 
154.234566 
154.210262 
154.185958 
154.161654 
154.137351 
154.113047 
154.088743 
154.064439 
154.040136 
154.015832 
153.991528 
153.967224 
153.942921 
153.918617 
153.894313 
153.870009 
153.845706 
153.821402 
153.797098 
153.772794 
153.748491 
153.724187 
153.699883 
153.675579 
153.651276 
153.626972 
153.602668 
153.578364 
153.554061 
153.529757 
153.505453 
153.481149 
153.456845 
153.432542 
153.408238 
153.383934 
153.359630 
153.335327 
153.311023 
153.286719 
153.262415 
153.238112 
153.213808 
153.189504 
153.165200 
153.140897 
153.116593 
153.092289 
153.067985 
153.043682 
153.019378 
152.995074 
152.970770 
152.946467 
152.922163 
152.897859 
152.873555 
152.849252 
152.824948 
152.800644 
152.776340 
152.752037 
152.727733 
152.703429 
152.679125 
152.654822 
152.630518 
152.606214 
152.581910 
152.557606 
152.533303 
152.508999 
152.484695 
152.460391 
152.436088 
152.411784 
152.387480 
152.363176 
152.338873 
152.314569 
152.290265 
152.265961 
152.241658 
152.217354 
152.193050 
152.168746 
152.144443 
152.120139 
152.095835 
152.071531 
152.047228 
152.022924 
151.998620 
151.974316 
151.950013 
151.925709 
151.901405 
151.877101 
151.852798 
151.828494 
151.804190 
151.779886 
151.755583 
151.731279 
151.706975 
151.682671 
151.658367 
151.634064 
151.609760 
151.585456 
151.561152 
151.536849 
151.512545 
151.488241 
151.463937 
151.439634 
151.415330 
151.391026 
151.366722 
151.342419 
151.318115 
151.293811 
151.269507 
151.245204 
151.220900 
151.196596 
151.172292 
151.147989 
151.123685 
151.099381 
151.075077 
151.050774 
151.026470 
151.002166 
150.977862 
150.953559 
150.929255 
150.904951 
150.880647 
150.856344 
150.832040 
150.807736 
150.783432 
150.759128 
150.734825 
150.710521 
150.686217 
150.661913 
150.637610 
150.613306 
150.589002 
150.564698 
150.540395 
150.516091 
150.491787 
150.467483 
150.443180 
150.418876 
150.394572 
150.370268 
150.345965 
150.321661 
150.297357 
150.273053 
150.248750 
150.224446 
150.200142 
150.175838 
150.151535 
150.127231 
150.102927 
150.078623 
150.054320 
150.030016 
150.005712 
149.981408 
149.957105 
149.932801 
149.908497 
149.884193 
149.859889 
149.835586 
149.811282 
149.786978 
149.762674 
149.738371 
149.714067 
149.689763 
149.665459 
149.641156 
149.616852 
149.592548 
149.568244 
149.543941 
149.519637 
149.495333 
149.471029 
149.446726 
149.422422 
149.398118 
149.373814 
149.349511 
149.325207 
149.300903 
149.276599 
149.252296 
149.227992 
149.203688 
149.179384 
149.155081 
149.130777 
149.106473 
149.082169 
149.057866 
149.033562 
149.009258 
148.984954 
148.960650 
148.936347 
148.912043 
148.887739 
148.863435 
148.839132 
148.814828 
148.790524 
148.766220 
148.741917 
148.717613 
148.693309 
148.669005 
148.644702 
148.620398 
148.596094 
148.571790 
148.547487 
148.523183 
148.498879 
148.474575 
148.450272 
148.425968 
148.401664 
148.377360 
148.353057 
148.328753 
148.304449 
148.280145 
148.255842 
148.231538 
148.207234 
148.182930 
148.158627 
148.134323 
148.110019 
148.085715 
148.061411 
148.037108 
148.012804 
147.988500 
147.964196 
147.939893 
147.915589 
147.891285 
147.866981 
147.842678 
147.818374 
147.794070 
147.769766 
147.745463 
147.721159 
147.696855 
147.672551 
147.648248 
147.623944 
147.599640 
147.575336 
147.551033 
147.526729 
147.502425 
147.478121 
147.453818 
147.429514 
147.405210 
147.380906 
147.356603 
147.332299 
147.307995 
147.283691 
147.259388 
147.235084 
147.210780 
147.186476 
147.162173 
147.137869 
147.113565 
147.089261 
147.064957 
147.040654 
147.016350 
146.992046 
146.967742 
146.943439 
146.919135 
146.894831 
146.870527 
146.846224 
146.821920 
146.797616 
146.773312 
146.749009 
146.724705 
146.700401 
146.676097 
146.651794 
146.627490 
146.603186 
146.578882 
146.554579 
146.530275 
146.505971 
146.481667 
146.457364 
146.433060 
146.408756 
146.384452 
146.360149 
146.335845 
146.311541 
146.287237 
146.262934 
146.238630 
146.214326 
146.190022 
146.165718 
146.141415 
146.117111 
146.092807 
146.068503 
146.044200 
146.019896 
145.995592 
145.971288 
145.946985 
145.922681 
145.898377 
145.874073 
145.849770 
145.825466 
145.801162 
145.776858 
145.752555 
145.728251 
145.703947 
145.679643 
145.655340 
145.631036 
145.606732 
145.582428 
145.558125 
145.533821 
145.509517 
145.485213 
145.460910 
145.436606 
145.412302 
145.387998 
145.363695 
145.339391 
145.315087 
145.290783 
145.266479 
145.242176 
145.217872 
145.193568 
145.169264 
145.144961 
145.120657 
145.096353 
145.072049 
145.047746 
145.023442 
144.999138 
144.974834 
144.950531 
144.926227 
144.901923 
144.877619 
144.853316 
144.829012 
144.804708 
144.780404 
144.756101 
144.731797 
144.707493 
144.683189 
144.658886 
144.634582 
144.610278 
144.585974 
144.561671 
144.537367 
144.513063 
144.488759 
144.464456 
144.440152 
144.415848 
144.391544 
144.367240 
144.342937 
144.318633 
144.294329 
144.270025 
144.245722 
144.221418 
144.197114 
144.172810 
144.148507 
144.124203 
144.099899 
144.075595 
144.051292 
144.026988 
144.002684 
143.978380 
143.954077 
143.929773 
143.905469 
143.881165 
143.856862 
143.832558 
143.808254 
143.783950 
143.759647 
143.735343 
143.711039 
143.686735 
143.662432 
143.638128 
143.613824 
143.589520 
143.565217 
143.540913 
143.516609 
143.492305 
143.468001 
143.443698 
143.419394 
143.395090 
143.370786 
143.346483 
143.322179 
143.297875 
143.273571 
143.249268 
143.224964 
143.200660 
143.176356 
143.152053 
143.127749 
143.103445 
143.079141 
143.054838 
143.030534 
143.006230 
142.981926 
142.957623 
142.933319 
142.909015 
142.884711 
142.860408 
142.836104 
142.811800 
142.787496 
142.763193 
142.738889 
142.714585 
142.690281 
142.665978 
142.641674 
142.617370 
142.593066 
142.568762 
142.544459 
142.520155 
142.495851 
142.471547 
142.447244 
142.422940 
142.398636 
142.374332 
142.350029 
142.325725 
142.301421 
142.277117 
142.252814 
142.228510 
142.204206 
142.179902 
142.155599 
142.131295 
142.106991 
142.082687 
142.058384 
142.034080 
142.009776 
141.985472 
141.961169 
141.936865 
141.912561 
141.888257 
141.863954 
141.839650 
141.815346 
141.791042 
141.766739 
141.742435 
141.718131 
141.693827 
141.669523 
141.645220 
141.620916 
141.596612 
141.572308 
141.548005 
141.523701 
141.499397 
141.475093 
141.450790 
141.426486 
141.402182 
141.377878 
141.353575 
141.329271 
141.304967 
141.280663 
141.256360 
141.232056 
141.207752 
141.183448 
141.159145 
141.134841 
141.110537 
141.086233 
141.061930 
141.037626 
141.013322 
140.989018 
140.964715 
140.940411 
140.916107 
140.891803 
140.867500 
140.843196 
140.818892 
140.794588 
140.770285 
140.745981 
140.721677 
140.697373 
140.673069 
140.648766 
140.624462 
140.600158 
140.575854 
140.551551 
140.527247 
140.502943 
140.478639 
140.454336 
140.430032 
140.405728 
140.381424 
140.357121 
140.332817 
140.308513 
140.284209 
140.259906 
140.235602 
140.211298 
140.186994 
140.162691 
140.138387 
140.114083 
140.089779 
140.065476 
140.041172 
140.016868 
139.992564 
139.968261 
139.943957 
139.919653 
139.895349 
139.871046 
139.846742 
139.822438 
139.798134 
139.773830 
139.749527 
139.725223 
139.700919 
139.676615 
139.652312 
139.628008 
139.603704 
139.579400 
139.555097 
139.530793 
139.506489 
139.482185 
139.457882 
139.433578 
139.409274 
139.384970 
139.360667 
139.336363 
139.312059 
139.287755 
139.263452 
139.239148 
139.214844 
139.190540 
139.166237 
139.141933 
139.117629 
139.093325 
139.069022 
139.044718 
139.020414 
138.996110 
138.971807 
138.947503 
138.923199 
138.898895 
138.874591 
138.850288 
138.825984 
138.801680 
138.777376 
138.753073 
138.728769 
138.704465 
138.680161 
138.655858 
138.631554 
138.607250 
138.582946 
138.558643 
138.534339 
138.510035 
138.485731 
138.461428 
138.437124 
138.412820 
138.388516 
138.364213 
138.339909 
138.315605 
138.291301 
138.266998 
138.242694 
138.218390 
138.194086 
138.169783 
138.145479 
138.121175 
138.096871 
138.072568 
138.048264 
138.023960 
137.999656 
137.975352 
137.951049 
137.926745 
137.902441 
137.878137 
137.853834 
137.829530 
137.805226 
137.780922 
137.756619 
137.732315 
137.708011 
137.683707 
137.659404 
137.635100 
137.610796 
137.586492 
137.562189 
137.537885 
137.513581 
137.489277 
137.464974 
137.440670 
137.416366 
137.392062 
137.367759 
137.343455 
137.319151 
137.294847 
137.270544 
137.246240 
137.221936 
137.197632 
137.173329 
137.149025 
137.124721 
137.100417 
137.076113 
137.051810 
137.027506 
137.003202 
136.978898 
136.954595 
136.930291 
136.905987 
136.881683 
136.857380 
136.833076 
136.808772 
136.784468 
136.760165 
136.735861 
136.711557 
136.687253 
136.662950 
136.638646 
136.614342 
136.590038 
136.565735 
136.541431 
136.517127 
136.492823 
136.468520 
136.444216 
136.419912 
136.395608 
136.371305 
136.347001 
136.322697 
136.298393 
136.274090 
136.249786 
136.225482 
136.201178 
136.176874 
136.152571 
136.128267 
136.103963 
136.079659 
136.055356 
136.031052 
136.006748 
135.982444 
135.958141 
135.933837 
135.909533 
135.885229 
135.860926 
135.836622 
135.812318 
135.788014 
135.763711 
135.739407 
135.715103 
135.690799 
135.666496 
135.642192 
135.617888 
135.593584 
135.569281 
135.544977 
135.520673 
135.496369 
135.472066 
135.447762 
135.423458 
135.399154 
135.374851 
135.350547 
135.326243 
135.301939 
135.277635 
135.253332 
135.229028 
135.204724 
135.180420 
135.156117 
135.131813 
135.107509 
135.083205 
135.058902 
135.034598 
135.010294 
134.985990 
134.961687 
134.937383 
134.913079 
134.888775 
134.864472 
134.840168 
134.815864 
134.791560 
134.767257 
134.742953 
134.718649 
134.694345 
134.670042 
134.645738 
134.621434 
134.597130 
134.572827 
134.548523 
134.524219 
134.499915 
134.475612 
134.451308 
134.427004 
134.402700 
134.378397 
134.354093 
134.329789 
134.305485 
134.281181 
134.256878 
134.232574 
134.208270 
134.183966 
134.159663 
134.135359 
134.111055 
134.086751 
134.062448 
134.038144 
134.013840 
133.989536 
133.965233 
133.940929 
133.916625 
133.892321 
133.868018 
133.843714 
133.819410 
133.795106 
133.770803 
133.746499 
133.722195 
133.697891 
133.673588 
133.649284 
133.624980 
133.600676 
133.576373 
133.552069 
133.527765 
133.503461 
133.479158 
133.454854 
133.430550 
133.406246 
133.381942 
133.357639 
133.333335 
133.309031 
133.284727 
133.260424 
133.236120 
133.211816 
133.187512 
133.163209 
133.138905 
133.114601 
133.090297 
133.065994 
133.041690 
133.017386 
132.993082 
132.968779 
132.944475 
132.920171 
132.895867 
132.871564 
132.847260 
132.822956 
132.798652 
132.774349 
132.750045 
132.725741 
132.701437 
132.677134 
132.652830 
132.628526 
132.604222 
132.579919 
132.555615 
132.531311 
132.507007 
132.482703 
132.458400 
132.434096 
132.409792 
132.385488 
132.361185 
132.336881 
132.312577 
132.288273 
132.263970 
132.239666 
132.215362 
132.191058 
132.166755 
132.142451 
132.118147 
132.093843 
132.069540 
132.045236 
132.020932 
131.996628 
131.972325 
131.948021 
131.923717 
131.899413 
131.875110 
131.850806 
131.826502 
131.802198 
131.777895 
131.753591 
131.729287 
131.704983 
131.680680 
131.656376 
131.632072 
131.607768 
131.583464 
131.559161 
131.534857 
131.510553 
131.486249 
131.461946 
131.437642 
131.413338 
131.389034 
131.364731 
131.340427 
131.316123 
131.291819 
131.267516 
131.243212 
131.218908 
131.194604 
131.170301 
131.145997 
131.121693 
131.097389 
131.073086 
131.048782 
131.024478 
131.000174 
130.975871 
130.951567 
130.927263 
130.902959 
130.878656 
130.854352 
130.830048 
130.805744 
130.781441 
130.757137 
130.732833 
130.708529 
130.684225 
130.659922 
130.635618 
130.611314 
130.587010 
130.562707 
130.538403 
130.514099 
130.489795 
130.465492 
130.441188 
130.416884 
130.392580 
130.368277 
130.343973 
130.319669 
130.295365 
130.271062 
130.246758 
130.222454 
130.198150 
130.173847 
130.149543 
130.125239 
130.100935 
130.076632 
130.052328 
130.028024 
130.003720 
129.979417 
129.955113 
129.930809 
129.906505 
129.882202 
129.857898 
129.833594 
129.809290 
129.784986 
129.760683 
129.736379 
129.712075 
129.687771 
129.663468 
129.639164 
129.614860 
129.590556 
129.566253 
129.541949 
129.517645 
129.493341 
129.469038 
129.444734 
129.420430 
129.396126 
129.371823 
129.347519 
129.323215 
129.298911 
129.274608 
129.250304 
129.226000 
129.201696 
129.177393 
129.153089 
129.128785 
129.104481 
129.080178 
129.055874 
129.031570 
129.007266 
128.982963 
128.958659 
128.934355 
128.910051 
128.885747 
128.861444 
128.837140 
128.812836 
128.788532 
128.764229 
128.739925 
128.715621 
128.691317 
128.667014 
128.642710 
128.618406 
128.594102 
128.569799 
128.545495 
128.521191 
128.496887 
128.472584 
128.448280 
128.423976 
128.399672 
128.375369 
128.351065 
128.326761 
128.302457 
128.278154 
128.253850 
128.229546 
128.205242 
128.180939 
128.156635 
128.132331 
128.108027 
128.083724 
128.059420 
128.035116 
128.010812 
127.986509 
127.962205 
127.937901 
127.913597 
127.889293 
127.864990 
127.840686 
127.816382 
127.792078 
127.767775 
127.743471 
127.719167 
127.694863 
127.670560 
127.646256 
127.621952 
127.597648 
127.573345 
127.549041 
127.524737 
127.500433 
127.476130 
127.451826 
127.427522 
127.403218 
127.378915 
127.354611 
127.330307 
127.306003 
127.281700 
127.257396 
127.233092 
127.208788 
127.184485 
127.160181 
127.135877 
127.111573 
127.087270 
127.062966 
127.038662 
127.014358 
126.990054 
126.965751 
126.941447 
126.917143 
126.892839 
126.868536 
126.844232 
126.819928 
126.795624 
126.771321 
126.747017 
126.722713 
126.698409 
126.674106 
126.649802 
126.625498 
126.601194 
126.576891 
126.552587 
126.528283 
126.503979 
126.479676 
126.455372 
126.431068 
126.406764 
126.382461 
126.358157 
126.333853 
126.309549 
126.285246 
126.260942 
126.236638 
126.212334 
126.188031 
126.163727 
126.139423 
126.115119 
126.090815 
126.066512 
126.042208 
126.017904 
125.993600 
125.969297 
125.944993 
125.920689 
125.896385 
125.872082 
125.847778 
125.823474 
125.799170 
125.774867 
125.750563 
125.726259 
125.701955 
125.677652 
125.653348 
125.629044 
125.604740 
125.580437 
125.556133 
125.531829 
125.507525 
125.483222 
125.458918 
125.434614 
125.410310 
125.386007 
125.361703 
125.337399 
125.313095 
125.288792 
125.264488 
125.240184 
125.215880 
125.191576 
125.167273 
125.142969 
125.118665 
125.094361 
125.070058 
125.045754 
125.021450 
124.997146 
124.972843 
124.948539 
124.924235 
124.899931 
124.875628 
124.851324 
124.827020 
124.802716 
124.778413 
124.754109 
124.729805 
124.705501 
124.681198 
124.656894 
124.632590 
124.608286 
124.583983 
124.559679 
124.535375 
124.511071 
124.486768 
124.462464 
124.438160 
124.413856 
124.389553 
124.365249 
124.340945 
124.316641 
124.292337 
124.268034 
124.243730 
124.219426 
124.195122 
124.170819 
124.146515 
124.122211 
124.097907 
124.073604 
124.049300 
124.024996 
124.000692 
123.976389 
123.952085 
123.927781 
123.903477 
123.879174 
123.854870 
123.830566 
123.806262 
123.781959 
123.757655 
123.733351 
123.709047 
123.684744 
123.660440 
123.636136 
123.611832 
123.587529 
123.563225 
123.538921 
123.514617 
123.490314 
123.466010 
123.441706 
123.417402 
123.393098 
123.368795 
123.344491 
123.320187 
123.295883 
123.271580 
123.247276 
123.222972 
123.198668 
123.174365 
123.150061 
123.125757 
123.101453 
123.077150 
123.052846 
123.028542 
123.004238 
122.979935 
122.955631 
122.931327 
122.907023 
122.882720 
122.858416 
122.834112 
122.809808 
122.785505 
122.761201 
122.736897 
122.712593 
122.688290 
122.663986 
122.639682 
122.615378 
122.591075 
122.566771 
122.542467 
122.518163 
122.493859 
122.469556 
122.445252 
122.420948 
122.396644 
122.372341 
122.348037 
122.323733 
122.299429 
122.275126 
122.250822 
122.226518 
122.202214 
122.177911 
122.153607 
122.129303 
122.104999 
122.080696 
122.056392 
122.032088 
122.007784 
121.983481 
121.959177 
121.934873 
121.910569 
121.886266 
121.861962 
121.837658 
121.813354 
121.789051 
121.764747 
121.740443 
121.716139 
121.691836 
121.667532 
121.643228 
121.618924 
121.594621 
121.570317 
121.546013 
121.521709 
121.497405 
121.473102 
121.448798 
121.424494 
121.400190 
121.375887 
121.351583 
121.327279 
121.302975 
121.278672 
121.254368 
121.230064 
121.205760 
121.181457 
121.157153 
121.132849 
121.108545 
121.084242 
121.059938 
121.035634 
121.011330 
120.987027 
120.962723 
120.938419 
120.914115 
120.889812 
120.865508 
120.841204 
120.816900 
120.792597 
120.768293 
120.743989 
120.719685 
120.695382 
120.671078 
120.646774 
120.622470 
120.598166 
120.573863 
120.549559 
120.525255 
120.500951 
120.476648 
120.452344 
120.428040 
120.403736 
120.379433 
120.355129 
120.330825 
120.306521 
120.282218 
120.257914 
120.233610 
120.209306 
120.185003 
120.160699 
120.136395 
120.112091 
120.087788 
120.063484 
120.039180 
120.014876 
119.990573 
119.966269 
119.941965 
119.917661 
119.893358 
119.869054 
119.844750 
119.820446 
119.796143 
119.771839 
119.747535 
119.723231 
119.698927 
119.674624 
119.650320 
119.626016 
119.601712 
119.577409 
119.553105 
119.528801 
119.504497 
119.480194 
119.455890 
119.431586 
119.407282 
119.382979 
119.358675 
119.334371 
119.310067 
119.285764 
119.261460 
119.237156 
119.212852 
119.188549 
119.164245 
119.139941 
119.115637 
119.091334 
119.067030 
119.042726 
119.018422 
118.994119 
118.969815 
118.945511 
118.921207 
118.896904 
118.872600 
118.848296 
118.823992 
118.799688 
118.775385 
118.751081 
118.726777 
118.702473 
118.678170 
118.653866 
118.629562 
118.605258 
118.580955 
118.556651 
118.532347 
118.508043 
118.483740 
118.459436 
118.435132 
118.410828 
118.386525 
118.362221 
118.337917 
118.313613 
118.289310 
118.265006 
118.240702 
118.216398 
118.192095 
118.167791 
118.143487 
118.119183 
118.094880 
118.070576 
118.046272 
118.021968 
117.997665 
117.973361 
117.949057 
117.924753 
117.900449 
117.876146 
117.851842 
117.827538 
117.803234 
117.778931 
117.754627 
117.730323 
117.706019 
117.681716 
117.657412 
117.633108 
117.608804 
117.584501 
117.560197 
117.535893 
117.511589 
117.487286 
117.462982 
117.438678 
117.414374 
117.390071 
117.365767 
117.341463 
117.317159 
117.292856 
117.268552 
117.244248 
117.219944 
117.195641 
117.171337 
117.147033 
117.122729 
117.098426 
117.074122 
117.049818 
117.025514 
117.001210 
116.976907 
116.952603 
116.928299 
116.903995 
116.879692 
116.855388 
116.831084 
116.806780 
116.782477 
116.758173 
116.733869 
116.709565 
116.685262 
116.660958 
116.636654 
116.612350 
116.588047 
116.563743 
116.539439 
116.515135 
116.490832 
116.466528 
116.442224 
116.417920 
116.393617 
116.369313 
116.345009 
116.320705 
116.296402 
116.272098 
116.247794 
116.223490 
116.199187 
116.174883 
116.150579 
116.126275 
116.101971 
116.077668 
116.053364 
116.029060 
116.004756 
115.980453 
115.956149 
115.931845 
115.907541 
115.883238 
115.858934 
115.834630 
115.810326 
115.786023 
115.761719 
115.737415 
115.713111 
115.688808 
115.664504 
115.640200 
115.615896 
115.591593 
115.567289 
115.542985 
115.518681 
115.494378 
115.470074 
115.445770 
115.421466 
115.397163 
115.372859 
115.348555 
115.324251 
115.299948 
115.275644 
115.251340 
115.227036 
115.202733 
115.178429 
115.154125 
115.129821 
115.105517 
115.081214 
115.056910 
115.032606 
115.008302 
114.983999 
114.959695 
114.935391 
114.911087 
114.886784 
114.862480 
114.838176 
114.813872 
114.789569 
114.765265 
114.740961 
114.716657 
114.692354 
114.668050 
114.643746 
114.619442 
114.595139 
114.570835 
114.546531 
114.522227 
114.497924 
114.473620 
114.449316 
114.425012 
114.400709 
114.376405 
114.352101 
114.327797 
114.303494 
114.279190 
114.254886 
114.230582 
114.206278 
114.181975 
114.157671 
114.133367 
114.109063 
114.084760 
114.060456 
114.036152 
114.011848 
113.987545 
113.963241 
113.938937 
113.914633 
113.890330 
113.866026 
113.841722 
113.817418 
113.793115 
113.768811 
113.744507 
113.720203 
113.695900 
113.671596 
113.647292 
113.622988 
113.598685 
113.574381 
113.550077 
113.525773 
113.501470 
113.477166 
113.452862 
113.428558 
113.404255 
113.379951 
113.355647 
113.331343 
113.307039 
113.282736 
113.258432 
113.234128 
113.209824 
113.185521 
113.161217 
113.136913 
113.112609 
113.088306 
113.064002 
113.039698 
113.015394 
112.991091 
112.966787 
112.942483 
112.918179 
112.893876 
112.869572 
112.845268 
112.820964 
112.796661 
112.772357 
112.748053 
112.723749 
112.699446 
112.675142 
112.650838 
112.626534 
112.602231 
112.577927 
112.553623 
112.529319 
112.505016 
112.480712 
112.456408 
112.432104 
112.407800 
112.383497 
112.359193 
112.334889 
112.310585 
112.286282 
112.261978 
112.237674 
112.213370 
112.189067 
112.164763 
112.140459 
112.116155 
112.091852 
112.067548 
112.043244 
112.018940 
111.994637 
111.970333 
111.946029 
111.921725 
111.897422 
111.873118 
111.848814 
111.824510 
111.800207 
111.775903 
111.751599 
111.727295 
111.702992 
111.678688 
111.654384 
111.630080 
111.605777 
111.581473 
111.557169 
111.532865 
111.508561 
111.484258 
111.459954 
111.435650 
111.411346 
111.387043 
111.362739 
111.338435 
111.314131 
111.289828 
111.265524 
111.241220 
111.216916 
111.192613 
111.168309 
111.144005 
111.119701 
111.095398 
111.071094 
111.046790 
111.022486 
110.998183 
110.973879 
110.949575 
110.925271 
110.900968 
110.876664 
110.852360 
110.828056 
110.803753 
110.779449 
110.755145 
110.730841 
110.706538 
110.682234 
110.657930 
110.633626 
110.609322 
110.585019 
110.560715 
110.536411 
110.512107 
110.487804 
110.463500 
110.439196 
110.414892 
110.390589 
110.366285 
110.341981 
110.317677 
110.293374 
110.269070 
110.244766 
110.220462 
110.196159 
110.171855 
110.147551 
110.123247 
110.098944 
110.074640 
110.050336 
110.026032 
110.001729 
109.977425 
109.953121 
109.928817 
109.904514 
109.880210 
109.855906 
109.831602 
109.807299 
109.782995 
109.758691 
109.734387 
109.710083 
109.685780 
109.661476 
109.637172 
109.612868 
109.588565 
109.564261 
109.539957 
109.515653 
109.491350 
109.467046 
109.442742 
109.418438 
109.394135 
109.369831 
109.345527 
109.321223 
109.296920 
109.272616 
109.248312 
109.224008 
109.199705 
109.175401 
109.151097 
109.126793 
109.102490 
109.078186 
109.053882 
109.029578 
109.005275 
108.980971 
108.956667 
108.932363 
108.908060 
108.883756 
108.859452 
108.835148 
108.810845 
108.786541 
108.762237 
108.737933 
108.713629 
108.689326 
108.665022 
108.640718 
108.616414 
108.592111 
108.567807 
108.543503 
108.519199 
108.494896 
108.470592 
108.446288 
108.421984 
108.397681 
108.373377 
108.349073 
108.324769 
108.300466 
108.276162 
108.251858 
108.227554 
108.203251 
108.178947 
108.154643 
108.130339 
108.106036 
108.081732 
108.057428 
108.033124 
108.008821 
107.984517 
107.960213 
107.935909 
107.911606 
107.887302 
107.862998 
107.838694 
107.814390 
107.790087 
107.765783 
107.741479 
107.717175 
107.692872 
107.668568 
107.644264 
107.619960 
107.595657 
107.571353 
107.547049 
107.522745 
107.498442 
107.474138 
107.449834 
107.425530 
107.401227 
107.376923 
107.352619 
107.328315 
107.304012 
107.279708 
107.255404 
107.231100 
107.206797 
107.182493 
107.158189 
107.133885 
107.109582 
107.085278 
107.060974 
107.036670 
107.012367 
106.988063 
106.963759 
106.939455 
106.915151 
106.890848 
106.866544 
106.842240 
106.817936 
106.793633 
106.769329 
106.745025 
106.720721 
106.696418 
106.672114 
106.647810 
106.623506 
106.599203 
106.574899 
106.550595 
106.526291 
106.501988 
106.477684 
106.453380 
106.429076 
106.404773 
106.380469 
106.356165 
106.331861 
106.307558 
106.283254 
106.258950 
106.234646 
106.210343 
106.186039 
106.161735 
106.137431 
106.113128 
106.088824 
106.064520 
106.040216 
106.015912 
105.991609 
105.967305 
105.943001 
105.918697 
105.894394 
105.870090 
105.845786 
105.821482 
105.797179 
105.772875 
105.748571 
105.724267 
105.699964 
105.675660 
105.651356 
105.627052 
105.602749 
105.578445 
105.554141 
105.529837 
105.505534 
105.481230 
105.456926 
105.432622 
105.408319 
105.384015 
105.359711 
105.335407 
105.311104 
105.286800 
105.262496 
105.238192 
105.213889 
105.189585 
105.165281 
105.140977 
105.116673 
105.092370 
105.068066 
105.043762 
105.019458 
104.995155 
104.970851 
104.946547 
104.922243 
104.897940 
104.873636 
104.849332 
104.825028 
104.800725 
104.776421 
104.752117 
104.727813 
104.703510 
104.679206 
104.654902 
104.630598 
104.606295 
104.581991 
104.557687 
104.533383 
104.509080 
104.484776 
104.460472 
104.436168 
104.411865 
104.387561 
104.363257 
104.338953 
104.314650 
104.290346 
104.266042 
104.241738 
104.217434 
104.193131 
104.168827 
104.144523 
104.120219 
104.095916 
104.071612 
104.047308 
104.023004 
103.998701 
103.974397 
103.950093 
103.925789 
103.901486 
103.877182 
103.852878 
103.828574 
103.804271 
103.779967 
103.755663 
103.731359 
103.707056 
103.682752 
103.658448 
103.634144 
103.609841 
103.585537 
103.561233 
103.536929 
103.512626 
103.488322 
103.464018 
103.439714 
103.415411 
103.391107 
103.366803 
103.342499 
103.318195 
103.293892 
103.269588 
103.245284 
103.220980 
103.196677 
103.172373 
103.148069 
103.123765 
103.099462 
103.075158 
103.050854 
103.026550 
103.002247 
102.977943 
102.953639 
102.929335 
102.905032 
102.880728 
102.856424 
102.832120 
102.807817 
102.783513 
102.759209 
102.734905 
102.710602 
102.686298 
102.661994 
102.637690 
102.613387 
102.589083 
102.564779 
102.540475 
102.516172 
102.491868 
102.467564 
102.443260 
102.418957 
102.394653 
102.370349 
102.346045 
102.321741 
102.297438 
102.273134 
102.248830 
102.224526 
102.200223 
102.175919 
102.151615 
102.127311 
102.103008 
102.078704 
102.054400 
102.030096 
102.005793 
101.981489 
101.957185 
101.932881 
101.908578 
101.884274 
101.859970 
101.835666 
101.811363 
101.787059 
101.762755 
101.738451 
101.714148 
101.689844 
101.665540 
101.641236 
101.616933 
101.592629 
101.568325 
101.544021 
101.519718 
101.495414 
101.471110 
101.446806 
101.422502 
101.398199 
101.373895 
101.349591 
101.325287 
101.300984 
101.276680 
101.252376 
101.228072 
101.203769 
101.179465 
101.155161 
101.130857 
101.106554 
101.082250 
101.057946 
101.033642 
101.009339 
100.985035 
100.960731 
100.936427 
100.912124 
100.887820 
100.863516 
100.839212 
100.814909 
100.790605 
100.766301 
100.741997 
100.717694 
100.693390 
100.669086 
100.644782 
100.620479 
100.596175 
100.571871 
100.547567 
100.523263 
100.498960 
100.474656 
100.450352 
100.426048 
100.401745 
100.377441 
100.353137 
100.328833 
100.304530 
100.280226 
100.255922 
100.231618 
100.207315 
100.183011 
100.158707 
100.134403 
100.110100 
100.085796 
100.061492 
100.037188 
100.012885 
99.988581 
99.964277 
99.939973 
99.915670 
99.891366 
99.867062 
99.842758 
99.818455 
99.794151 
99.769847 
99.745543 
99.721240 
99.696936 
99.672632 
99.648328 
99.624024 
99.599721 
99.575417 
99.551113 
99.526809 
99.502506 
99.478202 
99.453898 
99.429594 
99.405291 
99.380987 
99.356683 
99.332379 
99.308076 
99.283772 
99.259468 
99.235164 
99.210861 
99.186557 
99.162253 
99.137949 
99.113646 
99.089342 
99.065038 
99.040734 
99.016431 
98.992127 
98.967823 
98.943519 
98.919216 
98.894912 
98.870608 
98.846304 
98.822001 
98.797697 
98.773393 
98.749089 
98.724785 
98.700482 
98.676178 
98.651874 
98.627570 
98.603267 
98.578963 
98.554659 
98.530355 
98.506052 
98.481748 
98.457444 
98.433140 
98.408837 
98.384533 
98.360229 
98.335925 
98.311622 
98.287318 
98.263014 
98.238710 
98.214407 
98.190103 
98.165799 
98.141495 
98.117192 
98.092888 
98.068584 
98.044280 
98.019977 
97.995673 
97.971369 
97.947065 
97.922762 
97.898458 
97.874154 
97.849850 
97.825546 
97.801243 
97.776939 
97.752635 
97.728331 
97.704028 
97.679724 
97.655420 
97.631116 
97.606813 
97.582509 
97.558205 
97.533901 
97.509598 
97.485294 
97.460990 
97.436686 
97.412383 
97.388079 
97.363775 
97.339471 
97.315168 
97.290864 
97.266560 
97.242256 
97.217953 
97.193649 
97.169345 
97.145041 
97.120738 
97.096434 
97.072130 
97.047826 
97.023523 
96.999219 
96.974915 
96.950611 
96.926307 
96.902004 
96.877700 
96.853396 
96.829092 
96.804789 
96.780485 
96.756181 
96.731877 
96.707574 
96.683270 
96.658966 
96.634662 
96.610359 
96.586055 
96.561751 
96.537447 
96.513144 
96.488840 
96.464536 
96.440232 
96.415929 
96.391625 
96.367321 
96.343017 
96.318714 
96.294410 
96.270106 
96.245802 
96.221499 
96.197195 
96.172891 
96.148587 
96.124284 
96.099980 
96.075676 
96.051372 
96.027069 
96.002765 
95.978461 
95.954157 
95.929853 
95.905550 
95.881246 
95.856942 
95.832638 
95.808335 
95.784031 
95.759727 
95.735423 
95.711120 
95.686816 
95.662512 
95.638208 
95.613905 
95.589601 
95.565297 
95.540993 
95.516690 
95.492386 
95.468082 
95.443778 
95.419475 
95.395171 
95.370867 
95.346563 
95.322260 
95.297956 
95.273652 
95.249348 
95.225045 
95.200741 
95.176437 
95.152133 
95.127830 
95.103526 
95.079222 
95.054918 
95.030614 
95.006311 
94.982007 
94.957703 
94.933399 
94.909096 
94.884792 
94.860488 
94.836184 
94.811881 
94.787577 
94.763273 
94.738969 
94.714666 
94.690362 
94.666058 
94.641754 
94.617451 
94.593147 
94.568843 
94.544539 
94.520236 
94.495932 
94.471628 
94.447324 
94.423021 
94.398717 
94.374413 
94.350109 
94.325806 
94.301502 
94.277198 
94.252894 
94.228591 
94.204287 
94.179983 
94.155679 
94.131375 
94.107072 
94.082768 
94.058464 
94.034160 
94.009857 
93.985553 
93.961249 
93.936945 
93.912642 
93.888338 
93.864034 
93.839730 
93.815427 
93.791123 
93.766819 
93.742515 
93.718212 
93.693908 
93.669604 
93.645300 
93.620997 
93.596693 
93.572389 
93.548085 
93.523782 
93.499478 
93.475174 
93.450870 
93.426567 
93.402263 
93.377959 
93.353655 
93.329352 
93.305048 
93.280744 
93.256440 
93.232136 
93.207833 
93.183529 
93.159225 
93.134921 
93.110618 
93.086314 
93.062010 
93.037706 
93.013403 
92.989099 
92.964795 
92.940491 
92.916188 
92.891884 
92.867580 
92.843276 
92.818973 
92.794669 
92.770365 
92.746061 
92.721758 
92.697454 
92.673150 
92.648846 
92.624543 
92.600239 
92.575935 
92.551631 
92.527328 
92.503024 
92.478720 
92.454416 
92.430113 
92.405809 
92.381505 
92.357201 
92.332897 
92.308594 
92.284290 
92.259986 
92.235682 
92.211379 
92.187075 
92.162771 
92.138467 
92.114164 
92.089860 
92.065556 
92.041252 
92.016949 
91.992645 
91.968341 
91.944037 
91.919734 
91.895430 
91.871126 
91.846822 
91.822519 
91.798215 
91.773911 
91.749607 
91.725304 
91.701000 
91.676696 
91.652392 
91.628089 
91.603785 
91.579481 
91.555177 
91.530874 
91.506570 
91.482266 
91.457962 
91.433658 
91.409355 
91.385051 
91.360747 
91.336443 
91.312140 
91.287836 
91.263532 
91.239228 
91.214925 
91.190621 
91.166317 
91.142013 
91.117710 
91.093406 
91.069102 
91.044798 
91.020495 
90.996191 
90.971887 
90.947583 
90.923280 
90.898976 
90.874672 
90.850368 
90.826065 
90.801761 
90.777457 
90.753153 
90.728850 
90.704546 
90.680242 
90.655938 
90.631635 
90.607331 
90.583027 
90.558723 
90.534419 
90.510116 
90.485812 
90.461508 
90.437204 
90.412901 
90.388597 
90.364293 
90.339989 
90.315686 
90.291382 
90.267078 
90.242774 
90.218471 
90.194167 
90.169863 
90.145559 
90.121256 
90.096952 
90.072648 
90.048344 
90.024041 
89.999737 
89.975433 
89.951129 
89.926826 
89.902522 
89.878218 
89.853914 
89.829611 
89.805307 
89.781003 
89.756699 
89.732396 
89.708092 
89.683788 
89.659484 
89.635181 
89.610877 
89.586573 
89.562269 
89.537965 
89.513662 
89.489358 
89.465054 
89.440750 
89.416447 
89.392143 
89.367839 
89.343535 
89.319232 
89.294928 
89.270624 
89.246320 
89.222017 
89.197713 
89.173409 
89.149105 
89.124802 
89.100498 
89.076194 
89.051890 
89.027587 
89.003283 
88.978979 
88.954675 
88.930372 
88.906068 
88.881764 
88.857460 
88.833157 
88.808853 
88.784549 
88.760245 
88.735942 
88.711638 
88.687334 
88.663030 
88.638726 
88.614423 
88.590119 
88.565815 
88.541511 
88.517208 
88.492904 
88.468600 
88.444296 
88.419993 
88.395689 
88.371385 
88.347081 
88.322778 
88.298474 
88.274170 
88.249866 
88.225563 
88.201259 
88.176955 
88.152651 
88.128348 
88.104044 
88.079740 
88.055436 
88.031133 
88.006829 
87.982525 
87.958221 
87.933918 
87.909614 
87.885310 
87.861006 
87.836703 
87.812399 
87.788095 
87.763791 
87.739487 
87.715184 
87.690880 
87.666576 
87.642272 
87.617969 
87.593665 
87.569361 
87.545057 
87.520754 
87.496450 
87.472146 
87.447842 
87.423539 
87.399235 
87.374931 
87.350627 
87.326324 
87.302020 
87.277716 
87.253412 
87.229109 
87.204805 
87.180501 
87.156197 
87.131894 
87.107590 
87.083286 
87.058982 
87.034679 
87.010375 
86.986071 
86.961767 
86.937464 
86.913160 
86.888856 
86.864552 
86.840248 
86.815945 
86.791641 
86.767337 
86.743033 
86.718730 
86.694426 
86.670122 
86.645818 
86.621515 
86.597211 
86.572907 
86.548603 
86.524300 
86.499996 
86.475692 
86.451388 
86.427085 
86.402781 
86.378477 
86.354173 
86.329870 
86.305566 
86.281262 
86.256958 
86.232655 
86.208351 
86.184047 
86.159743 
86.135440 
86.111136 
86.086832 
86.062528 
86.038225 
86.013921 
85.989617 
85.965313 
85.941009 
85.916706 
85.892402 
85.868098 
85.843794 
85.819491 
85.795187 
85.770883 
85.746579 
85.722276 
85.697972 
85.673668 
85.649364 
85.625061 
85.600757 
85.576453 
85.552149 
85.527846 
85.503542 
85.479238 
85.454934 
85.430631 
85.406327 
85.382023 
85.357719 
85.333416 
85.309112 
85.284808 
85.260504 
85.236201 
85.211897 
85.187593 
85.163289 
85.138986 
85.114682 
85.090378 
85.066074 
85.041770 
85.017467 
84.993163 
84.968859 
84.944555 
84.920252 
84.895948 
84.871644 
84.847340 
84.823037 
84.798733 
84.774429 
84.750125 
84.725822 
84.701518 
84.677214 
84.652910 
84.628607 
84.604303 
84.579999 
84.555695 
84.531392 
84.507088 
84.482784 
84.458480 
84.434177 
84.409873 
84.385569 
84.361265 
84.336962 
84.312658 
84.288354 
84.264050 
84.239747 
84.215443 
84.191139 
84.166835 
84.142531 
84.118228 
84.093924 
84.069620 
84.045316 
84.021013 
83.996709 
83.972405 
83.948101 
83.923798 
83.899494 
83.875190 
83.850886 
83.826583 
83.802279 
83.777975 
83.753671 
83.729368 
83.705064 
83.680760 
83.656456 
83.632153 
83.607849 
83.583545 
83.559241 
83.534938 
83.510634 
83.486330 
83.462026 
83.437723 
83.413419 
83.389115 
83.364811 
83.340508 
83.316204 
83.291900 
83.267596 
83.243293 
83.218989 
83.194685 
83.170381 
83.146077 
83.121774 
83.097470 
83.073166 
83.048862 
83.024559 
83.000255 
82.975951 
82.951647 
82.927344 
82.903040 
82.878736 
82.854432 
82.830129 
82.805825 
82.781521 
82.757217 
82.732914 
82.708610 
82.684306 
82.660002 
82.635699 
82.611395 
82.587091 
82.562787 
82.538484 
82.514180 
82.489876 
82.465572 
82.441269 
82.416965 
82.392661 
82.368357 
82.344054 
82.319750 
82.295446 
82.271142 
82.246838 
82.222535 
82.198231 
82.173927 
82.149623 
82.125320 
82.101016 
82.076712 
82.052408 
82.028105 
82.003801 
81.979497 
81.955193 
81.930890 
81.906586 
81.882282 
81.857978 
81.833675 
81.809371 
81.785067 
81.760763 
81.736460 
81.712156 
81.687852 
81.663548 
81.639245 
81.614941 
81.590637 
81.566333 
81.542030 
81.517726 
81.493422 
81.469118 
81.444815 
81.420511 
81.396207 
81.371903 
81.347599 
81.323296 
81.298992 
81.274688 
81.250384 
81.226081 
81.201777 
81.177473 
81.153169 
81.128866 
81.104562 
81.080258 
81.055954 
81.031651 
81.007347 
80.983043 
80.958739 
80.934436 
80.910132 
80.885828 
80.861524 
80.837221 
80.812917 
80.788613 
80.764309 
80.740006 
80.715702 
80.691398 
80.667094 
80.642791 
80.618487 
80.594183 
80.569879 
80.545576 
80.521272 
80.496968 
80.472664 
80.448360 
80.424057 
80.399753 
80.375449 
80.351145 
80.326842 
80.302538 
80.278234 
80.253930 
80.229627 
80.205323 
80.181019 
80.156715 
80.132412 
80.108108 
80.083804 
80.059500 
80.035197 
80.010893 
79.986589 
79.962285 
79.937982 
79.913678 
79.889374 
79.865070 
79.840767 
79.816463 
79.792159 
79.767855 
79.743552 
79.719248 
79.694944 
79.670640 
79.646337 
79.622033 
79.597729 
79.573425 
79.549121 
79.524818 
79.500514 
79.476210 
79.451906 
79.427603 
79.403299 
79.378995 
79.354691 
79.330388 
79.306084 
79.281780 
79.257476 
79.233173 
79.208869 
79.184565 
79.160261 
79.135958 
79.111654 
79.087350 
79.063046 
79.038743 
79.014439 
78.990135 
78.965831 
78.941528 
78.917224 
78.892920 
78.868616 
78.844313 
78.820009 
78.795705 
78.771401 
78.747098 
78.722794 
78.698490 
78.674186 
78.649882 
78.625579 
78.601275 
78.576971 
78.552667 
78.528364 
78.504060 
78.479756 
78.455452 
78.431149 
78.406845 
78.382541 
78.358237 
78.333934 
78.309630 
78.285326 
78.261022 
78.236719 
78.212415 
78.188111 
78.163807 
78.139504 
78.115200 
78.090896 
78.066592 
78.042289 
78.017985 
77.993681 
77.969377 
77.945074 
77.920770 
77.896466 
77.872162 
77.847859 
77.823555 
77.799251 
77.774947 
77.750643 
77.726340 
77.702036 
77.677732 
77.653428 
77.629125 
77.604821 
77.580517 
77.556213 
77.531910 
77.507606 
77.483302 
77.458998 
77.434695 
77.410391 
77.386087 
77.361783 
77.337480 
77.313176 
77.288872 
77.264568 
77.240265 
77.215961 
77.191657 
77.167353 
77.143050 
77.118746 
77.094442 
77.070138 
77.045835 
77.021531 
76.997227 
76.972923 
76.948620 
76.924316 
76.900012 
76.875708 
76.851405 
76.827101 
76.802797 
76.778493 
76.754189 
76.729886 
76.705582 
76.681278 
76.656974 
76.632671 
76.608367 
76.584063 
76.559759 
76.535456 
76.511152 
76.486848 
76.462544 
76.438241 
76.413937 
76.389633 
76.365329 
76.341026 
76.316722 
76.292418 
76.268114 
76.243811 
76.219507 
76.195203 
76.170899 
76.146596 
76.122292 
76.097988 
76.073684 
76.049381 
76.025077 
76.000773 
75.976469 
75.952166 
75.927862 
75.903558 
75.879254 
75.854950 
75.830647 
75.806343 
75.782039 
75.757735 
75.733432 
75.709128 
75.684824 
75.660520 
75.636217 
75.611913 
75.587609 
75.563305 
75.539002 
75.514698 
75.490394 
75.466090 
75.441787 
75.417483 
75.393179 
75.368875 
75.344572 
75.320268 
75.295964 
75.271660 
75.247357 
75.223053 
75.198749 
75.174445 
75.150142 
75.125838 
75.101534 
75.077230 
75.052927 
75.028623 
75.004319 
74.980015 
74.955711 
74.931408 
74.907104 
74.882800 
74.858496 
74.834193 
74.809889 
74.785585 
74.761281 
74.736978 
74.712674 
74.688370 
74.664066 
74.639763 
74.615459 
74.591155 
74.566851 
74.542548 
74.518244 
74.493940 
74.469636 
74.445333 
74.421029 
74.396725 
74.372421 
74.348118 
74.323814 
74.299510 
74.275206 
74.250903 
74.226599 
74.202295 
74.177991 
74.153688 
74.129384 
74.105080 
74.080776 
74.056472 
74.032169 
74.007865 
73.983561 
73.959257 
73.934954 
73.910650 
73.886346 
73.862042 
73.837739 
73.813435 
73.789131 
73.764827 
73.740524 
73.716220 
73.691916 
73.667612 
73.643309 
73.619005 
73.594701 
73.570397 
73.546094 
73.521790 
73.497486 
73.473182 
73.448879 
73.424575 
73.400271 
73.375967 
73.351664 
73.327360 
73.303056 
73.278752 
73.254449 
73.230145 
73.205841 
73.181537 
73.157233 
73.132930 
73.108626 
73.084322 
73.060018 
73.035715 
73.011411 
72.987107 
72.962803 
72.938500 
72.914196 
72.889892 
72.865588 
72.841285 
72.816981 
72.792677 
72.768373 
72.744070 
72.719766 
72.695462 
72.671158 
72.646855 
72.622551 
72.598247 
72.573943 
72.549640 
72.525336 
72.501032 
72.476728 
72.452425 
72.428121 
72.403817 
72.379513 
72.355210 
72.330906 
72.306602 
72.282298 
72.257994 
72.233691 
72.209387 
72.185083 
72.160779 
72.136476 
72.112172 
72.087868 
72.063564 
72.039261 
72.014957 
71.990653 
71.966349 
71.942046 
71.917742 
71.893438 
71.869134 
71.844831 
71.820527 
71.796223 
71.771919 
71.747616 
71.723312 
71.699008 
71.674704 
71.650401 
71.626097 
71.601793 
71.577489 
71.553186 
71.528882 
71.504578 
71.480274 
71.455971 
71.431667 
71.407363 
71.383059 
71.358755 
71.334452 
71.310148 
71.285844 
71.261540 
71.237237 
71.212933 
71.188629 
71.164325 
71.140022 
71.115718 
71.091414 
71.067110 
71.042807 
71.018503 
70.994199 
70.969895 
70.945592 
70.921288 
70.896984 
70.872680 
70.848377 
70.824073 
70.799769 
70.775465 
70.751162 
70.726858 
70.702554 
70.678250 
70.653947 
70.629643 
70.605339 
70.581035 
70.556732 
70.532428 
70.508124 
70.483820 
70.459517 
70.435213 
70.410909 
70.386605 
70.362301 
70.337998 
70.313694 
70.289390 
70.265086 
70.240783 
70.216479 
70.192175 
70.167871 
70.143568 
70.119264 
70.094960 
70.070656 
70.046353 
70.022049 
69.997745 
69.973441 
69.949138 
69.924834 
69.900530 
69.876226 
69.851923 
69.827619 
69.803315 
69.779011 
69.754708 
69.730404 
69.706100 
69.681796 
69.657493 
69.633189 
69.608885 
69.584581 
69.560278 
69.535974 
69.511670 
69.487366 
69.463062 
69.438759 
69.414455 
69.390151 
69.365847 
69.341544 
69.317240 
69.292936 
69.268632 
69.244329 
69.220025 
69.195721 
69.171417 
69.147114 
69.122810 
69.098506 
69.074202 
69.049899 
69.025595 
69.001291 
68.976987 
68.952684 
68.928380 
68.904076 
68.879772 
68.855469 
68.831165 
68.806861 
68.782557 
68.758254 
68.733950 
68.709646 
68.685342 
68.661039 
68.636735 
68.612431 
68.588127 
68.563823 
68.539520 
68.515216 
68.490912 
68.466608 
68.442305 
68.418001 
68.393697 
68.369393 
68.345090 
68.320786 
68.296482 
68.272178 
68.247875 
68.223571 
68.199267 
68.174963 
68.150660 
68.126356 
68.102052 
68.077748 
68.053445 
68.029141 
68.004837 
67.980533 
67.956230 
67.931926 
67.907622 
67.883318 
67.859015 
67.834711 
67.810407 
67.786103 
67.761800 
67.737496 
67.713192 
67.688888 
67.664584 
67.640281 
67.615977 
67.591673 
67.567369 
67.543066 
67.518762 
67.494458 
67.470154 
67.445851 
67.421547 
67.397243 
67.372939 
67.348636 
67.324332 
67.300028 
67.275724 
67.251421 
67.227117 
67.202813 
67.178509 
67.154206 
67.129902 
67.105598 
67.081294 
67.056991 
67.032687 
67.008383 
66.984079 
66.959776 
66.935472 
66.911168 
66.886864 
66.862561 
66.838257 
66.813953 
66.789649 
66.765345 
66.741042 
66.716738 
66.692434 
66.668130 
66.643827 
66.619523 
66.595219 
66.570915 
66.546612 
66.522308 
66.498004 
66.473700 
66.449397 
66.425093 
66.400789 
66.376485 
66.352182 
66.327878 
66.303574 
66.279270 
66.254967 
66.230663 
66.206359 
66.182055 
66.157752 
66.133448 
66.109144 
66.084840 
66.060537 
66.036233 
66.011929 
65.987625 
65.963322 
65.939018 
65.914714 
65.890410 
65.866106 
65.841803 
65.817499 
65.793195 
65.768891 
65.744588 
65.720284 
65.695980 
65.671676 
65.647373 
65.623069 
65.598765 
65.574461 
65.550158 
65.525854 
65.501550 
65.477246 
65.452943 
65.428639 
65.404335 
65.380031 
65.355728 
65.331424 
65.307120 
65.282816 
65.258513 
65.234209 
65.209905 
65.185601 
65.161298 
65.136994 
65.112690 
65.088386 
65.064083 
65.039779 
65.015475 
64.991171 
64.966867 
64.942564 
64.918260 
64.893956 
64.869652 
64.845349 
64.821045 
64.796741 
64.772437 
64.748134 
64.723830 
64.699526 
64.675222 
64.650919 
64.626615 
64.602311 
64.578007 
64.553704 
64.529400 
64.505096 
64.480792 
64.456489 
64.432185 
64.407881 
64.383577 
64.359274 
64.334970 
64.310666 
64.286362 
64.262059 
64.237755 
64.213451 
64.189147 
64.164844 
64.140540 
64.116236 
64.091932 
64.067629 
64.043325 
64.019021 
63.994717 
63.970413 
63.946110 
63.921806 
63.897502 
63.873198 
63.848895 
63.824591 
63.800287 
63.775983 
63.751680 
63.727376 
63.703072 
63.678768 
63.654465 
63.630161 
63.605857 
63.581553 
63.557250 
63.532946 
63.508642 
63.484338 
63.460035 
63.435731 
63.411427 
63.387123 
63.362820 
63.338516 
63.314212 
63.289908 
63.265605 
63.241301 
63.216997 
63.192693 
63.168390 
63.144086 
63.119782 
63.095478 
63.071174 
63.046871 
63.022567 
62.998263 
62.973959 
62.949656 
62.925352 
62.901048 
62.876744 
62.852441 
62.828137 
62.803833 
62.779529 
62.755226 
62.730922 
62.706618 
62.682314 
62.658011 
62.633707 
62.609403 
62.585099 
62.560796 
62.536492 
62.512188 
62.487884 
62.463581 
62.439277 
62.414973 
62.390669 
62.366366 
62.342062 
62.317758 
62.293454 
62.269151 
62.244847 
62.220543 
62.196239 
62.171935 
62.147632 
62.123328 
62.099024 
62.074720 
62.050417 
62.026113 
62.001809 
61.977505 
61.953202 
61.928898 
61.904594 
61.880290 
61.855987 
61.831683 
61.807379 
61.783075 
61.758772 
61.734468 
61.710164 
61.685860 
61.661557 
61.637253 
61.612949 
61.588645 
61.564342 
61.540038 
61.515734 
61.491430 
61.467127 
61.442823 
61.418519 
61.394215 
61.369912 
61.345608 
61.321304 
61.297000 
61.272696 
61.248393 
61.224089 
61.199785 
61.175481 
61.151178 
61.126874 
61.102570 
61.078266 
61.053963 
61.029659 
61.005355 
60.981051 
60.956748 
60.932444 
60.908140 
60.883836 
60.859533 
60.835229 
60.810925 
60.786621 
60.762318 
60.738014 
60.713710 
60.689406 
60.665103 
60.640799 
60.616495 
60.592191 
60.567888 
60.543584 
60.519280 
60.494976 
60.470673 
60.446369 
60.422065 
60.397761 
60.373457 
60.349154 
60.324850 
60.300546 
60.276242 
60.251939 
60.227635 
60.203331 
60.179027 
60.154724 
60.130420 
60.106116 
60.081812 
60.057509 
60.033205 
60.008901 
59.984597 
59.960294 
59.935990 
59.911686 
59.887382 
59.863079 
59.838775 
59.814471 
59.790167 
59.765864 
59.741560 
59.717256 
59.692952 
59.668649 
59.644345 
59.620041 
59.595737 
59.571434 
59.547130 
59.522826 
59.498522 
59.474218 
59.449915 
59.425611 
59.401307 
59.377003 
59.352700 
59.328396 
59.304092 
59.279788 
59.255485 
59.231181 
59.206877 
59.182573 
59.158270 
59.133966 
59.109662 
59.085358 
59.061055 
59.036751 
59.012447 
58.988143 
58.963840 
58.939536 
58.915232 
58.890928 
58.866625 
58.842321 
58.818017 
58.793713 
58.769410 
58.745106 
58.720802 
58.696498 
58.672195 
58.647891 
58.623587 
58.599283 
58.574979 
58.550676 
58.526372 
58.502068 
58.477764 
58.453461 
58.429157 
58.404853 
58.380549 
58.356246 
58.331942 
58.307638 
58.283334 
58.259031 
58.234727 
58.210423 
58.186119 
58.161816 
58.137512 
58.113208 
58.088904 
58.064601 
58.040297 
58.015993 
57.991689 
57.967386 
57.943082 
57.918778 
57.894474 
57.870171 
57.845867 
57.821563 
57.797259 
57.772956 
57.748652 
57.724348 
57.700044 
57.675741 
57.651437 
57.627133 
57.602829 
57.578525 
57.554222 
57.529918 
57.505614 
57.481310 
57.457007 
57.432703 
57.408399 
57.384095 
57.359792 
57.335488 
57.311184 
57.286880 
57.262577 
57.238273 
57.213969 
57.189665 
57.165362 
57.141058 
57.116754 
57.092450 
57.068147 
57.043843 
57.019539 
56.995235 
56.970932 
56.946628 
56.922324 
56.898020 
56.873717 
56.849413 
56.825109 
56.800805 
56.776502 
56.752198 
56.727894 
56.703590 
56.679286 
56.654983 
56.630679 
56.606375 
56.582071 
56.557768 
56.533464 
56.509160 
56.484856 
56.460553 
56.436249 
56.411945 
56.387641 
56.363338 
56.339034 
56.314730 
56.290426 
56.266123 
56.241819 
56.217515 
56.193211 
56.168908 
56.144604 
56.120300 
56.095996 
56.071693 
56.047389 
56.023085 
55.998781 
55.974478 
55.950174 
55.925870 
55.901566 
55.877263 
55.852959 
55.828655 
55.804351 
55.780047 
55.755744 
55.731440 
55.707136 
55.682832 
55.658529 
55.634225 
55.609921 
55.585617 
55.561314 
55.537010 
55.512706 
55.488402 
55.464099 
55.439795 
55.415491 
55.391187 
55.366884 
55.342580 
55.318276 
55.293972 
55.269669 
55.245365 
55.221061 
55.196757 
55.172454 
55.148150 
55.123846 
55.099542 
55.075239 
55.050935 
55.026631 
55.002327 
54.978024 
54.953720 
54.929416 
54.905112 
54.880808 
54.856505 
54.832201 
54.807897 
54.783593 
54.759290 
54.734986 
54.710682 
54.686378 
54.662075 
54.637771 
54.613467 
54.589163 
54.564860 
54.540556 
54.516252 
54.491948 
54.467645 
54.443341 
54.419037 
54.394733 
54.370430 
54.346126 
54.321822 
54.297518 
54.273215 
54.248911 
54.224607 
54.200303 
54.176000 
54.151696 
54.127392 
54.103088 
54.078785 
54.054481 
54.030177 
54.005873 
53.981569 
53.957266 
53.932962 
53.908658 
53.884354 
53.860051 
53.835747 
53.811443 
53.787139 
53.762836 
53.738532 
53.714228 
53.689924 
53.665621 
53.641317 
53.617013 
53.592709 
53.568406 
53.544102 
53.519798 
53.495494 
53.471191 
53.446887 
53.422583 
53.398279 
53.373976 
53.349672 
53.325368 
53.301064 
53.276761 
53.252457 
53.228153 
53.203849 
53.179546 
53.155242 
53.130938 
53.106634 
53.082330 
53.058027 
53.033723 
53.009419 
52.985115 
52.960812 
52.936508 
52.912204 
52.887900 
52.863597 
52.839293 
52.814989 
52.790685 
52.766382 
52.742078 
52.717774 
52.693470 
52.669167 
52.644863 
52.620559 
52.596255 
52.571952 
52.547648 
52.523344 
52.499040 
52.474737 
52.450433 
52.426129 
52.401825 
52.377522 
52.353218 
52.328914 
52.304610 
52.280307 
52.256003 
52.231699 
52.207395 
52.183091 
52.158788 
52.134484 
52.110180 
52.085876 
52.061573 
52.037269 
52.012965 
51.988661 
51.964358 
51.940054 
51.915750 
51.891446 
51.867143 
51.842839 
51.818535 
51.794231 
51.769928 
51.745624 
51.721320 
51.697016 
51.672713 
51.648409 
51.624105 
51.599801 
51.575498 
51.551194 
51.526890 
51.502586 
51.478283 
51.453979 
51.429675 
51.405371 
51.381068 
51.356764 
51.332460 
51.308156 
51.283853 
51.259549 
51.235245 
51.210941 
51.186637 
51.162334 
51.138030 
51.113726 
51.089422 
51.065119 
51.040815 
51.016511 
50.992207 
50.967904 
50.943600 
50.919296 
50.894992 
50.870689 
50.846385 
50.822081 
50.797777 
50.773474 
50.749170 
50.724866 
50.700562 
50.676259 
50.651955 
50.627651 
50.603347 
50.579044 
50.554740 
50.530436 
50.506132 
50.481829 
50.457525 
50.433221 
50.408917 
50.384614 
50.360310 
50.336006 
50.311702 
50.287398 
50.263095 
50.238791 
50.214487 
50.190183 
50.165880 
50.141576 
50.117272 
50.092968 
50.068665 
50.044361 
50.020057 
49.995753 
49.971450 
49.947146 
49.922842 
49.898538 
49.874235 
49.849931 
49.825627 
49.801323 
49.777020 
49.752716 
49.728412 
49.704108 
49.679805 
49.655501 
49.631197 
49.606893 
49.582590 
49.558286 
49.533982 
49.509678 
49.485375 
49.461071 
49.436767 
49.412463 
49.388159 
49.363856 
49.339552 
49.315248 
49.290944 
49.266641 
49.242337 
49.218033 
49.193729 
49.169426 
49.145122 
49.120818 
49.096514 
49.072211 
49.047907 
49.023603 
48.999299 
48.974996 
48.950692 
48.926388 
48.902084 
48.877781 
48.853477 
48.829173 
48.804869 
48.780566 
48.756262 
48.731958 
48.707654 
48.683351 
48.659047 
48.634743 
48.610439 
48.586136 
48.561832 
48.537528 
48.513224 
48.488920 
48.464617 
48.440313 
48.416009 
48.391705 
48.367402 
48.343098 
48.318794 
48.294490 
48.270187 
48.245883 
48.221579 
48.197275 
48.172972 
48.148668 
48.124364 
48.100060 
48.075757 
48.051453 
48.027149 
48.002845 
47.978542 
47.954238 
47.929934 
47.905630 
47.881327 
47.857023 
47.832719 
47.808415 
47.784112 
47.759808 
47.735504 
47.711200 
47.686897 
47.662593 
47.638289 
47.613985 
47.589681 
47.565378 
47.541074 
47.516770 
47.492466 
47.468163 
47.443859 
47.419555 
47.395251 
47.370948 
47.346644 
47.322340 
47.298036 
47.273733 
47.249429 
47.225125 
47.200821 
47.176518 
47.152214 
47.127910 
47.103606 
47.079303 
47.054999 
47.030695 
47.006391 
46.982088 
46.957784 
46.933480 
46.909176 
46.884873 
46.860569 
46.836265 
46.811961 
46.787658 
46.763354 
46.739050 
46.714746 
46.690442 
46.666139 
46.641835 
46.617531 
46.593227 
46.568924 
46.544620 
46.520316 
46.496012 
46.471709 
46.447405 
46.423101 
46.398797 
46.374494 
46.350190 
46.325886 
46.301582 
46.277279 
46.252975 
46.228671 
46.204367 
46.180064 
46.155760 
46.131456 
46.107152 
46.082849 
46.058545 
46.034241 
46.009937 
45.985634 
45.961330 
45.937026 
45.912722 
45.888419 
45.864115 
45.839811 
45.815507 
45.791203 
45.766900 
45.742596 
45.718292 
45.693988 
45.669685 
45.645381 
45.621077 
45.596773 
45.572470 
45.548166 
45.523862 
45.499558 
45.475255 
45.450951 
45.426647 
45.402343 
45.378040 
45.353736 
45.329432 
45.305128 
45.280825 
45.256521 
45.232217 
45.207913 
45.183610 
45.159306 
45.135002 
45.110698 
45.086395 
45.062091 
45.037787 
45.013483 
44.989180 
44.964876 
44.940572 
44.916268 
44.891965 
44.867661 
44.843357 
44.819053 
44.794749 
44.770446 
44.746142 
44.721838 
44.697534 
44.673231 
44.648927 
44.624623 
44.600319 
44.576016 
44.551712 
44.527408 
44.503104 
44.478801 
44.454497 
44.430193 
44.405889 
44.381586 
44.357282 
44.332978 
44.308674 
44.284371 
44.260067 
44.235763 
44.211459 
44.187156 
44.162852 
44.138548 
44.114244 
44.089941 
44.065637 
44.041333 
44.017029 
43.992726 
43.968422 
43.944118 
43.919814 
43.895510 
43.871207 
43.846903 
43.822599 
43.798295 
43.773992 
43.749688 
43.725384 
43.701080 
43.676777 
43.652473 
43.628169 
43.603865 
43.579562 
43.555258 
43.530954 
43.506650 
43.482347 
43.458043 
43.433739 
43.409435 
43.385132 
43.360828 
43.336524 
43.312220 
43.287917 
43.263613 
43.239309 
43.215005 
43.190702 
43.166398 
43.142094 
43.117790 
43.093487 
43.069183 
43.044879 
43.020575 
42.996271 
42.971968 
42.947664 
42.923360 
42.899056 
42.874753 
42.850449 
42.826145 
42.801841 
42.777538 
42.753234 
42.728930 
42.704626 
42.680323 
42.656019 
42.631715 
42.607411 
42.583108 
42.558804 
42.534500 
42.510196 
42.485893 
42.461589 
42.437285 
42.412981 
42.388678 
42.364374 
42.340070 
42.315766 
42.291463 
42.267159 
42.242855 
42.218551 
42.194248 
42.169944 
42.145640 
42.121336 
42.097032 
42.072729 
42.048425 
42.024121 
41.999817 
41.975514 
41.951210 
41.926906 
41.902602 
41.878299 
41.853995 
41.829691 
41.805387 
41.781084 
41.756780 
41.732476 
41.708172 
41.683869 
41.659565 
41.635261 
41.610957 
41.586654 
41.562350 
41.538046 
41.513742 
41.489439 
41.465135 
41.440831 
41.416527 
41.392224 
41.367920 
41.343616 
41.319312 
41.295009 
41.270705 
41.246401 
41.222097 
41.197793 
41.173490 
41.149186 
41.124882 
41.100578 
41.076275 
41.051971 
41.027667 
41.003363 
40.979060 
40.954756 
40.930452 
40.906148 
40.881845 
40.857541 
40.833237 
40.808933 
40.784630 
40.760326 
40.736022 
40.711718 
40.687415 
40.663111 
40.638807 
40.614503 
40.590200 
40.565896 
40.541592 
40.517288 
40.492985 
40.468681 
40.444377 
40.420073 
40.395770 
40.371466 
40.347162 
40.322858 
40.298554 
40.274251 
40.249947 
40.225643 
40.201339 
40.177036 
40.152732 
40.128428 
40.104124 
40.079821 
40.055517 
40.031213 
40.006909 
39.982606 
39.958302 
39.933998 
39.909694 
39.885391 
39.861087 
39.836783 
39.812479 
39.788176 
39.763872 
39.739568 
39.715264 
39.690961 
39.666657 
39.642353 
39.618049 
39.593746 
39.569442 
39.545138 
39.520834 
39.496531 
39.472227 
39.447923 
39.423619 
39.399315 
39.375012 
39.350708 
39.326404 
39.302100 
39.277797 
39.253493 
39.229189 
39.204885 
39.180582 
39.156278 
39.131974 
39.107670 
39.083367 
39.059063 
39.034759 
39.010455 
38.986152 
38.961848 
38.937544 
38.913240 
38.888937 
38.864633 
38.840329 
38.816025 
38.791722 
38.767418 
38.743114 
38.718810 
38.694507 
38.670203 
38.645899 
38.621595 
38.597292 
38.572988 
38.548684 
38.524380 
38.500077 
38.475773 
38.451469 
38.427165 
38.402861 
38.378558 
38.354254 
38.329950 
38.305646 
38.281343 
38.257039 
38.232735 
38.208431 
38.184128 
38.159824 
38.135520 
38.111216 
38.086913 
38.062609 
38.038305 
38.014001 
37.989698 
37.965394 
37.941090 
37.916786 
37.892483 
37.868179 
37.843875 
37.819571 
37.795268 
37.770964 
37.746660 
37.722356 
37.698053 
37.673749 
37.649445 
37.625141 
37.600838 
37.576534 
37.552230 
37.527926 
37.503622 
37.479319 
37.455015 
37.430711 
37.406407 
37.382104 
37.357800 
37.333496 
37.309192 
37.284889 
37.260585 
37.236281 
37.211977 
37.187674 
37.163370 
37.139066 
37.114762 
37.090459 
37.066155 
37.041851 
37.017547 
36.993244 
36.968940 
36.944636 
36.920332 
36.896029 
36.871725 
36.847421 
36.823117 
36.798814 
36.774510 
36.750206 
36.725902 
36.701599 
36.677295 
36.652991 
36.628687 
36.604383 
36.580080 
36.555776 
36.531472 
36.507168 
36.482865 
36.458561 
36.434257 
36.409953 
36.385650 
36.361346 
36.337042 
36.312738 
36.288435 
36.264131 
36.239827 
36.215523 
36.191220 
36.166916 
36.142612 
36.118308 
36.094005 
36.069701 
36.045397 
36.021093 
35.996790 
35.972486 
35.948182 
35.923878 
35.899575 
35.875271 
35.850967 
35.826663 
35.802360 
35.778056 
35.753752 
35.729448 
35.705144 
35.680841 
35.656537 
35.632233 
35.607929 
35.583626 
35.559322 
35.535018 
35.510714 
35.486411 
35.462107 
35.437803 
35.413499 
35.389196 
35.364892 
35.340588 
35.316284 
35.291981 
35.267677 
35.243373 
35.219069 
35.194766 
35.170462 
35.146158 
35.121854 
35.097551 
35.073247 
35.048943 
35.024639 
35.000336 
34.976032 
34.951728 
34.927424 
34.903121 
34.878817 
34.854513 
34.830209 
34.805905 
34.781602 
34.757298 
34.732994 
34.708690 
34.684387 
34.660083 
34.635779 
34.611475 
34.587172 
34.562868 
34.538564 
34.514260 
34.489957 
34.465653 
34.441349 
34.417045 
34.392742 
34.368438 
34.344134 
34.319830 
34.295527 
34.271223 
34.246919 
34.222615 
34.198312 
34.174008 
34.149704 
34.125400 
34.101097 
34.076793 
34.052489 
34.028185 
34.003882 
33.979578 
33.955274 
33.930970 
33.906666 
33.882363 
33.858059 
33.833755 
33.809451 
33.785148 
33.760844 
33.736540 
33.712236 
33.687933 
33.663629 
33.639325 
33.615021 
33.590718 
33.566414 
33.542110 
33.517806 
33.493503 
33.469199 
33.444895 
33.420591 
33.396288 
33.371984 
33.347680 
33.323376 
33.299073 
33.274769 
33.250465 
33.226161 
33.201858 
33.177554 
33.153250 
33.128946 
33.104643 
33.080339 
33.056035 
33.031731 
33.007427 
32.983124 
32.958820 
32.934516 
32.910212 
32.885909 
32.861605 
32.837301 
32.812997 
32.788694 
32.764390 
32.740086 
32.715782 
32.691479 
32.667175 
32.642871 
32.618567 
32.594264 
32.569960 
32.545656 
32.521352 
32.497049 
32.472745 
32.448441 
32.424137 
32.399834 
32.375530 
32.351226 
32.326922 
32.302619 
32.278315 
32.254011 
32.229707 
32.205404 
32.181100 
32.156796 
32.132492 
32.108189 
32.083885 
32.059581 
32.035277 
32.010973 
31.986670 
31.962366 
31.938062 
31.913758 
31.889455 
31.865151 
31.840847 
31.816543 
31.792240 
31.767936 
31.743632 
31.719328 
31.695025 
31.670721 
31.646417 
31.622113 
31.597810 
31.573506 
31.549202 
31.524898 
31.500595 
31.476291 
31.451987 
31.427683 
31.403380 
31.379076 
31.354772 
31.330468 
31.306165 
31.281861 
31.257557 
31.233253 
31.208950 
31.184646 
31.160342 
31.136038 
31.111734 
31.087431 
31.063127 
31.038823 
31.014519 
30.990216 
30.965912 
30.941608 
30.917304 
30.893001 
30.868697 
30.844393 
30.820089 
30.795786 
30.771482 
30.747178 
30.722874 
30.698571 
30.674267 
30.649963 
30.625659 
30.601356 
30.577052 
30.552748 
30.528444 
30.504141 
30.479837 
30.455533 
30.431229 
30.406926 
30.382622 
30.358318 
30.334014 
30.309711 
30.285407 
30.261103 
30.236799 
30.212495 
30.188192 
30.163888 
30.139584 
30.115280 
30.090977 
30.066673 
30.042369 
30.018065 
29.993762 
29.969458 
29.945154 
29.920850 
29.896547 
29.872243 
29.847939 
29.823635 
29.799332 
29.775028 
29.750724 
29.726420 
29.702117 
29.677813 
29.653509 
29.629205 
29.604902 
29.580598 
29.556294 
29.531990 
29.507687 
29.483383 
29.459079 
29.434775 
29.410472 
29.386168 
29.361864 
29.337560 
29.313256 
29.288953 
29.264649 
29.240345 
29.216041 
29.191738 
29.167434 
29.143130 
29.118826 
29.094523 
29.070219 
29.045915 
29.021611 
28.997308 
28.973004 
28.948700 
28.924396 
28.900093 
28.875789 
28.851485 
28.827181 
28.802878 
28.778574 
28.754270 
28.729966 
28.705663 
28.681359 
28.657055 
28.632751 
28.608448 
28.584144 
28.559840 
28.535536 
28.511233 
28.486929 
28.462625 
28.438321 
28.414017 
28.389714 
28.365410 
28.341106 
28.316802 
28.292499 
28.268195 
28.243891 
28.219587 
28.195284 
28.170980 
28.146676 
28.122372 
28.098069 
28.073765 
28.049461 
28.025157 
28.000854 
27.976550 
27.952246 
27.927942 
27.903639 
27.879335 
27.855031 
27.830727 
27.806424 
27.782120 
27.757816 
27.733512 
27.709209 
27.684905 
27.660601 
27.636297 
27.611994 
27.587690 
27.563386 
27.539082 
27.514778 
27.490475 
27.466171 
27.441867 
27.417563 
27.393260 
27.368956 
27.344652 
27.320348 
27.296045 
27.271741 
27.247437 
27.223133 
27.198830 
27.174526 
27.150222 
27.125918 
27.101615 
27.077311 
27.053007 
27.028703 
27.004400 
26.980096 
26.955792 
26.931488 
26.907185 
26.882881 
26.858577 
26.834273 
26.809970 
26.785666 
26.761362 
26.737058 
26.712755 
26.688451 
26.664147 
26.639843 
26.615539 
26.591236 
26.566932 
26.542628 
26.518324 
26.494021 
26.469717 
26.445413 
26.421109 
26.396806 
26.372502 
26.348198 
26.323894 
26.299591 
26.275287 
26.250983 
26.226679 
26.202376 
26.178072 
26.153768 
26.129464 
26.105161 
26.080857 
26.056553 
26.032249 
26.007946 
25.983642 
25.959338 
25.935034 
25.910731 
25.886427 
25.862123 
25.837819 
25.813516 
25.789212 
25.764908 
25.740604 
25.716301 
25.691997 
25.667693 
25.643389 
25.619085 
25.594782 
25.570478 
25.546174 
25.521870 
25.497567 
25.473263 
25.448959 
25.424655 
25.400352 
25.376048 
25.351744 
25.327440 
25.303137 
25.278833 
25.254529 
25.230225 
25.205922 
25.181618 
25.157314 
25.133010 
25.108707 
25.084403 
25.060099 
25.035795 
25.011492 
24.987188 
24.962884 
24.938580 
24.914277 
24.889973 
24.865669 
24.841365 
24.817062 
24.792758 
24.768454 
24.744150 
24.719846 
24.695543 
24.671239 
24.646935 
24.622631 
24.598328 
24.574024 
24.549720 
24.525416 
24.501113 
24.476809 
24.452505 
24.428201 
24.403898 
24.379594 
24.355290 
24.330986 
24.306683 
24.282379 
24.258075 
24.233771 
24.209468 
24.185164 
24.160860 
24.136556 
24.112253 
24.087949 
24.063645 
24.039341 
24.015038 
23.990734 
23.966430 
23.942126 
23.917823 
23.893519 
23.869215 
23.844911 
23.820607 
23.796304 
23.772000 
23.747696 
23.723392 
23.699089 
23.674785 
23.650481 
23.626177 
23.601874 
23.577570 
23.553266 
23.528962 
23.504659 
23.480355 
23.456051 
23.431747 
23.407444 
23.383140 
23.358836 
23.334532 
23.310229 
23.285925 
23.261621 
23.237317 
23.213014 
23.188710 
23.164406 
23.140102 
23.115799 
23.091495 
23.067191 
23.042887 
23.018584 
22.994280 
22.969976 
22.945672 
22.921368 
22.897065 
22.872761 
22.848457 
22.824153 
22.799850 
22.775546 
22.751242 
22.726938 
22.702635 
22.678331 
22.654027 
22.629723 
22.605420 
22.581116 
22.556812 
22.532508 
22.508205 
22.483901 
22.459597 
22.435293 
22.410990 
22.386686 
22.362382 
22.338078 
22.313775 
22.289471 
22.265167 
22.240863 
22.216560 
22.192256 
22.167952 
22.143648 
22.119345 
22.095041 
22.070737 
22.046433 
22.022129 
21.997826 
21.973522 
21.949218 
21.924914 
21.900611 
21.876307 
21.852003 
21.827699 
21.803396 
21.779092 
21.754788 
21.730484 
21.706181 
21.681877 
21.657573 
21.633269 
21.608966 
21.584662 
21.560358 
21.536054 
21.511751 
21.487447 
21.463143 
21.438839 
21.414536 
21.390232 
21.365928 
21.341624 
21.317321 
21.293017 
21.268713 
21.244409 
21.220106 
21.195802 
21.171498 
21.147194 
21.122890 
21.098587 
21.074283 
21.049979 
21.025675 
21.001372 
20.977068 
20.952764 
20.928460 
20.904157 
20.879853 
20.855549 
20.831245 
20.806942 
20.782638 
20.758334 
20.734030 
20.709727 
20.685423 
20.661119 
20.636815 
20.612512 
20.588208 
20.563904 
20.539600 
20.515297 
20.490993 
20.466689 
20.442385 
20.418082 
20.393778 
20.369474 
20.345170 
20.320867 
20.296563 
20.272259 
20.247955 
20.223651 
20.199348 
20.175044 
20.150740 
20.126436 
20.102133 
20.077829 
20.053525 
20.029221 
20.004918 
19.980614 
19.956310 
19.932006 
19.907703 
19.883399 
19.859095 
19.834791 
19.810488 
19.786184 
19.761880 
19.737576 
19.713273 
19.688969 
19.664665 
19.640361 
19.616058 
19.591754 
19.567450 
19.543146 
19.518843 
19.494539 
19.470235 
19.445931 
19.421628 
19.397324 
19.373020 
19.348716 
19.324413 
19.300109 
19.275805 
19.251501 
19.227197 
19.202894 
19.178590 
19.154286 
19.129982 
19.105679 
19.081375 
19.057071 
19.032767 
19.008464 
18.984160 
18.959856 
18.935552 
18.911249 
18.886945 
18.862641 
18.838337 
18.814034 
18.789730 
18.765426 
18.741122 
18.716819 
18.692515 
18.668211 
18.643907 
18.619604 
18.595300 
18.570996 
18.546692 
18.522389 
18.498085 
18.473781 
18.449477 
18.425174 
18.400870 
18.376566 
18.352262 
18.327958 
18.303655 
18.279351 
18.255047 
18.230743 
18.206440 
18.182136 
18.157832 
18.133528 
18.109225 
18.084921 
18.060617 
18.036313 
18.012010 
17.987706 
17.963402 
17.939098 
17.914795 
17.890491 
17.866187 
17.841883 
17.817580 
17.793276 
17.768972 
17.744668 
17.720365 
17.696061 
17.671757 
17.647453 
17.623150 
17.598846 
17.574542 
17.550238 
17.525935 
17.501631 
17.477327 
17.453023 
17.428719 
17.404416 
17.380112 
17.355808 
17.331504 
17.307201 
17.282897 
17.258593 
17.234289 
17.209986 
17.185682 
17.161378 
17.137074 
17.112771 
17.088467 
17.064163 
17.039859 
17.015556 
16.991252 
16.966948 
16.942644 
16.918341 
16.894037 
16.869733 
16.845429 
16.821126 
16.796822 
16.772518 
16.748214 
16.723911 
16.699607 
16.675303 
16.650999 
16.626696 
16.602392 
16.578088 
16.553784 
16.529480 
16.505177 
16.480873 
16.456569 
16.432265 
16.407962 
16.383658 
16.359354 
16.335050 
16.310747 
16.286443 
16.262139 
16.237835 
16.213532 
16.189228 
16.164924 
16.140620 
16.116317 
16.092013 
16.067709 
16.043405 
16.019102 
15.994798 
15.970494 
15.946190 
15.921887 
15.897583 
15.873279 
15.848975 
15.824672 
15.800368 
15.776064 
15.751760 
15.727457 
15.703153 
15.678849 
15.654545 
15.630241 
15.605938 
15.581634 
15.557330 
15.533026 
15.508723 
15.484419 
15.460115 
15.435811 
15.411508 
15.387204 
15.362900 
15.338596 
15.314293 
15.289989 
15.265685 
15.241381 
15.217078 
15.192774 
15.168470 
15.144166 
15.119863 
15.095559 
15.071255 
15.046951 
15.022648 
14.998344 
14.974040 
14.949736 
14.925433 
14.901129 
14.876825 
14.852521 
14.828218 
14.803914 
14.779610 
14.755306 
14.731002 
14.706699 
14.682395 
14.658091 
14.633787 
14.609484 
14.585180 
14.560876 
14.536572 
14.512269 
14.487965 
14.463661 
14.439357 
14.415054 
14.390750 
14.366446 
14.342142 
14.317839 
14.293535 
14.269231 
14.244927 
14.220624 
14.196320 
14.172016 
14.147712 
14.123409 
14.099105 
14.074801 
14.050497 
14.026194 
14.001890 
13.977586 
13.953282 
13.928979 
13.904675 
13.880371 
13.856067 
13.831763 
13.807460 
13.783156 
13.758852 
13.734548 
13.710245 
13.685941 
13.661637 
13.637333 
13.613030 
13.588726 
13.564422 
13.540118 
13.515815 
13.491511 
13.467207 
13.442903 
13.418600 
13.394296 
13.369992 
13.345688 
13.321385 
13.297081 
13.272777 
13.248473 
13.224170 
13.199866 
13.175562 
13.151258 
13.126955 
13.102651 
13.078347 
13.054043 
13.029740 
13.005436 
12.981132 
12.956828 
12.932525 
12.908221 
12.883917 
12.859613 
12.835309 
12.811006 
12.786702 
12.762398 
12.738094 
12.713791 
12.689487 
12.665183 
12.640879 
12.616576 
12.592272 
12.567968 
12.543664 
12.519361 
12.495057 
12.470753 
12.446449 
12.422146 
12.397842 
12.373538 
12.349234 
12.324931 
12.300627 
12.276323 
12.252019 
12.227716 
12.203412 
12.179108 
12.154804 
12.130501 
12.106197 
12.081893 
12.057589 
12.033286 
12.008982 
11.984678 
11.960374 
11.936070 
11.911767 
11.887463 
11.863159 
11.838855 
11.814552 
11.790248 
11.765944 
11.741640 
11.717337 
11.693033 
11.668729 
11.644425 
11.620122 
11.595818 
11.571514 
11.547210 
11.522907 
11.498603 
11.474299 
11.449995 
11.425692 
11.401388 
11.377084 
11.352780 
11.328477 
11.304173 
11.279869 
11.255565 
11.231262 
11.206958 
11.182654 
11.158350 
11.134047 
11.109743 
11.085439 
11.061135 
11.036831 
11.012528 
10.988224 
10.963920 
10.939616 
10.915313 
10.891009 
10.866705 
10.842401 
10.818098 
10.793794 
10.769490 
10.745186 
10.720883 
10.696579 
10.672275 
10.647971 
10.623668 
10.599364 
10.575060 
10.550756 
10.526453 
10.502149 
10.477845 
10.453541 
10.429238 
10.404934 
10.380630 
10.356326 
10.332023 
10.307719 
10.283415 
10.259111 
10.234808 
10.210504 
10.186200 
10.161896 
10.137592 
10.113289 
10.088985 
10.064681 
10.040377 
10.016074 
9.991770 
9.967466 
9.943162 
9.918859 
9.894555 
9.870251 
9.845947 
9.821644 
9.797340 
9.773036 
9.748732 
9.724429 
9.700125 
9.675821 
9.651517 
9.627214 
9.602910 
9.578606 
9.554302 
9.529999 
9.505695 
9.481391 
9.457087 
9.432784 
9.408480 
9.384176 
9.359872 
9.335569 
9.311265 
9.286961 
9.262657 
9.238353 
9.214050 
9.189746 
9.165442 
9.141138 
9.116835 
9.092531 
9.068227 
9.043923 
9.019620 
8.995316 
8.971012 
8.946708 
8.922405 
8.898101 
8.873797 
8.849493 
8.825190 
8.800886 
8.776582 
8.752278 
8.727975 
8.703671 
8.679367 
8.655063 
8.630760 
8.606456 
8.582152 
8.557848 
8.533545 
8.509241 
8.484937 
8.460633 
8.436330 
8.412026 
8.387722 
8.363418 
8.339114 
8.314811 
8.290507 
8.266203 
8.241899 
8.217596 
8.193292 
8.168988 
8.144684 
8.120381 
8.096077 
8.071773 
8.047469 
8.023166 
7.998862 
7.974558 
7.950254 
7.925951 
7.901647 
7.877343 
7.853039 
7.828736 
7.804432 
7.780128 
7.755824 
7.731521 
7.707217 
7.682913 
7.658609 
7.634306 
7.610002 
7.585698 
7.561394 
7.537091 
7.512787 
7.488483 
7.464179 
7.439875 
7.415572 
7.391268 
7.366964 
7.342660 
7.318357 
7.294053 
7.269749 
7.245445 
7.221142 
7.196838 
7.172534 
7.148230 
7.123927 
7.099623 
7.075319 
7.051015 
7.026712 
7.002408 
6.978104 
6.953800 
6.929497 
6.905193 
6.880889 
6.856585 
6.832282 
6.807978 
6.783674 
6.759370 
6.735067 
6.710763 
6.686459 
6.662155 
6.637852 
6.613548 
6.589244 
6.564940 
6.540637 
6.516333 
6.492029 
6.467725 
6.443421 
6.419118 
6.394814 
6.370510 
6.346206 
6.321903 
6.297599 
6.273295 
6.248991 
6.224688 
6.200384 
6.176080 
6.151776 
6.127473 
6.103169 
6.078865 
6.054561 
6.030258 
6.005954 
5.981650 
5.957346 
5.933043 
5.908739 
5.884435 
5.860131 
5.835828 
5.811524 
5.787220 
5.762916 
5.738613 
5.714309 
5.690005 
5.665701 
5.641398 
5.617094 
5.592790 
5.568486 
5.544182 
5.519879 
5.495575 
5.471271 
5.446967 
5.422664 
5.398360 
5.374056 
5.349752 
5.325449 
5.301145 
5.276841 
5.252537 
5.228234 
5.203930 
5.179626 
5.155322 
5.131019 
5.106715 
5.082411 
5.058107 
5.033804 
5.009500 
4.985196 
4.960892 
4.936589 
4.912285 
4.887981 
4.863677 
4.839374 
4.815070 
4.790766 
4.766462 
4.742159 
4.717855 
4.693551 
4.669247 
4.644943 
4.620640 
4.596336 
4.572032 
4.547728 
4.523425 
4.499121 
4.474817 
4.450513 
4.426210 
4.401906 
4.377602 
4.353298 
4.328995 
4.304691 
4.280387 
4.256083 
4.231780 
4.207476 
4.183172 
4.158868 
4.134565 
4.110261 
4.085957 
4.061653 
4.037350 
4.013046 
3.988742 
3.964438 
3.940135 
3.915831 
3.891527 
3.867223 
3.842920 
3.818616 
3.794312 
3.770008 
3.745704 
3.721401 
3.697097 
3.672793 
3.648489 
3.624186 
3.599882 
3.575578 
3.551274 
3.526971 
3.502667 
3.478363 
3.454059 
3.429756 
3.405452 
3.381148 
3.356844 
3.332541 
3.308237 
3.283933 
3.259629 
3.235326 
3.211022 
3.186718 
3.162414 
3.138111 
3.113807 
3.089503 
3.065199 
3.040896 
3.016592 
2.992288 
2.967984 
2.943681 
2.919377 
2.895073 
2.870769 
2.846465 
2.822162 
2.797858 
2.773554 
2.749250 
2.724947 
2.700643 
2.676339 
2.652035 
2.627732 
2.603428 
2.579124 
2.554820 
2.530517 
2.506213 
2.481909 
2.457605 
2.433302 
2.408998 
2.384694 
2.360390 
2.336087 
2.311783 
2.287479 
2.263175 
2.238872 
2.214568 
2.190264 
2.165960 
2.141657 
2.117353 
2.093049 
2.068745 
2.044442 
2.020138 
1.995834 
1.971530 
1.947226 
1.922923 
1.898619 
1.874315 
1.850011 
1.825708 
1.801404 
1.777100 
1.752796 
1.728493 
1.704189 
1.679885 
1.655581 
1.631278 
1.606974 
1.582670 
1.558366 
1.534063 
1.509759 
1.485455 
1.461151 
1.436848 
1.412544 
1.388240 
1.363936 
1.339633 
1.315329 
1.291025 
1.266721 
1.242418 
1.218114 
1.193810 
1.169506 
1.145203 
1.120899 
1.096595 
1.072291 
1.047987 
1.023684 
0.999380 
0.975076 
0.950772 
0.926469 
0.902165 
0.877861 
0.853557 
0.829254 
0.804950 
0.780646 
0.756342 
0.732039 
0.707735 
0.683431 
0.659127 
0.634824 
0.610520 
0.586216 
0.561912 
0.537609 
0.513305 
0.489001 
0.464697 
0.440394 
0.416090 
0.391786 
0.367482 
0.343179 
0.318875 
0.294571 
0.270267 
0.245964 
0.221660 
0.197356 
0.173052 
0.148749 
0.124445 
0.100141 
0.075837 
0.051533 
0.027230 
0.002926 
-0.021378 
-0.045682 
-0.069985 
-0.094289 
-0.118593 
-0.142897 
-0.167200 
-0.191504 
-0.215808 
-0.240112 
-0.264415 
-0.288719 
-0.313023 
-0.337327 
-0.361630 
-0.385934 
-0.410238 
-0.434542 
-0.458845 
-0.483149 
-0.507453 
-0.531757 
-0.556060 
-0.580364 
-0.604668 
-0.628972 
-0.653275 
-0.677579 
-0.701883 
-0.726187 
-0.750490 
-0.774794 
-0.799098 
-0.823402 
-0.847706 
