-0.012899709 
-0.012254724 
-0.011609740 
-0.010964755 
-0.010319771 
-0.009674786 
-0.009029802 
-0.008384817 
-0.007739833 
-0.007094848 
-0.006449864 
-0.005804879 
-0.005159895 
-0.004514911 
-0.003869926 
-0.003224942 
-0.002579957 
-0.001934973 
-0.001289988 
-0.000645004 
-0.000000019 
0.000644965 
0.001289950 
0.001934934 
0.002579919 
0.003224903 
0.003869887 
0.004514872 
0.005159856 
0.005804841 
0.006449825 
0.007094810 
0.007739794 
0.008384779 
0.009029763 
0.009674748 
0.010319732 
0.010964717 
0.011609701 
0.012254685 
0.012899670 
0.013544654 
0.014189639 
0.014834623 
0.015479608 
0.016124592 
0.016769577 
0.017414561 
0.018059546 
0.018704530 
0.019349515 
0.019994499 
0.020639483 
0.021284468 
0.021929452 
0.022574437 
0.023219421 
0.023864406 
0.024509390 
0.025154375 
0.025799359 
0.026444344 
0.027089328 
0.027734313 
0.028379297 
0.029024281 
0.029669266 
0.030314250 
0.030959235 
0.031604219 
0.032249204 
0.032894188 
0.033539173 
0.034184157 
0.034829142 
0.035474126 
0.036119111 
0.036764095 
0.037409079 
0.038054064 
0.038699048 
0.039344033 
0.039989017 
0.040634002 
0.041278986 
0.041923971 
0.042568955 
0.043213940 
0.043858924 
0.044503909 
0.045148893 
0.045793877 
0.046438862 
0.047083846 
0.047728831 
0.048373815 
0.049018800 
0.049663784 
0.050308769 
0.050953753 
0.051598738 
0.052243722 
0.052888707 
0.053533691 
0.054178675 
0.054823660 
0.055468644 
0.056113629 
0.056758613 
0.057403598 
0.058048582 
0.058693567 
0.059338551 
0.059983536 
0.060628520 
0.061273505 
0.061918489 
0.062563473 
0.063208458 
0.063853442 
0.064498427 
0.065143411 
0.065788396 
0.066433380 
0.067078365 
0.067723349 
0.068368334 
0.069013318 
0.069658303 
0.070303287 
0.070948271 
0.071593256 
0.072238240 
0.072883225 
0.073528209 
0.074173194 
0.074818178 
0.075463163 
0.076108147 
0.076753132 
0.077398116 
0.078043101 
0.078688085 
0.079333069 
0.079978054 
0.080623038 
0.081268023 
0.081913007 
0.082557992 
0.083202976 
0.083847961 
0.084492945 
0.085137930 
0.085782914 
0.086427899 
0.087072883 
0.087717867 
0.088362852 
0.089007836 
0.089652821 
0.090297805 
0.090942790 
0.091587774 
0.092232759 
0.092877743 
0.093522728 
0.094167712 
0.094812697 
0.095457681 
0.096102665 
0.096747650 
0.097392634 
0.098037619 
0.098682603 
0.099327588 
0.099972572 
0.100617557 
0.101262541 
0.101907526 
0.102552510 
0.103197495 
0.103842479 
0.104487463 
0.105132448 
0.105777432 
0.106422417 
0.107067401 
0.107712386 
0.108357370 
0.109002355 
0.109647339 
0.110292324 
0.110937308 
0.111582293 
0.112227277 
0.112872261 
0.113517246 
0.114162230 
0.114807215 
0.115452199 
0.116097184 
0.116742168 
0.117387153 
0.118032137 
0.118677122 
0.119322106 
0.119967091 
0.120612075 
0.121257059 
0.121902044 
0.122547028 
0.123192013 
0.123836997 
0.124481982 
0.125126966 
0.125771951 
0.126416935 
0.127061920 
0.127706904 
0.128351889 
0.128996873 
0.129641857 
0.130286842 
0.130931826 
0.131576811 
0.132221795 
0.132866780 
0.133511764 
0.134156749 
0.134801733 
0.135446718 
0.136091702 
0.136736687 
0.137381671 
0.138026655 
0.138671640 
0.139316624 
0.139961609 
0.140606593 
0.141251578 
0.141896562 
0.142541547 
0.143186531 
0.143831516 
0.144476500 
0.145121485 
0.145766469 
0.146411453 
0.147056438 
0.147701422 
0.148346407 
0.148991391 
0.149636376 
0.150281360 
0.150926345 
0.151571329 
0.152216314 
0.152861298 
0.153506283 
0.154151267 
0.154796251 
0.155441236 
0.156086220 
0.156731205 
0.157376189 
0.158021174 
0.158666158 
0.159311143 
0.159956127 
0.160601112 
0.161246096 
0.161891081 
0.162536065 
0.163181049 
0.163826034 
0.164471018 
0.165116003 
0.165760987 
0.166405972 
0.167050956 
0.167695941 
0.168340925 
0.168985910 
0.169630894 
0.170275879 
0.170920863 
0.171565847 
0.172210832 
0.172855816 
0.173500801 
0.174145785 
0.174790770 
0.175435754 
0.176080739 
0.176725723 
0.177370708 
0.178015692 
0.178660677 
0.179305661 
0.179950645 
0.180595630 
0.181240614 
0.181885599 
0.182530583 
0.183175568 
0.183820552 
0.184465537 
0.185110521 
0.185755506 
0.186400490 
0.187045475 
0.187690459 
0.188335443 
0.188980428 
0.189625412 
0.190270397 
0.190915381 
0.191560366 
0.192205350 
0.192850335 
0.193495319 
0.194140304 
0.194785288 
0.195430273 
0.196075257 
0.196720241 
0.197365226 
0.198010210 
0.198655195 
0.199300179 
0.199945164 
0.200590148 
0.201235133 
0.201880117 
0.202525102 
0.203170086 
0.203815071 
0.204460055 
0.205105039 
0.205750024 
0.206395008 
0.207039993 
0.207684977 
0.208329962 
0.208974946 
0.209619931 
0.210264915 
0.210909900 
0.211554884 
0.212199869 
0.212844853 
0.213489837 
0.214134822 
0.214779806 
0.215424791 
0.216069775 
0.216714760 
0.217359744 
0.218004729 
0.218649713 
0.219294698 
0.219939682 
0.220584667 
0.221229651 
0.221874635 
0.222519620 
0.223164604 
0.223809589 
0.224454573 
0.225099558 
0.225744542 
0.226389527 
0.227034511 
0.227679496 
0.228324480 
0.228969465 
0.229614449 
0.230259433 
0.230904418 
0.231549402 
0.232194387 
0.232839371 
0.233484356 
0.234129340 
0.234774325 
0.235419309 
0.236064294 
0.236709278 
0.237354263 
0.237999247 
0.238644231 
0.239289216 
0.239934200 
0.240579185 
0.241224169 
0.241869154 
0.242514138 
0.243159123 
0.243804107 
0.244449092 
0.245094076 
0.245739061 
0.246384045 
0.247029029 
0.247674014 
0.248318998 
0.248963983 
0.249608967 
0.250253952 
0.250898936 
0.251543921 
0.252188905 
0.252833890 
0.253478874 
0.254123859 
0.254768843 
0.255413827 
0.256058812 
0.256703796 
0.257348781 
0.257993765 
0.258638750 
0.259283734 
0.259928719 
0.260573703 
0.261218688 
0.261863672 
0.262508657 
0.263153641 
0.263798625 
0.264443610 
0.265088594 
0.265733579 
0.266378563 
0.267023548 
0.267668532 
0.268313517 
0.268958501 
0.269603486 
0.270248470 
0.270893455 
0.271538439 
0.272183423 
0.272828408 
0.273473392 
0.274118377 
0.274763361 
0.275408346 
0.276053330 
0.276698315 
0.277343299 
0.277988284 
0.278633268 
0.279278253 
0.279923237 
0.280568221 
0.281213206 
0.281858190 
0.282503175 
0.283148159 
0.283793144 
0.284438128 
0.285083113 
0.285728097 
0.286373082 
0.287018066 
0.287663051 
0.288308035 
0.288953019 
0.289598004 
0.290242988 
0.290887973 
0.291532957 
0.292177942 
0.292822926 
0.293467911 
0.294112895 
0.294757880 
0.295402864 
0.296047849 
0.296692833 
0.297337817 
0.297982802 
0.298627786 
0.299272771 
0.299917755 
0.300562740 
0.301207724 
0.301852709 
0.302497693 
0.303142678 
0.303787662 
0.304432647 
0.305077631 
0.305722615 
0.306367600 
0.307012584 
0.307657569 
0.308302553 
0.308947538 
0.309592522 
0.310237507 
0.310882491 
0.311527476 
0.312172460 
0.312817445 
0.313462429 
0.314107413 
0.314752398 
0.315397382 
0.316042367 
0.316687351 
0.317332336 
0.317977320 
0.318622305 
0.319267289 
0.319912274 
0.320557258 
0.321202243 
0.321847227 
0.322492211 
0.323137196 
0.323782180 
0.324427165 
0.325072149 
0.325717134 
0.326362118 
0.327007103 
0.327652087 
0.328297072 
0.328942056 
0.329587041 
0.330232025 
0.330877009 
0.331521994 
0.332166978 
0.332811963 
0.333456947 
0.334101932 
0.334746916 
0.335391901 
0.336036885 
0.336681870 
0.337326854 
0.337971839 
0.338616823 
0.339261807 
0.339906792 
0.340551776 
0.341196761 
0.341841745 
0.342486730 
0.343131714 
0.343776699 
0.344421683 
0.345066668 
0.345711652 
0.346356637 
0.347001621 
0.347646605 
0.348291590 
0.348936574 
0.349581559 
0.350226543 
0.350871528 
0.351516512 
0.352161497 
0.352806481 
0.353451466 
0.354096450 
0.354741435 
0.355386419 
0.356031403 
0.356676388 
0.357321372 
0.357966357 
0.358611341 
0.359256326 
0.359901310 
0.360546295 
0.361191279 
0.361836264 
0.362481248 
0.363126232 
0.363771217 
0.364416201 
0.365061186 
0.365706170 
0.366351155 
0.366996139 
0.367641124 
0.368286108 
0.368931093 
0.369576077 
0.370221062 
0.370866046 
0.371511030 
0.372156015 
0.372800999 
0.373445984 
0.374090968 
0.374735953 
0.375380937 
0.376025922 
0.376670906 
0.377315891 
0.377960875 
0.378605860 
0.379250844 
0.379895828 
0.380540813 
0.381185797 
0.381830782 
0.382475766 
0.383120751 
0.383765735 
0.384410720 
0.385055704 
0.385700689 
0.386345673 
0.386990658 
0.387635642 
0.388280626 
0.388925611 
0.389570595 
0.390215580 
0.390860564 
0.391505549 
0.392150533 
0.392795518 
0.393440502 
0.394085487 
0.394730471 
0.395375456 
0.396020440 
0.396665424 
0.397310409 
0.397955393 
0.398600378 
0.399245362 
0.399890347 
0.400535331 
0.401180316 
0.401825300 
0.402470285 
0.403115269 
0.403760254 
0.404405238 
0.405050222 
0.405695207 
0.406340191 
0.406985176 
0.407630160 
0.408275145 
0.408920129 
0.409565114 
0.410210098 
0.410855083 
0.411500067 
0.412145052 
0.412790036 
0.413435020 
0.414080005 
0.414724989 
0.415369974 
0.416014958 
0.416659943 
0.417304927 
0.417949912 
0.418594896 
0.419239881 
0.419884865 
0.420529850 
0.421174834 
0.421819818 
0.422464803 
0.423109787 
0.423754772 
0.424399756 
0.425044741 
0.425689725 
0.426334710 
0.426979694 
0.427624679 
0.428269663 
0.428914648 
0.429559632 
0.430204616 
0.430849601 
0.431494585 
0.432139570 
0.432784554 
0.433429539 
0.434074523 
0.434719508 
0.435364492 
0.436009477 
0.436654461 
0.437299446 
0.437944430 
0.438589414 
0.439234399 
0.439879383 
0.440524368 
0.441169352 
0.441814337 
0.442459321 
0.443104306 
0.443749290 
0.444394275 
0.445039259 
0.445684244 
0.446329228 
0.446974212 
0.447619197 
0.448264181 
0.448909166 
0.449554150 
0.450199135 
0.450844119 
0.451489104 
0.452134088 
0.452779073 
0.453424057 
0.454069042 
0.454714026 
0.455359010 
0.456003995 
0.456648979 
0.457293964 
0.457938948 
0.458583933 
0.459228917 
0.459873902 
0.460518886 
0.461163871 
0.461808855 
0.462453840 
0.463098824 
0.463743808 
0.464388793 
0.465033777 
0.465678762 
0.466323746 
0.466968731 
0.467613715 
0.468258700 
0.468903684 
0.469548669 
0.470193653 
0.470838638 
0.471483622 
0.472128606 
0.472773591 
0.473418575 
0.474063560 
0.474708544 
0.475353529 
0.475998513 
0.476643498 
0.477288482 
0.477933467 
0.478578451 
0.479223436 
0.479868420 
0.480513404 
0.481158389 
0.481803373 
0.482448358 
0.483093342 
0.483738327 
0.484383311 
0.485028296 
0.485673280 
0.486318265 
0.486963249 
0.487608234 
0.488253218 
0.488898202 
0.489543187 
0.490188171 
0.490833156 
0.491478140 
0.492123125 
0.492768109 
0.493413094 
0.494058078 
0.494703063 
0.495348047 
0.495993032 
0.496638016 
0.497283000 
0.497927985 
0.498572969 
0.499217954 
0.499862938 
0.500507923 
0.501152907 
0.501797892 
0.502442876 
0.503087861 
0.503732845 
0.504377830 
0.505022814 
0.505667798 
0.506312783 
0.506957767 
0.507602752 
0.508247736 
0.508892721 
0.509537705 
0.510182690 
0.510827674 
0.511472659 
0.512117643 
0.512762628 
0.513407612 
0.514052596 
0.514697581 
0.515342565 
0.515987550 
0.516632534 
0.517277519 
0.517922503 
0.518567488 
0.519212472 
0.519857457 
0.520502441 
0.521147426 
0.521792410 
0.522437394 
0.523082379 
0.523727363 
0.524372348 
0.525017332 
0.525662317 
0.526307301 
0.526952286 
0.527597270 
0.528242255 
0.528887239 
0.529532224 
0.530177208 
0.530822192 
0.531467177 
0.532112161 
0.532757146 
0.533402130 
0.534047115 
0.534692099 
0.535337084 
0.535982068 
0.536627053 
0.537272037 
0.537917022 
0.538562006 
0.539206990 
0.539851975 
0.540496959 
0.541141944 
0.541786928 
0.542431913 
0.543076897 
0.543721882 
0.544366866 
0.545011851 
0.545656835 
0.546301820 
0.546946804 
0.547591788 
0.548236773 
0.548881757 
0.549526742 
0.550171726 
0.550816711 
0.551461695 
0.552106680 
0.552751664 
0.553396649 
0.554041633 
0.554686618 
0.555331602 
0.555976586 
0.556621571 
0.557266555 
0.557911540 
0.558556524 
0.559201509 
0.559846493 
0.560491478 
0.561136462 
0.561781447 
0.562426431 
0.563071416 
0.563716400 
0.564361384 
0.565006369 
0.565651353 
0.566296338 
0.566941322 
0.567586307 
0.568231291 
0.568876276 
0.569521260 
0.570166245 
0.570811229 
0.571456214 
0.572101198 
0.572746182 
0.573391167 
0.574036151 
0.574681136 
0.575326120 
0.575971105 
0.576616089 
0.577261074 
0.577906058 
0.578551043 
0.579196027 
0.579841012 
0.580485996 
0.581130980 
0.581775965 
0.582420949 
0.583065934 
0.583710918 
0.584355903 
0.585000887 
0.585645872 
0.586290856 
0.586935841 
0.587580825 
0.588225810 
0.588870794 
0.589515778 
0.590160763 
0.590805747 
0.591450732 
0.592095716 
0.592740701 
0.593385685 
0.594030670 
0.594675654 
0.595320639 
0.595965623 
0.596610608 
0.597255592 
0.597900576 
0.598545561 
0.599190545 
0.599835530 
0.600480514 
0.601125499 
0.601770483 
0.602415468 
0.603060452 
0.603705437 
0.604350421 
0.604995406 
0.605640390 
0.606285374 
0.606930359 
0.607575343 
0.608220328 
0.608865312 
0.609510297 
0.610155281 
0.610800266 
0.611445250 
0.612090235 
0.612735219 
0.613380204 
0.614025188 
0.614670172 
0.615315157 
0.615960141 
0.616605126 
0.617250110 
0.617895095 
0.618540079 
0.619185064 
0.619830048 
0.620475033 
0.621120017 
0.621765002 
0.622409986 
0.623054970 
0.623699955 
0.624344939 
0.624989924 
0.625634908 
0.626279893 
0.626924877 
0.627569862 
0.628214846 
0.628859831 
0.629504815 
0.630149800 
0.630794784 
0.631439768 
0.632084753 
0.632729737 
0.633374722 
0.634019706 
0.634664691 
0.635309675 
0.635954660 
0.636599644 
0.637244629 
0.637889613 
0.638534598 
0.639179582 
0.639824566 
0.640469551 
0.641114535 
0.641759520 
0.642404504 
0.643049489 
0.643694473 
0.644339458 
0.644984442 
0.645629427 
0.646274411 
0.646919396 
0.647564380 
0.648209364 
0.648854349 
0.649499333 
0.650144318 
0.650789302 
0.651434287 
0.652079271 
0.652724256 
0.653369240 
0.654014225 
0.654659209 
0.655304194 
0.655949178 
0.656594162 
0.657239147 
0.657884131 
0.658529116 
0.659174100 
0.659819085 
0.660464069 
0.661109054 
0.661754038 
0.662399023 
0.663044007 
0.663688992 
0.664333976 
0.664978960 
0.665623945 
0.666268929 
0.666913914 
0.667558898 
0.668203883 
0.668848867 
0.669493852 
0.670138836 
0.670783821 
0.671428805 
0.672073790 
0.672718774 
0.673363758 
0.674008743 
0.674653727 
0.675298712 
0.675943696 
0.676588681 
0.677233665 
0.677878650 
0.678523634 
0.679168619 
0.679813603 
0.680458588 
0.681103572 
0.681748556 
0.682393541 
0.683038525 
0.683683510 
0.684328494 
0.684973479 
0.685618463 
0.686263448 
0.686908432 
0.687553417 
0.688198401 
0.688843386 
0.689488370 
0.690133354 
0.690778339 
0.691423323 
0.692068308 
0.692713292 
0.693358277 
0.694003261 
0.694648246 
0.695293230 
0.695938215 
0.696583199 
0.697228184 
0.697873168 
0.698518152 
0.699163137 
0.699808121 
0.700453106 
0.701098090 
0.701743075 
0.702388059 
0.703033044 
0.703678028 
0.704323013 
0.704967997 
0.705612982 
0.706257966 
0.706902950 
0.707547935 
0.708192919 
0.708837904 
0.709482888 
0.710127873 
0.710772857 
0.711417842 
0.712062826 
0.712707811 
0.713352795 
0.713997780 
0.714642764 
0.715287748 
0.715932733 
0.716577717 
0.717222702 
0.717867686 
0.718512671 
0.719157655 
0.719802640 
0.720447624 
0.721092609 
0.721737593 
0.722382578 
0.723027562 
0.723672546 
0.724317531 
0.724962515 
0.725607500 
0.726252484 
0.726897469 
0.727542453 
0.728187438 
0.728832422 
0.729477407 
0.730122391 
0.730767376 
0.731412360 
0.732057344 
0.732702329 
0.733347313 
0.733992298 
0.734637282 
0.735282267 
0.735927251 
0.736572236 
0.737217220 
0.737862205 
0.738507189 
0.739152174 
0.739797158 
0.740442142 
0.741087127 
0.741732111 
0.742377096 
0.743022080 
0.743667065 
0.744312049 
0.744957034 
0.745602018 
0.746247003 
0.746891987 
0.747536972 
0.748181956 
0.748826940 
0.749471925 
0.750116909 
0.750761894 
0.751406878 
0.752051863 
0.752696847 
0.753341832 
0.753986816 
0.754631801 
0.755276785 
0.755921770 
0.756566754 
0.757211738 
0.757856723 
0.758501707 
0.759146692 
0.759791676 
0.760436661 
0.761081645 
0.761726630 
0.762371614 
0.763016599 
0.763661583 
0.764306568 
0.764951552 
0.765596536 
0.766241521 
0.766886505 
0.767531490 
0.768176474 
0.768821459 
0.769466443 
0.770111428 
0.770756412 
0.771401397 
0.772046381 
0.772691366 
0.773336350 
0.773981334 
0.774626319 
0.775271303 
0.775916288 
0.776561272 
0.777206257 
0.777851241 
0.778496226 
0.779141210 
0.779786195 
0.780431179 
0.781076164 
0.781721148 
0.782366132 
0.783011117 
0.783656101 
0.784301086 
0.784946070 
0.785591055 
0.786236039 
0.786881024 
0.787526008 
0.788170993 
0.788815977 
0.789460962 
0.790105946 
0.790750930 
0.791395915 
0.792040899 
0.792685884 
0.793330868 
0.793975853 
0.794620837 
0.795265822 
0.795910806 
0.796555791 
0.797200775 
0.797845760 
0.798490744 
0.799135728 
0.799780713 
0.800425697 
0.801070682 
0.801715666 
0.802360651 
0.803005635 
0.803650620 
0.804295604 
0.804940589 
0.805585573 
0.806230558 
0.806875542 
0.807520526 
0.808165511 
0.808810495 
0.809455480 
0.810100464 
0.810745449 
0.811390433 
0.812035418 
0.812680402 
0.813325387 
0.813970371 
0.814615356 
0.815260340 
0.815905324 
0.816550309 
0.817195293 
0.817840278 
0.818485262 
0.819130247 
0.819775231 
0.820420216 
0.821065200 
0.821710185 
0.822355169 
0.823000154 
0.823645138 
0.824290122 
0.824935107 
0.825580091 
0.826225076 
0.826870060 
0.827515045 
0.828160029 
0.828805014 
0.829449998 
0.830094983 
0.830739967 
0.831384952 
0.832029936 
0.832674920 
0.833319905 
0.833964889 
0.834609874 
0.835254858 
0.835899843 
0.836544827 
0.837189812 
0.837834796 
0.838479781 
0.839124765 
0.839769750 
0.840414734 
0.841059718 
0.841704703 
0.842349687 
0.842994672 
0.843639656 
0.844284641 
0.844929625 
0.845574610 
0.846219594 
0.846864579 
0.847509563 
0.848154548 
0.848799532 
0.849444516 
0.850089501 
0.850734485 
0.851379470 
0.852024454 
0.852669439 
0.853314423 
0.853959408 
0.854604392 
0.855249377 
0.855894361 
0.856539346 
0.857184330 
0.857829314 
0.858474299 
0.859119283 
0.859764268 
0.860409252 
0.861054237 
0.861699221 
0.862344206 
0.862989190 
0.863634175 
0.864279159 
0.864924144 
0.865569128 
0.866214112 
0.866859097 
0.867504081 
0.868149066 
0.868794050 
0.869439035 
0.870084019 
0.870729004 
0.871373988 
0.872018973 
0.872663957 
0.873308942 
0.873953926 
0.874598910 
0.875243895 
0.875888879 
0.876533864 
0.877178848 
0.877823833 
0.878468817 
0.879113802 
0.879758786 
0.880403771 
0.881048755 
0.881693740 
0.882338724 
0.882983708 
0.883628693 
0.884273677 
0.884918662 
0.885563646 
0.886208631 
0.886853615 
0.887498600 
0.888143584 
0.888788569 
0.889433553 
0.890078538 
0.890723522 
0.891368506 
0.892013491 
0.892658475 
0.893303460 
0.893948444 
0.894593429 
0.895238413 
0.895883398 
0.896528382 
0.897173367 
0.897818351 
0.898463336 
0.899108320 
0.899753304 
0.900398289 
0.901043273 
0.901688258 
0.902333242 
0.902978227 
0.903623211 
0.904268196 
0.904913180 
0.905558165 
0.906203149 
0.906848134 
0.907493118 
0.908138102 
0.908783087 
0.909428071 
0.910073056 
0.910718040 
0.911363025 
0.912008009 
0.912652994 
0.913297978 
0.913942963 
0.914587947 
0.915232932 
0.915877916 
0.916522900 
0.917167885 
0.917812869 
0.918457854 
0.919102838 
0.919747823 
0.920392807 
0.921037792 
0.921682776 
0.922327761 
0.922972745 
0.923617730 
0.924262714 
0.924907698 
0.925552683 
0.926197667 
0.926842652 
0.927487636 
0.928132621 
0.928777605 
0.929422590 
0.930067574 
0.930712559 
0.931357543 
0.932002528 
0.932647512 
0.933292496 
0.933937481 
0.934582465 
0.935227450 
0.935872434 
0.936517419 
0.937162403 
0.937807388 
0.938452372 
0.939097357 
0.939742341 
0.940387325 
0.941032310 
0.941677294 
0.942322279 
0.942967263 
0.943612248 
0.944257232 
0.944902217 
0.945547201 
0.946192186 
0.946837170 
0.947482155 
0.948127139 
0.948772123 
0.949417108 
0.950062092 
0.950707077 
0.951352061 
0.951997046 
0.952642030 
0.953287015 
0.953931999 
0.954576984 
0.955221968 
0.955866953 
0.956511937 
0.957156921 
0.957801906 
0.958446890 
0.959091875 
0.959736859 
0.960381844 
0.961026828 
0.961671813 
0.962316797 
0.962961782 
0.963606766 
0.964251751 
0.964896735 
0.965541719 
0.966186704 
0.966831688 
0.967476673 
0.968121657 
0.968766642 
0.969411626 
0.970056611 
0.970701595 
0.971346580 
0.971991564 
0.972636549 
0.973281533 
0.973926517 
0.974571502 
0.975216486 
0.975861471 
0.976506455 
0.977151440 
0.977796424 
0.978441409 
0.979086393 
0.979731378 
0.980376362 
0.981021347 
0.981666331 
0.982311315 
0.982956300 
0.983601284 
0.984246269 
0.984891253 
0.985536238 
0.986181222 
0.986826207 
0.987471191 
0.988116176 
0.988761160 
0.989406145 
0.990051129 
0.990696113 
0.991341098 
0.991986082 
0.992631067 
0.993276051 
0.993921036 
0.994566020 
0.995211005 
0.995855989 
0.996500974 
0.997145958 
0.997790943 
0.998435927 
0.999080911 
0.999725896 
1.000370880 
1.001015865 
1.001660849 
1.002305834 
1.002950818 
1.003595803 
1.004240787 
1.004885772 
1.005530756 
1.006175741 
1.006820725 
1.007465709 
1.008110694 
1.008755678 
1.009400663 
1.010045647 
1.010690632 
1.011335616 
1.011980601 
1.012625585 
1.013270570 
1.013915554 
1.014560539 
1.015205523 
1.015850507 
1.016495492 
1.017140476 
1.017785461 
1.018430445 
1.019075430 
1.019720414 
1.020365399 
1.021010383 
1.021655368 
1.022300352 
1.022945337 
1.023590321 
1.024235305 
1.024880290 
1.025525274 
1.026170259 
1.026815243 
1.027460228 
1.028105212 
1.028750197 
1.029395181 
1.030040166 
1.030685150 
1.031330135 
1.031975119 
1.032620103 
1.033265088 
1.033910072 
1.034555057 
1.035200041 
1.035845026 
1.036490010 
1.037134995 
1.037779979 
1.038424964 
1.039069948 
1.039714933 
1.040359917 
1.041004901 
1.041649886 
1.042294870 
1.042939855 
1.043584839 
1.044229824 
1.044874808 
1.045519793 
1.046164777 
1.046809762 
1.047454746 
1.048099731 
1.048744715 
1.049389699 
1.050034684 
1.050679668 
1.051324653 
1.051969637 
1.052614622 
1.053259606 
1.053904591 
1.054549575 
1.055194560 
1.055839544 
1.056484529 
1.057129513 
1.057774497 
1.058419482 
1.059064466 
1.059709451 
1.060354435 
1.060999420 
1.061644404 
1.062289389 
1.062934373 
1.063579358 
1.064224342 
1.064869327 
1.065514311 
1.066159295 
1.066804280 
1.067449264 
1.068094249 
1.068739233 
1.069384218 
1.070029202 
1.070674187 
1.071319171 
1.071964156 
1.072609140 
1.073254125 
1.073899109 
1.074544093 
1.075189078 
1.075834062 
1.076479047 
1.077124031 
1.077769016 
1.078414000 
1.079058985 
1.079703969 
1.080348954 
1.080993938 
1.081638923 
1.082283907 
1.082928891 
1.083573876 
1.084218860 
1.084863845 
1.085508829 
1.086153814 
1.086798798 
1.087443783 
1.088088767 
1.088733752 
1.089378736 
1.090023721 
1.090668705 
1.091313689 
1.091958674 
1.092603658 
1.093248643 
1.093893627 
1.094538612 
1.095183596 
1.095828581 
1.096473565 
1.097118550 
1.097763534 
1.098408519 
1.099053503 
1.099698487 
1.100343472 
1.100988456 
1.101633441 
1.102278425 
1.102923410 
1.103568394 
1.104213379 
1.104858363 
1.105503348 
1.106148332 
1.106793317 
1.107438301 
1.108083285 
1.108728270 
1.109373254 
1.110018239 
1.110663223 
1.111308208 
1.111953192 
1.112598177 
1.113243161 
1.113888146 
1.114533130 
1.115178115 
1.115823099 
1.116468083 
1.117113068 
1.117758052 
1.118403037 
1.119048021 
1.119693006 
1.120337990 
1.120982975 
1.121627959 
1.122272944 
1.122917928 
1.123562913 
1.124207897 
1.124852881 
1.125497866 
1.126142850 
1.126787835 
1.127432819 
1.128077804 
1.128722788 
1.129367773 
1.130012757 
1.130657742 
1.131302726 
1.131947711 
1.132592695 
1.133237679 
1.133882664 
1.134527648 
1.135172633 
1.135817617 
1.136462602 
1.137107586 
1.137752571 
1.138397555 
1.139042540 
1.139687524 
1.140332509 
1.140977493 
1.141622477 
1.142267462 
1.142912446 
1.143557431 
1.144202415 
1.144847400 
1.145492384 
1.146137369 
1.146782353 
1.147427338 
1.148072322 
1.148717307 
1.149362291 
1.150007275 
1.150652260 
1.151297244 
1.151942229 
1.152587213 
1.153232198 
1.153877182 
1.154522167 
1.155167151 
1.155812136 
1.156457120 
1.157102105 
1.157747089 
1.158392073 
1.159037058 
1.159682042 
1.160327027 
1.160972011 
1.161616996 
1.162261980 
1.162906965 
1.163551949 
1.164196934 
1.164841918 
1.165486903 
1.166131887 
1.166776871 
1.167421856 
1.168066840 
1.168711825 
1.169356809 
1.170001794 
1.170646778 
1.171291763 
1.171936747 
1.172581732 
1.173226716 
1.173871701 
1.174516685 
1.175161669 
1.175806654 
1.176451638 
1.177096623 
1.177741607 
1.178386592 
1.179031576 
1.179676561 
1.180321545 
1.180966530 
1.181611514 
1.182256499 
1.182901483 
1.183546467 
1.184191452 
1.184836436 
1.185481421 
1.186126405 
1.186771390 
1.187416374 
1.188061359 
1.188706343 
1.189351328 
1.189996312 
1.190641297 
1.191286281 
1.191931265 
1.192576250 
1.193221234 
1.193866219 
1.194511203 
1.195156188 
1.195801172 
1.196446157 
1.197091141 
1.197736126 
1.198381110 
1.199026095 
1.199671079 
1.200316063 
1.200961048 
1.201606032 
1.202251017 
1.202896001 
1.203540986 
1.204185970 
1.204830955 
1.205475939 
1.206120924 
1.206765908 
1.207410893 
1.208055877 
1.208700861 
1.209345846 
1.209990830 
1.210635815 
1.211280799 
1.211925784 
1.212570768 
1.213215753 
1.213860737 
1.214505722 
1.215150706 
1.215795691 
1.216440675 
1.217085659 
1.217730644 
1.218375628 
1.219020613 
1.219665597 
1.220310582 
1.220955566 
1.221600551 
1.222245535 
1.222890520 
1.223535504 
1.224180489 
1.224825473 
1.225470457 
1.226115442 
1.226760426 
1.227405411 
1.228050395 
1.228695380 
1.229340364 
1.229985349 
1.230630333 
1.231275318 
1.231920302 
1.232565287 
1.233210271 
1.233855255 
1.234500240 
1.235145224 
1.235790209 
1.236435193 
1.237080178 
1.237725162 
1.238370147 
1.239015131 
1.239660116 
1.240305100 
1.240950085 
1.241595069 
1.242240053 
1.242885038 
1.243530022 
1.244175007 
1.244819991 
1.245464976 
1.246109960 
1.246754945 
1.247399929 
1.248044914 
1.248689898 
1.249334883 
1.249979867 
1.250624851 
1.251269836 
1.251914820 
1.252559805 
1.253204789 
1.253849774 
1.254494758 
1.255139743 
1.255784727 
1.256429712 
1.257074696 
1.257719681 
1.258364665 
1.259009649 
1.259654634 
1.260299618 
1.260944603 
1.261589587 
1.262234572 
1.262879556 
1.263524541 
1.264169525 
1.264814510 
1.265459494 
1.266104479 
1.266749463 
1.267394447 
1.268039432 
1.268684416 
1.269329401 
1.269974385 
1.270619370 
1.271264354 
1.271909339 
1.272554323 
1.273199308 
1.273844292 
1.274489277 
1.275134261 
1.275779245 
1.276424230 
1.277069214 
1.277714199 
1.278359183 
1.279004168 
1.279649152 
1.280294137 
1.280939121 
1.281584106 
1.282229090 
1.282874075 
1.283519059 
1.284164043 
1.284809028 
1.285454012 
1.286098997 
1.286743981 
1.287388966 
1.288033950 
1.288678935 
1.289323919 
1.289968904 
1.290613888 
1.291258873 
1.291903857 
1.292548841 
1.293193826 
1.293838810 
1.294483795 
1.295128779 
1.295773764 
1.296418748 
1.297063733 
1.297708717 
1.298353702 
1.298998686 
1.299643671 
1.300288655 
1.300933639 
1.301578624 
1.302223608 
1.302868593 
1.303513577 
1.304158562 
1.304803546 
1.305448531 
1.306093515 
1.306738500 
1.307383484 
