-0.012082638 
-0.011780572 
-0.011478506 
-0.011176440 
-0.010874374 
-0.010572308 
-0.010270242 
-0.009968176 
-0.009666110 
-0.009364044 
-0.009061978 
-0.008759912 
-0.008457846 
-0.008155780 
-0.007853714 
-0.007551648 
-0.007249582 
-0.006947516 
-0.006645450 
-0.006343384 
-0.006041318 
-0.005739252 
-0.005437186 
-0.005135120 
-0.004833054 
-0.004530988 
-0.004228922 
-0.003926856 
-0.003624790 
-0.003322724 
-0.003020658 
-0.002718592 
-0.002416526 
-0.002114460 
-0.001812394 
-0.001510328 
-0.001208262 
-0.000906196 
-0.000604130 
-0.000302064 
0.000000002 
0.000302068 
0.000604134 
0.000906200 
0.001208266 
0.001510332 
0.001812398 
0.002114464 
0.002416530 
0.002718596 
0.003020662 
0.003322728 
0.003624794 
0.003926860 
0.004228926 
0.004530992 
0.004833058 
0.005135124 
0.005437190 
0.005739256 
0.006041322 
0.006343388 
0.006645454 
0.006947520 
0.007249586 
0.007551652 
0.007853718 
0.008155784 
0.008457850 
0.008759916 
0.009061982 
0.009364048 
0.009666114 
0.009968180 
0.010270246 
0.010572312 
0.010874378 
0.011176444 
0.011478510 
0.011780576 
0.012082642 
0.012384708 
0.012686774 
0.012988840 
0.013290906 
0.013592972 
0.013895038 
0.014197104 
0.014499170 
0.014801236 
0.015103302 
0.015405368 
0.015707434 
0.016009500 
0.016311566 
0.016613632 
0.016915698 
0.017217764 
0.017519830 
0.017821896 
0.018123962 
0.018426028 
0.018728094 
0.019030160 
0.019332226 
0.019634292 
0.019936358 
0.020238424 
0.020540490 
0.020842556 
0.021144622 
0.021446688 
0.021748754 
0.022050820 
0.022352886 
0.022654952 
0.022957018 
0.023259084 
0.023561150 
0.023863216 
0.024165282 
0.024467348 
0.024769414 
0.025071480 
0.025373546 
0.025675612 
0.025977678 
0.026279744 
0.026581810 
0.026883876 
0.027185942 
0.027488008 
0.027790074 
0.028092140 
0.028394206 
0.028696272 
0.028998338 
0.029300404 
0.029602470 
0.029904536 
0.030206602 
0.030508668 
0.030810734 
0.031112800 
0.031414866 
0.031716932 
0.032018998 
0.032321064 
0.032623130 
0.032925196 
0.033227262 
0.033529328 
0.033831394 
0.034133460 
0.034435526 
0.034737592 
0.035039658 
0.035341724 
0.035643790 
0.035945856 
0.036247922 
0.036549988 
0.036852054 
0.037154120 
0.037456186 
0.037758252 
0.038060318 
0.038362384 
0.038664450 
0.038966516 
0.039268582 
0.039570648 
0.039872714 
0.040174780 
0.040476846 
0.040778912 
0.041080978 
0.041383044 
0.041685110 
0.041987176 
0.042289242 
0.042591308 
0.042893374 
0.043195440 
0.043497506 
0.043799572 
0.044101638 
0.044403704 
0.044705770 
0.045007836 
0.045309902 
0.045611968 
0.045914034 
0.046216100 
0.046518166 
0.046820232 
0.047122298 
0.047424364 
0.047726430 
0.048028496 
0.048330562 
0.048632628 
0.048934694 
0.049236760 
0.049538826 
0.049840892 
0.050142958 
0.050445024 
0.050747090 
0.051049156 
0.051351222 
0.051653288 
0.051955354 
0.052257420 
0.052559486 
0.052861552 
0.053163618 
0.053465684 
0.053767750 
0.054069816 
0.054371882 
0.054673948 
0.054976014 
0.055278080 
0.055580146 
0.055882212 
0.056184278 
0.056486344 
0.056788410 
0.057090476 
0.057392542 
0.057694608 
0.057996674 
0.058298740 
0.058600806 
0.058902872 
0.059204938 
0.059507004 
0.059809070 
0.060111136 
0.060413202 
0.060715268 
0.061017334 
0.061319400 
0.061621466 
0.061923532 
0.062225598 
0.062527664 
0.062829730 
0.063131796 
0.063433862 
0.063735928 
0.064037994 
0.064340060 
0.064642126 
0.064944192 
0.065246258 
0.065548324 
0.065850390 
0.066152456 
0.066454522 
0.066756588 
0.067058654 
0.067360720 
0.067662786 
0.067964852 
0.068266918 
0.068568984 
0.068871050 
0.069173116 
0.069475182 
0.069777248 
0.070079314 
0.070381380 
0.070683446 
0.070985512 
0.071287578 
0.071589644 
0.071891710 
0.072193776 
0.072495842 
0.072797908 
0.073099974 
0.073402040 
0.073704106 
0.074006172 
0.074308238 
0.074610304 
0.074912370 
0.075214436 
0.075516502 
0.075818568 
0.076120634 
0.076422700 
0.076724766 
0.077026832 
0.077328898 
0.077630964 
0.077933030 
0.078235096 
0.078537162 
0.078839228 
0.079141294 
0.079443360 
0.079745426 
0.080047492 
0.080349558 
0.080651624 
0.080953690 
0.081255756 
0.081557822 
0.081859888 
0.082161954 
0.082464020 
0.082766086 
0.083068152 
0.083370218 
0.083672284 
0.083974350 
0.084276416 
0.084578482 
0.084880548 
0.085182614 
0.085484680 
0.085786746 
0.086088812 
0.086390878 
0.086692944 
0.086995010 
0.087297076 
0.087599142 
0.087901208 
0.088203274 
0.088505340 
0.088807406 
0.089109472 
0.089411538 
0.089713604 
0.090015670 
0.090317736 
0.090619802 
0.090921868 
0.091223934 
0.091526000 
0.091828066 
0.092130132 
0.092432198 
0.092734264 
0.093036330 
0.093338396 
0.093640462 
0.093942528 
0.094244594 
0.094546660 
0.094848726 
0.095150792 
0.095452858 
0.095754924 
0.096056990 
0.096359056 
0.096661122 
0.096963188 
0.097265254 
0.097567320 
0.097869386 
0.098171452 
0.098473518 
0.098775584 
0.099077650 
0.099379716 
0.099681782 
0.099983848 
0.100285914 
0.100587980 
0.100890046 
0.101192112 
0.101494178 
0.101796244 
0.102098310 
0.102400376 
0.102702442 
0.103004508 
0.103306574 
0.103608640 
0.103910706 
0.104212772 
0.104514838 
0.104816904 
0.105118970 
0.105421036 
0.105723102 
0.106025168 
0.106327234 
0.106629300 
0.106931366 
0.107233432 
0.107535498 
0.107837564 
0.108139630 
0.108441696 
0.108743762 
0.109045828 
0.109347894 
0.109649960 
0.109952026 
0.110254092 
0.110556158 
0.110858224 
0.111160290 
0.111462356 
0.111764422 
0.112066488 
0.112368554 
0.112670620 
0.112972686 
0.113274752 
0.113576818 
0.113878884 
0.114180950 
0.114483016 
0.114785082 
0.115087148 
0.115389214 
0.115691280 
0.115993346 
0.116295412 
0.116597478 
0.116899544 
0.117201610 
0.117503676 
0.117805742 
0.118107808 
0.118409874 
0.118711940 
0.119014006 
0.119316072 
0.119618138 
0.119920204 
0.120222270 
0.120524336 
0.120826402 
0.121128468 
0.121430534 
0.121732600 
0.122034666 
0.122336732 
0.122638798 
0.122940864 
0.123242930 
0.123544996 
0.123847062 
0.124149128 
0.124451194 
0.124753260 
0.125055326 
0.125357392 
0.125659458 
0.125961524 
0.126263590 
0.126565656 
0.126867722 
0.127169788 
0.127471854 
0.127773920 
0.128075986 
0.128378052 
0.128680118 
0.128982184 
0.129284250 
0.129586316 
0.129888382 
0.130190448 
0.130492514 
0.130794580 
0.131096646 
0.131398712 
0.131700778 
0.132002844 
0.132304910 
0.132606976 
0.132909042 
0.133211108 
0.133513174 
0.133815240 
0.134117306 
0.134419372 
0.134721438 
0.135023504 
0.135325570 
0.135627636 
0.135929702 
0.136231768 
0.136533834 
0.136835900 
0.137137966 
0.137440032 
0.137742098 
0.138044164 
0.138346230 
0.138648296 
0.138950362 
0.139252428 
0.139554494 
0.139856560 
0.140158626 
0.140460692 
0.140762758 
0.141064824 
0.141366890 
0.141668956 
0.141971022 
0.142273088 
0.142575154 
0.142877220 
0.143179286 
0.143481352 
0.143783418 
0.144085484 
0.144387550 
0.144689616 
0.144991682 
0.145293748 
0.145595814 
0.145897880 
0.146199946 
0.146502012 
0.146804078 
0.147106144 
0.147408210 
0.147710276 
0.148012342 
0.148314408 
0.148616474 
0.148918540 
0.149220606 
0.149522672 
0.149824738 
0.150126804 
0.150428870 
0.150730936 
0.151033002 
0.151335068 
0.151637134 
0.151939200 
0.152241266 
0.152543332 
0.152845398 
0.153147464 
0.153449530 
0.153751596 
0.154053662 
0.154355728 
0.154657794 
0.154959860 
0.155261926 
0.155563992 
0.155866058 
0.156168124 
0.156470190 
0.156772256 
0.157074322 
0.157376388 
0.157678454 
0.157980520 
0.158282586 
0.158584652 
0.158886718 
0.159188784 
0.159490850 
0.159792916 
0.160094982 
0.160397048 
0.160699114 
0.161001180 
0.161303246 
0.161605312 
0.161907378 
0.162209444 
0.162511510 
0.162813576 
0.163115642 
0.163417708 
0.163719774 
0.164021840 
0.164323906 
0.164625972 
0.164928038 
0.165230104 
0.165532170 
0.165834236 
0.166136302 
0.166438368 
0.166740434 
0.167042500 
0.167344566 
0.167646632 
0.167948698 
0.168250764 
0.168552830 
0.168854896 
0.169156962 
0.169459028 
0.169761094 
0.170063160 
0.170365226 
0.170667292 
0.170969358 
0.171271424 
0.171573490 
0.171875556 
0.172177622 
0.172479688 
0.172781754 
0.173083820 
0.173385886 
0.173687952 
0.173990018 
0.174292084 
0.174594150 
0.174896216 
0.175198282 
0.175500348 
0.175802414 
0.176104480 
0.176406546 
0.176708612 
0.177010678 
0.177312744 
0.177614810 
0.177916876 
0.178218942 
0.178521008 
0.178823074 
0.179125140 
0.179427206 
0.179729272 
0.180031338 
0.180333404 
0.180635470 
0.180937536 
0.181239602 
0.181541668 
0.181843734 
0.182145800 
0.182447866 
0.182749932 
0.183051998 
0.183354064 
0.183656130 
0.183958196 
0.184260262 
0.184562328 
0.184864394 
0.185166460 
0.185468526 
0.185770592 
0.186072658 
0.186374724 
0.186676790 
0.186978856 
0.187280922 
0.187582988 
0.187885054 
0.188187120 
0.188489186 
0.188791252 
0.189093318 
0.189395384 
0.189697450 
0.189999516 
0.190301582 
0.190603648 
0.190905714 
0.191207780 
0.191509846 
0.191811912 
0.192113978 
0.192416044 
0.192718110 
0.193020176 
0.193322242 
0.193624308 
0.193926374 
0.194228440 
0.194530506 
0.194832572 
0.195134638 
0.195436704 
0.195738770 
0.196040836 
0.196342902 
0.196644968 
0.196947034 
0.197249100 
0.197551166 
0.197853232 
0.198155298 
0.198457364 
0.198759430 
0.199061496 
0.199363562 
0.199665628 
0.199967694 
0.200269760 
0.200571826 
0.200873892 
0.201175958 
0.201478024 
0.201780090 
0.202082156 
0.202384222 
0.202686288 
0.202988354 
0.203290420 
0.203592486 
0.203894552 
0.204196618 
0.204498684 
0.204800750 
0.205102816 
0.205404882 
0.205706948 
0.206009014 
0.206311080 
0.206613146 
0.206915212 
0.207217278 
0.207519344 
0.207821410 
0.208123476 
0.208425542 
0.208727608 
0.209029674 
0.209331740 
0.209633806 
0.209935872 
0.210237938 
0.210540004 
0.210842070 
0.211144136 
0.211446202 
0.211748268 
0.212050334 
0.212352400 
0.212654466 
0.212956532 
0.213258598 
0.213560664 
0.213862730 
0.214164796 
0.214466862 
0.214768928 
0.215070994 
0.215373060 
0.215675126 
0.215977192 
0.216279258 
0.216581324 
0.216883390 
0.217185456 
0.217487522 
0.217789588 
0.218091654 
0.218393720 
0.218695786 
0.218997852 
0.219299918 
0.219601984 
0.219904050 
0.220206116 
0.220508182 
0.220810248 
0.221112314 
0.221414380 
0.221716446 
0.222018512 
0.222320578 
0.222622644 
0.222924710 
0.223226776 
0.223528842 
0.223830908 
0.224132974 
0.224435040 
0.224737106 
0.225039172 
0.225341238 
0.225643304 
0.225945370 
0.226247436 
0.226549502 
0.226851568 
0.227153634 
0.227455700 
0.227757766 
0.228059832 
0.228361898 
0.228663964 
0.228966030 
0.229268096 
0.229570162 
0.229872228 
0.230174294 
0.230476360 
0.230778426 
0.231080492 
0.231382558 
0.231684624 
0.231986690 
0.232288756 
0.232590822 
0.232892888 
0.233194954 
0.233497020 
0.233799086 
0.234101152 
0.234403218 
0.234705284 
0.235007350 
0.235309416 
0.235611482 
0.235913548 
0.236215614 
0.236517680 
0.236819746 
0.237121812 
0.237423878 
0.237725944 
0.238028010 
0.238330076 
0.238632142 
0.238934208 
0.239236274 
0.239538340 
0.239840406 
0.240142472 
0.240444538 
0.240746604 
0.241048670 
0.241350736 
0.241652802 
0.241954868 
0.242256934 
0.242559000 
0.242861066 
0.243163132 
0.243465198 
0.243767264 
0.244069330 
0.244371396 
0.244673462 
0.244975528 
0.245277594 
0.245579660 
0.245881726 
0.246183792 
0.246485858 
0.246787924 
0.247089990 
0.247392056 
0.247694122 
0.247996188 
0.248298254 
0.248600320 
0.248902386 
0.249204452 
0.249506518 
0.249808584 
0.250110650 
0.250412716 
0.250714782 
0.251016848 
0.251318914 
0.251620980 
0.251923046 
0.252225112 
0.252527178 
0.252829244 
0.253131310 
0.253433376 
0.253735442 
0.254037508 
0.254339574 
0.254641640 
0.254943706 
0.255245772 
0.255547838 
0.255849904 
0.256151970 
0.256454036 
0.256756102 
0.257058168 
0.257360234 
0.257662300 
0.257964366 
0.258266432 
0.258568498 
0.258870564 
0.259172630 
0.259474696 
0.259776762 
0.260078828 
0.260380894 
0.260682960 
0.260985026 
0.261287092 
0.261589158 
0.261891224 
0.262193290 
0.262495356 
0.262797422 
0.263099488 
0.263401554 
0.263703620 
0.264005686 
0.264307752 
0.264609818 
0.264911884 
0.265213950 
0.265516016 
0.265818082 
0.266120148 
0.266422214 
0.266724280 
0.267026346 
0.267328412 
0.267630478 
0.267932544 
0.268234610 
0.268536676 
0.268838742 
0.269140808 
0.269442874 
0.269744940 
0.270047006 
0.270349072 
0.270651138 
0.270953204 
0.271255270 
0.271557336 
0.271859402 
0.272161468 
0.272463534 
0.272765600 
0.273067666 
0.273369732 
0.273671798 
0.273973864 
0.274275930 
0.274577996 
0.274880062 
0.275182128 
0.275484194 
0.275786260 
0.276088326 
0.276390392 
0.276692458 
0.276994524 
0.277296590 
0.277598656 
0.277900722 
0.278202788 
0.278504854 
0.278806920 
0.279108986 
0.279411052 
0.279713118 
0.280015184 
0.280317250 
0.280619316 
0.280921382 
0.281223448 
0.281525514 
0.281827580 
0.282129646 
0.282431712 
0.282733778 
0.283035844 
0.283337910 
0.283639976 
0.283942042 
0.284244108 
0.284546174 
0.284848240 
0.285150306 
0.285452372 
0.285754438 
0.286056504 
0.286358570 
0.286660636 
0.286962702 
0.287264768 
0.287566834 
0.287868900 
0.288170966 
0.288473032 
0.288775098 
0.289077164 
0.289379230 
0.289681296 
0.289983362 
0.290285428 
0.290587494 
0.290889560 
0.291191626 
0.291493692 
0.291795758 
0.292097824 
0.292399890 
0.292701956 
0.293004022 
0.293306088 
0.293608154 
0.293910220 
0.294212286 
0.294514352 
0.294816418 
0.295118484 
0.295420550 
0.295722616 
0.296024682 
0.296326748 
0.296628814 
0.296930880 
0.297232946 
0.297535012 
0.297837078 
0.298139144 
0.298441210 
0.298743276 
0.299045342 
0.299347408 
0.299649474 
0.299951540 
0.300253606 
0.300555672 
0.300857738 
0.301159804 
0.301461870 
0.301763936 
0.302066002 
0.302368068 
0.302670134 
0.302972200 
0.303274266 
0.303576332 
0.303878398 
0.304180464 
0.304482530 
0.304784596 
0.305086662 
0.305388728 
0.305690794 
0.305992860 
0.306294926 
0.306596992 
0.306899058 
0.307201124 
0.307503190 
0.307805256 
0.308107322 
0.308409388 
0.308711454 
0.309013520 
0.309315586 
0.309617652 
0.309919718 
0.310221784 
0.310523850 
0.310825916 
0.311127982 
0.311430048 
0.311732114 
0.312034180 
0.312336246 
0.312638312 
0.312940378 
0.313242444 
0.313544510 
0.313846577 
0.314148643 
0.314450709 
0.314752775 
0.315054841 
0.315356907 
0.315658973 
0.315961039 
0.316263105 
0.316565171 
0.316867237 
0.317169303 
0.317471369 
0.317773435 
0.318075501 
0.318377567 
0.318679633 
0.318981699 
0.319283765 
0.319585831 
0.319887897 
0.320189963 
0.320492029 
0.320794095 
0.321096161 
0.321398227 
0.321700293 
0.322002359 
0.322304425 
0.322606491 
0.322908557 
0.323210623 
0.323512689 
0.323814755 
0.324116821 
0.324418887 
0.324720953 
0.325023019 
0.325325085 
0.325627151 
0.325929217 
0.326231283 
0.326533349 
0.326835415 
0.327137481 
0.327439547 
0.327741613 
0.328043679 
0.328345745 
0.328647811 
0.328949877 
0.329251943 
0.329554009 
0.329856075 
0.330158141 
0.330460207 
0.330762273 
0.331064339 
0.331366405 
0.331668471 
0.331970537 
0.332272603 
0.332574669 
0.332876735 
0.333178801 
0.333480867 
0.333782933 
0.334084999 
0.334387065 
0.334689131 
0.334991197 
0.335293263 
0.335595329 
0.335897395 
0.336199461 
0.336501527 
0.336803593 
0.337105659 
0.337407725 
0.337709791 
0.338011857 
0.338313923 
0.338615989 
0.338918055 
0.339220121 
0.339522187 
0.339824253 
0.340126319 
0.340428385 
0.340730451 
0.341032517 
0.341334583 
0.341636649 
0.341938715 
0.342240781 
0.342542847 
0.342844913 
0.343146979 
0.343449045 
0.343751111 
0.344053177 
0.344355243 
0.344657309 
0.344959375 
0.345261441 
0.345563507 
0.345865573 
0.346167639 
0.346469705 
0.346771771 
0.347073837 
0.347375903 
0.347677969 
0.347980035 
0.348282101 
0.348584167 
0.348886233 
0.349188299 
0.349490365 
0.349792431 
0.350094497 
0.350396563 
0.350698629 
0.351000695 
0.351302761 
0.351604827 
0.351906893 
0.352208959 
0.352511025 
0.352813091 
0.353115157 
0.353417223 
0.353719289 
0.354021355 
0.354323421 
0.354625487 
0.354927553 
0.355229619 
0.355531685 
0.355833751 
0.356135817 
0.356437883 
0.356739949 
0.357042015 
0.357344081 
0.357646147 
0.357948213 
0.358250279 
0.358552345 
0.358854411 
0.359156477 
0.359458543 
0.359760609 
0.360062675 
0.360364741 
0.360666807 
0.360968873 
0.361270939 
0.361573005 
0.361875071 
0.362177137 
0.362479203 
0.362781269 
0.363083335 
0.363385401 
0.363687467 
0.363989533 
0.364291599 
0.364593665 
0.364895731 
0.365197797 
0.365499863 
0.365801929 
0.366103995 
0.366406061 
0.366708127 
0.367010193 
0.367312259 
0.367614325 
0.367916391 
0.368218457 
0.368520523 
0.368822589 
0.369124655 
0.369426721 
0.369728787 
0.370030853 
0.370332919 
0.370634985 
0.370937051 
0.371239117 
0.371541183 
0.371843249 
0.372145315 
0.372447381 
0.372749447 
0.373051513 
0.373353579 
0.373655645 
0.373957711 
0.374259777 
0.374561843 
0.374863909 
0.375165975 
0.375468041 
0.375770107 
0.376072173 
0.376374239 
0.376676305 
0.376978371 
0.377280437 
0.377582503 
0.377884569 
0.378186635 
0.378488701 
0.378790767 
0.379092833 
0.379394899 
0.379696965 
0.379999031 
0.380301097 
0.380603163 
0.380905229 
0.381207295 
0.381509361 
0.381811427 
0.382113493 
0.382415559 
0.382717625 
0.383019691 
0.383321757 
0.383623823 
0.383925889 
0.384227955 
0.384530021 
0.384832087 
0.385134153 
0.385436219 
0.385738285 
0.386040351 
0.386342417 
0.386644483 
0.386946549 
0.387248615 
0.387550681 
0.387852747 
0.388154813 
0.388456879 
0.388758945 
0.389061011 
0.389363077 
0.389665143 
0.389967209 
0.390269275 
0.390571341 
0.390873407 
0.391175473 
0.391477539 
0.391779605 
0.392081671 
0.392383737 
0.392685803 
0.392987869 
0.393289935 
0.393592001 
0.393894067 
0.394196133 
0.394498199 
0.394800265 
0.395102331 
0.395404397 
0.395706463 
0.396008529 
0.396310595 
0.396612661 
0.396914727 
0.397216793 
0.397518859 
0.397820925 
0.398122991 
0.398425057 
0.398727123 
0.399029189 
0.399331255 
0.399633321 
0.399935387 
0.400237453 
0.400539519 
0.400841585 
0.401143651 
0.401445717 
0.401747783 
0.402049849 
0.402351915 
0.402653981 
0.402956047 
0.403258113 
0.403560179 
0.403862245 
0.404164311 
0.404466377 
0.404768443 
0.405070509 
0.405372575 
0.405674641 
0.405976707 
0.406278773 
0.406580839 
0.406882905 
0.407184971 
0.407487037 
0.407789103 
0.408091169 
0.408393235 
0.408695301 
0.408997367 
0.409299433 
0.409601499 
0.409903565 
0.410205631 
0.410507697 
0.410809763 
0.411111829 
0.411413895 
0.411715961 
0.412018027 
0.412320093 
0.412622159 
0.412924225 
0.413226291 
0.413528357 
0.413830423 
0.414132489 
0.414434555 
0.414736621 
0.415038687 
0.415340753 
0.415642819 
0.415944885 
0.416246951 
0.416549017 
0.416851083 
0.417153149 
0.417455215 
0.417757281 
0.418059347 
0.418361413 
0.418663479 
0.418965545 
0.419267611 
0.419569677 
0.419871743 
0.420173809 
0.420475875 
0.420777941 
0.421080007 
0.421382073 
0.421684139 
0.421986205 
0.422288271 
0.422590337 
0.422892403 
0.423194469 
0.423496535 
0.423798601 
0.424100667 
0.424402733 
0.424704799 
0.425006865 
0.425308931 
0.425610997 
0.425913063 
0.426215129 
0.426517195 
0.426819261 
0.427121327 
0.427423393 
0.427725459 
0.428027525 
0.428329591 
0.428631657 
0.428933723 
0.429235789 
0.429537855 
0.429839921 
0.430141987 
0.430444053 
0.430746119 
0.431048185 
0.431350251 
0.431652317 
0.431954383 
0.432256449 
0.432558515 
0.432860581 
0.433162647 
0.433464713 
0.433766779 
0.434068845 
0.434370911 
0.434672977 
0.434975043 
0.435277109 
0.435579175 
0.435881241 
0.436183307 
0.436485373 
0.436787439 
0.437089505 
0.437391571 
0.437693637 
0.437995703 
0.438297769 
0.438599835 
0.438901901 
0.439203967 
0.439506033 
0.439808099 
0.440110165 
0.440412231 
0.440714297 
0.441016363 
0.441318429 
0.441620495 
0.441922561 
0.442224627 
0.442526693 
0.442828759 
0.443130825 
0.443432891 
0.443734957 
0.444037023 
0.444339089 
0.444641155 
0.444943221 
0.445245287 
0.445547353 
0.445849419 
0.446151485 
0.446453551 
0.446755617 
0.447057683 
0.447359749 
0.447661815 
0.447963881 
0.448265947 
0.448568013 
0.448870079 
0.449172145 
0.449474211 
0.449776277 
0.450078343 
0.450380409 
0.450682475 
0.450984541 
0.451286607 
0.451588673 
0.451890739 
0.452192805 
0.452494871 
0.452796937 
0.453099003 
0.453401069 
0.453703135 
0.454005201 
0.454307267 
0.454609333 
0.454911399 
0.455213465 
0.455515531 
0.455817597 
0.456119663 
0.456421729 
0.456723795 
0.457025861 
0.457327927 
0.457629993 
0.457932059 
0.458234125 
0.458536191 
0.458838257 
0.459140323 
0.459442389 
0.459744455 
0.460046521 
0.460348587 
0.460650653 
0.460952719 
0.461254785 
0.461556851 
0.461858917 
0.462160983 
0.462463049 
0.462765115 
0.463067181 
0.463369247 
0.463671313 
0.463973379 
0.464275445 
0.464577511 
0.464879577 
0.465181643 
0.465483709 
0.465785775 
0.466087841 
0.466389907 
0.466691973 
0.466994039 
0.467296105 
0.467598171 
0.467900237 
0.468202303 
0.468504369 
0.468806435 
0.469108501 
0.469410567 
0.469712633 
0.470014699 
0.470316765 
0.470618831 
0.470920897 
0.471222963 
0.471525029 
0.471827095 
0.472129161 
0.472431227 
0.472733293 
0.473035359 
0.473337425 
0.473639491 
0.473941557 
0.474243623 
0.474545689 
0.474847755 
0.475149821 
0.475451887 
0.475753953 
0.476056019 
0.476358085 
0.476660151 
0.476962217 
0.477264283 
0.477566349 
0.477868415 
0.478170481 
0.478472547 
0.478774613 
0.479076679 
0.479378745 
0.479680811 
0.479982877 
0.480284943 
0.480587009 
0.480889075 
0.481191141 
0.481493207 
0.481795273 
0.482097339 
0.482399405 
0.482701471 
0.483003537 
0.483305603 
0.483607669 
0.483909735 
0.484211801 
0.484513867 
0.484815933 
0.485117999 
0.485420065 
0.485722131 
0.486024197 
0.486326263 
0.486628329 
0.486930395 
0.487232461 
0.487534527 
0.487836593 
0.488138659 
0.488440725 
0.488742791 
0.489044857 
0.489346923 
0.489648989 
0.489951055 
0.490253121 
0.490555187 
0.490857253 
0.491159319 
0.491461385 
0.491763451 
0.492065517 
0.492367583 
0.492669649 
0.492971715 
0.493273781 
0.493575847 
0.493877913 
0.494179979 
0.494482045 
0.494784111 
0.495086177 
0.495388243 
0.495690309 
0.495992375 
0.496294441 
0.496596507 
0.496898573 
0.497200639 
0.497502705 
0.497804771 
0.498106837 
0.498408903 
0.498710969 
0.499013035 
0.499315101 
0.499617167 
0.499919233 
0.500221299 
0.500523365 
0.500825431 
0.501127497 
0.501429563 
0.501731629 
0.502033695 
0.502335761 
0.502637827 
0.502939893 
0.503241959 
0.503544025 
0.503846091 
0.504148157 
0.504450223 
0.504752289 
0.505054355 
0.505356421 
0.505658487 
0.505960553 
0.506262619 
0.506564685 
0.506866751 
0.507168817 
0.507470883 
0.507772949 
0.508075015 
0.508377081 
0.508679147 
0.508981213 
0.509283279 
0.509585345 
0.509887411 
0.510189477 
0.510491543 
0.510793609 
0.511095675 
0.511397741 
0.511699807 
0.512001873 
0.512303939 
0.512606005 
0.512908071 
0.513210137 
0.513512203 
0.513814269 
0.514116335 
0.514418401 
0.514720467 
0.515022533 
0.515324599 
0.515626665 
0.515928731 
0.516230797 
0.516532863 
0.516834929 
0.517136995 
0.517439061 
0.517741127 
0.518043193 
0.518345259 
0.518647325 
0.518949391 
0.519251457 
0.519553523 
0.519855589 
0.520157655 
0.520459721 
0.520761787 
0.521063853 
0.521365919 
0.521667985 
0.521970051 
0.522272117 
0.522574183 
0.522876249 
0.523178315 
0.523480381 
0.523782447 
0.524084513 
0.524386579 
0.524688645 
0.524990711 
0.525292777 
0.525594843 
0.525896909 
0.526198975 
0.526501041 
0.526803107 
0.527105173 
0.527407239 
0.527709305 
0.528011371 
0.528313437 
0.528615503 
0.528917569 
0.529219635 
0.529521701 
0.529823767 
0.530125833 
0.530427899 
0.530729965 
0.531032031 
0.531334097 
0.531636163 
0.531938229 
0.532240295 
0.532542361 
0.532844427 
0.533146493 
0.533448559 
0.533750625 
0.534052691 
0.534354757 
0.534656823 
0.534958889 
0.535260955 
0.535563021 
0.535865087 
0.536167153 
0.536469219 
0.536771285 
0.537073351 
0.537375417 
0.537677483 
0.537979549 
0.538281615 
0.538583681 
0.538885747 
0.539187813 
0.539489879 
0.539791945 
0.540094011 
0.540396077 
0.540698143 
0.541000209 
0.541302275 
0.541604341 
0.541906407 
0.542208473 
0.542510539 
0.542812605 
0.543114671 
0.543416737 
0.543718803 
0.544020869 
0.544322935 
0.544625001 
0.544927067 
0.545229133 
0.545531199 
0.545833265 
0.546135331 
0.546437397 
0.546739463 
0.547041529 
0.547343595 
0.547645661 
0.547947727 
0.548249793 
0.548551859 
0.548853925 
0.549155991 
0.549458057 
0.549760123 
0.550062189 
0.550364255 
0.550666321 
0.550968387 
0.551270453 
0.551572519 
0.551874585 
0.552176651 
0.552478717 
0.552780783 
0.553082849 
0.553384915 
0.553686981 
0.553989047 
0.554291113 
0.554593179 
0.554895245 
0.555197311 
0.555499377 
0.555801443 
0.556103509 
0.556405575 
0.556707641 
0.557009707 
0.557311773 
0.557613839 
0.557915905 
0.558217971 
0.558520037 
0.558822103 
0.559124169 
0.559426235 
0.559728301 
0.560030367 
0.560332433 
0.560634499 
0.560936565 
0.561238631 
0.561540697 
0.561842763 
0.562144829 
0.562446895 
0.562748961 
0.563051027 
0.563353093 
0.563655159 
0.563957225 
0.564259291 
0.564561357 
0.564863423 
0.565165489 
0.565467555 
0.565769621 
0.566071687 
0.566373753 
0.566675819 
0.566977885 
0.567279951 
0.567582017 
0.567884083 
0.568186149 
0.568488215 
0.568790281 
0.569092347 
0.569394413 
0.569696479 
0.569998545 
0.570300611 
0.570602677 
0.570904743 
0.571206809 
0.571508875 
0.571810941 
0.572113007 
0.572415073 
0.572717139 
0.573019205 
0.573321271 
0.573623337 
0.573925403 
0.574227469 
0.574529535 
0.574831601 
0.575133667 
0.575435733 
0.575737799 
0.576039865 
0.576341931 
0.576643997 
0.576946063 
0.577248129 
0.577550195 
0.577852261 
0.578154327 
0.578456393 
0.578758459 
0.579060525 
0.579362591 
0.579664657 
0.579966723 
0.580268789 
0.580570855 
0.580872921 
0.581174987 
0.581477053 
0.581779119 
0.582081185 
0.582383251 
0.582685317 
0.582987383 
0.583289449 
0.583591515 
0.583893581 
0.584195647 
0.584497713 
0.584799779 
0.585101845 
0.585403911 
0.585705977 
0.586008043 
0.586310109 
0.586612175 
0.586914241 
0.587216307 
0.587518373 
0.587820439 
0.588122505 
0.588424571 
0.588726637 
0.589028703 
0.589330769 
0.589632835 
0.589934901 
0.590236967 
0.590539033 
0.590841099 
0.591143165 
0.591445231 
0.591747297 
0.592049363 
0.592351429 
0.592653495 
0.592955561 
0.593257627 
0.593559693 
0.593861759 
0.594163825 
0.594465891 
0.594767957 
0.595070023 
0.595372089 
0.595674155 
0.595976221 
0.596278287 
0.596580353 
0.596882419 
0.597184485 
0.597486551 
0.597788617 
0.598090683 
0.598392749 
0.598694815 
0.598996881 
0.599298947 
0.599601013 
0.599903079 
0.600205145 
0.600507211 
0.600809277 
0.601111343 
0.601413409 
0.601715475 
0.602017541 
0.602319607 
0.602621673 
0.602923739 
0.603225805 
0.603527871 
0.603829937 
0.604132003 
0.604434069 
0.604736135 
0.605038201 
0.605340267 
0.605642333 
0.605944399 
0.606246465 
0.606548531 
0.606850597 
0.607152663 
0.607454729 
0.607756795 
0.608058861 
0.608360927 
0.608662993 
0.608965059 
0.609267125 
0.609569191 
0.609871257 
0.610173323 
0.610475389 
0.610777455 
0.611079521 
0.611381587 
0.611683653 
0.611985719 
0.612287785 
0.612589851 
0.612891917 
0.613193983 
0.613496049 
0.613798115 
0.614100181 
0.614402247 
0.614704313 
0.615006379 
0.615308445 
0.615610511 
0.615912577 
0.616214643 
0.616516709 
0.616818775 
0.617120841 
0.617422907 
0.617724973 
0.618027039 
0.618329105 
0.618631171 
0.618933237 
0.619235303 
0.619537369 
0.619839435 
0.620141501 
0.620443567 
0.620745633 
0.621047699 
0.621349765 
0.621651831 
0.621953897 
0.622255963 
0.622558029 
0.622860095 
0.623162161 
0.623464227 
0.623766293 
0.624068359 
0.624370425 
0.624672491 
0.624974557 
0.625276623 
0.625578689 
0.625880755 
0.626182821 
0.626484887 
0.626786953 
0.627089019 
0.627391085 
0.627693151 
0.627995217 
0.628297283 
0.628599349 
0.628901415 
0.629203481 
0.629505547 
0.629807613 
0.630109679 
0.630411745 
0.630713811 
0.631015877 
0.631317943 
0.631620009 
0.631922075 
0.632224141 
0.632526207 
0.632828273 
0.633130339 
0.633432405 
0.633734471 
0.634036537 
0.634338603 
0.634640669 
0.634942735 
0.635244801 
0.635546867 
0.635848933 
0.636150999 
0.636453065 
0.636755131 
0.637057197 
0.637359263 
0.637661329 
0.637963395 
0.638265461 
0.638567527 
0.638869593 
0.639171659 
0.639473725 
0.639775791 
0.640077857 
0.640379923 
0.640681989 
0.640984055 
0.641286121 
0.641588187 
0.641890253 
0.642192319 
0.642494385 
0.642796451 
0.643098517 
0.643400583 
0.643702649 
0.644004715 
0.644306781 
0.644608847 
0.644910913 
0.645212979 
0.645515045 
0.645817111 
0.646119177 
0.646421244 
0.646723310 
0.647025376 
0.647327442 
0.647629508 
0.647931574 
0.648233640 
0.648535706 
0.648837772 
0.649139838 
0.649441904 
0.649743970 
0.650046036 
0.650348102 
0.650650168 
0.650952234 
0.651254300 
0.651556366 
0.651858432 
0.652160498 
0.652462564 
0.652764630 
0.653066696 
0.653368762 
0.653670828 
0.653972894 
0.654274960 
0.654577026 
0.654879092 
0.655181158 
0.655483224 
0.655785290 
0.656087356 
0.656389422 
0.656691488 
0.656993554 
0.657295620 
0.657597686 
0.657899752 
0.658201818 
0.658503884 
0.658805950 
0.659108016 
0.659410082 
0.659712148 
0.660014214 
0.660316280 
0.660618346 
0.660920412 
0.661222478 
0.661524544 
0.661826610 
0.662128676 
0.662430742 
0.662732808 
0.663034874 
0.663336940 
0.663639006 
0.663941072 
0.664243138 
0.664545204 
0.664847270 
0.665149336 
0.665451402 
0.665753468 
0.666055534 
0.666357600 
0.666659666 
0.666961732 
0.667263798 
0.667565864 
0.667867930 
0.668169996 
0.668472062 
0.668774128 
0.669076194 
0.669378260 
0.669680326 
0.669982392 
0.670284458 
0.670586524 
0.670888590 
0.671190656 
0.671492722 
0.671794788 
0.672096854 
0.672398920 
0.672700986 
0.673003052 
0.673305118 
0.673607184 
0.673909250 
0.674211316 
0.674513382 
0.674815448 
0.675117514 
0.675419580 
0.675721646 
0.676023712 
0.676325778 
0.676627844 
0.676929910 
0.677231976 
0.677534042 
0.677836108 
0.678138174 
0.678440240 
0.678742306 
0.679044372 
0.679346438 
0.679648504 
0.679950570 
0.680252636 
0.680554702 
0.680856768 
0.681158834 
0.681460900 
0.681762966 
0.682065032 
0.682367098 
0.682669164 
0.682971230 
0.683273296 
0.683575362 
0.683877428 
0.684179494 
0.684481560 
0.684783626 
0.685085692 
0.685387758 
0.685689824 
0.685991890 
0.686293956 
0.686596022 
0.686898088 
0.687200154 
0.687502220 
0.687804286 
0.688106352 
0.688408418 
0.688710484 
0.689012550 
0.689314616 
0.689616682 
0.689918748 
0.690220814 
0.690522880 
0.690824946 
0.691127012 
0.691429078 
0.691731144 
0.692033210 
0.692335276 
0.692637342 
0.692939408 
0.693241474 
0.693543540 
0.693845606 
0.694147672 
0.694449738 
0.694751804 
0.695053870 
0.695355936 
0.695658002 
0.695960068 
0.696262134 
0.696564200 
0.696866266 
0.697168332 
0.697470398 
0.697772464 
0.698074530 
0.698376596 
0.698678662 
0.698980728 
0.699282794 
0.699584860 
0.699886926 
0.700188992 
0.700491058 
0.700793124 
0.701095190 
0.701397256 
0.701699322 
0.702001388 
0.702303454 
0.702605520 
0.702907586 
0.703209652 
0.703511718 
0.703813784 
0.704115850 
0.704417916 
0.704719982 
0.705022048 
0.705324114 
0.705626180 
0.705928246 
0.706230312 
0.706532378 
0.706834444 
0.707136510 
0.707438576 
0.707740642 
0.708042708 
0.708344774 
0.708646840 
0.708948906 
0.709250972 
0.709553038 
0.709855104 
0.710157170 
0.710459236 
0.710761302 
0.711063368 
0.711365434 
0.711667500 
0.711969566 
0.712271632 
0.712573698 
0.712875764 
0.713177830 
0.713479896 
0.713781962 
0.714084028 
0.714386094 
0.714688160 
0.714990226 
0.715292292 
0.715594358 
0.715896424 
0.716198490 
0.716500556 
0.716802622 
0.717104688 
0.717406754 
0.717708820 
0.718010886 
0.718312952 
0.718615018 
0.718917084 
0.719219150 
0.719521216 
0.719823282 
0.720125348 
0.720427414 
0.720729480 
0.721031546 
0.721333612 
0.721635678 
0.721937744 
0.722239810 
0.722541876 
0.722843942 
0.723146008 
0.723448074 
0.723750140 
0.724052206 
0.724354272 
0.724656338 
0.724958404 
0.725260470 
0.725562536 
0.725864602 
0.726166668 
0.726468734 
0.726770800 
0.727072866 
0.727374932 
0.727676998 
0.727979064 
0.728281130 
0.728583196 
0.728885262 
0.729187328 
0.729489394 
0.729791460 
0.730093526 
0.730395592 
0.730697658 
0.730999724 
0.731301790 
0.731603856 
0.731905922 
0.732207988 
0.732510054 
0.732812120 
0.733114186 
0.733416252 
0.733718318 
0.734020384 
0.734322450 
0.734624516 
0.734926582 
0.735228648 
0.735530714 
0.735832780 
0.736134846 
0.736436912 
0.736738978 
0.737041044 
0.737343110 
0.737645176 
0.737947242 
0.738249308 
0.738551374 
0.738853440 
0.739155506 
0.739457572 
0.739759638 
0.740061704 
0.740363770 
0.740665836 
0.740967902 
0.741269968 
0.741572034 
0.741874100 
0.742176166 
0.742478232 
0.742780298 
0.743082364 
0.743384430 
0.743686496 
0.743988562 
0.744290628 
0.744592694 
0.744894760 
0.745196826 
0.745498892 
0.745800958 
0.746103024 
0.746405090 
0.746707156 
0.747009222 
0.747311288 
0.747613354 
0.747915420 
0.748217486 
0.748519552 
0.748821618 
0.749123684 
0.749425750 
0.749727816 
0.750029882 
0.750331948 
0.750634014 
0.750936080 
0.751238146 
0.751540212 
0.751842278 
0.752144344 
0.752446410 
0.752748476 
0.753050542 
0.753352608 
0.753654674 
0.753956740 
0.754258806 
0.754560872 
0.754862938 
0.755165004 
0.755467070 
0.755769136 
0.756071202 
0.756373268 
0.756675334 
0.756977400 
0.757279466 
0.757581532 
0.757883598 
0.758185664 
0.758487730 
0.758789796 
0.759091862 
0.759393928 
0.759695994 
0.759998060 
0.760300126 
0.760602192 
0.760904258 
0.761206324 
0.761508390 
0.761810456 
0.762112522 
0.762414588 
0.762716654 
0.763018720 
0.763320786 
0.763622852 
0.763924918 
0.764226984 
0.764529050 
0.764831116 
0.765133182 
0.765435248 
0.765737314 
0.766039380 
0.766341446 
0.766643512 
0.766945578 
0.767247644 
0.767549710 
0.767851776 
0.768153842 
0.768455908 
0.768757974 
0.769060040 
0.769362106 
0.769664172 
0.769966238 
0.770268304 
0.770570370 
0.770872436 
0.771174502 
0.771476568 
0.771778634 
0.772080700 
0.772382766 
0.772684832 
0.772986898 
0.773288964 
0.773591030 
0.773893096 
0.774195162 
0.774497228 
0.774799294 
0.775101360 
0.775403426 
0.775705492 
0.776007558 
0.776309624 
0.776611690 
0.776913756 
0.777215822 
0.777517888 
0.777819954 
0.778122020 
0.778424086 
0.778726152 
0.779028218 
0.779330284 
0.779632350 
0.779934416 
0.780236482 
0.780538548 
0.780840614 
0.781142680 
0.781444746 
0.781746812 
0.782048878 
0.782350944 
0.782653010 
0.782955076 
0.783257142 
0.783559208 
0.783861274 
0.784163340 
0.784465406 
0.784767472 
0.785069538 
0.785371604 
0.785673670 
0.785975736 
0.786277802 
0.786579868 
0.786881934 
0.787184000 
0.787486066 
0.787788132 
0.788090198 
0.788392264 
0.788694330 
0.788996396 
0.789298462 
0.789600528 
0.789902594 
0.790204660 
0.790506726 
0.790808792 
0.791110858 
0.791412924 
0.791714990 
0.792017056 
0.792319122 
0.792621188 
0.792923254 
0.793225320 
0.793527386 
0.793829452 
0.794131518 
0.794433584 
0.794735650 
0.795037716 
0.795339782 
0.795641848 
0.795943914 
0.796245980 
0.796548046 
0.796850112 
0.797152178 
0.797454244 
0.797756310 
0.798058376 
0.798360442 
0.798662508 
0.798964574 
0.799266640 
0.799568706 
0.799870772 
0.800172838 
0.800474904 
0.800776970 
0.801079036 
0.801381102 
0.801683168 
0.801985234 
0.802287300 
0.802589366 
0.802891432 
0.803193498 
0.803495564 
0.803797630 
0.804099696 
0.804401762 
0.804703828 
0.805005894 
0.805307960 
0.805610026 
0.805912092 
0.806214158 
0.806516224 
0.806818290 
0.807120356 
0.807422422 
0.807724488 
0.808026554 
0.808328620 
0.808630686 
0.808932752 
0.809234818 
0.809536884 
0.809838950 
0.810141016 
0.810443082 
0.810745148 
0.811047214 
0.811349280 
0.811651346 
0.811953412 
0.812255478 
0.812557544 
0.812859610 
0.813161676 
0.813463742 
0.813765808 
0.814067874 
0.814369940 
0.814672006 
0.814974072 
0.815276138 
0.815578204 
0.815880270 
0.816182336 
0.816484402 
0.816786468 
0.817088534 
0.817390600 
0.817692666 
0.817994732 
0.818296798 
0.818598864 
0.818900930 
0.819202996 
0.819505062 
0.819807128 
0.820109194 
0.820411260 
0.820713326 
0.821015392 
0.821317458 
0.821619524 
0.821921590 
0.822223656 
0.822525722 
0.822827788 
0.823129854 
0.823431920 
0.823733986 
0.824036052 
0.824338118 
0.824640184 
0.824942250 
0.825244316 
0.825546382 
0.825848448 
0.826150514 
0.826452580 
0.826754646 
0.827056712 
0.827358778 
0.827660844 
0.827962910 
0.828264976 
0.828567042 
0.828869108 
0.829171174 
0.829473240 
0.829775306 
0.830077372 
0.830379438 
0.830681504 
0.830983570 
0.831285636 
0.831587702 
0.831889768 
0.832191834 
0.832493900 
0.832795966 
0.833098032 
0.833400098 
0.833702164 
0.834004230 
0.834306296 
0.834608362 
0.834910428 
0.835212494 
0.835514560 
0.835816626 
0.836118692 
0.836420758 
0.836722824 
0.837024890 
0.837326956 
0.837629022 
0.837931088 
0.838233154 
0.838535220 
0.838837286 
0.839139352 
0.839441418 
0.839743484 
0.840045550 
0.840347616 
0.840649682 
0.840951748 
0.841253814 
0.841555880 
0.841857946 
0.842160012 
0.842462078 
0.842764144 
0.843066210 
0.843368276 
0.843670342 
0.843972408 
0.844274474 
0.844576540 
0.844878606 
0.845180672 
0.845482738 
0.845784804 
0.846086870 
0.846388936 
0.846691002 
0.846993068 
0.847295134 
0.847597200 
0.847899266 
0.848201332 
0.848503398 
0.848805464 
0.849107530 
0.849409596 
0.849711662 
0.850013728 
0.850315794 
0.850617860 
0.850919926 
0.851221992 
0.851524058 
0.851826124 
0.852128190 
0.852430256 
0.852732322 
0.853034388 
0.853336454 
0.853638520 
0.853940586 
0.854242652 
0.854544718 
0.854846784 
0.855148850 
0.855450916 
0.855752982 
0.856055048 
0.856357114 
0.856659180 
0.856961246 
0.857263312 
0.857565378 
0.857867444 
0.858169510 
0.858471576 
0.858773642 
0.859075708 
0.859377774 
0.859679840 
0.859981906 
0.860283972 
0.860586038 
0.860888104 
0.861190170 
0.861492236 
0.861794302 
0.862096368 
0.862398434 
0.862700500 
0.863002566 
0.863304632 
0.863606698 
0.863908764 
0.864210830 
0.864512896 
0.864814962 
0.865117028 
0.865419094 
0.865721160 
0.866023226 
0.866325292 
0.866627358 
0.866929424 
0.867231490 
0.867533556 
0.867835622 
0.868137688 
0.868439754 
0.868741820 
0.869043886 
0.869345952 
0.869648018 
0.869950084 
0.870252150 
0.870554216 
0.870856282 
0.871158348 
0.871460414 
0.871762480 
0.872064546 
0.872366612 
0.872668678 
0.872970744 
0.873272810 
0.873574876 
0.873876942 
0.874179008 
0.874481074 
0.874783140 
0.875085206 
0.875387272 
0.875689338 
0.875991404 
0.876293470 
0.876595536 
0.876897602 
0.877199668 
0.877501734 
0.877803800 
0.878105866 
0.878407932 
0.878709998 
0.879012064 
0.879314130 
0.879616196 
0.879918262 
0.880220328 
0.880522394 
0.880824460 
0.881126526 
0.881428592 
0.881730658 
0.882032724 
0.882334790 
0.882636856 
0.882938922 
0.883240988 
0.883543054 
0.883845120 
0.884147186 
0.884449252 
0.884751318 
0.885053384 
0.885355450 
0.885657516 
0.885959582 
0.886261648 
0.886563714 
0.886865780 
0.887167846 
0.887469912 
0.887771978 
0.888074044 
0.888376110 
0.888678176 
0.888980242 
0.889282308 
0.889584374 
0.889886440 
0.890188506 
0.890490572 
0.890792638 
0.891094704 
0.891396770 
0.891698836 
0.892000902 
0.892302968 
0.892605034 
0.892907100 
0.893209166 
0.893511232 
0.893813298 
0.894115364 
0.894417430 
0.894719496 
0.895021562 
0.895323628 
0.895625694 
0.895927760 
0.896229826 
0.896531892 
0.896833958 
0.897136024 
0.897438090 
0.897740156 
0.898042222 
0.898344288 
0.898646354 
0.898948420 
0.899250486 
0.899552552 
0.899854618 
0.900156684 
0.900458750 
0.900760816 
0.901062882 
0.901364948 
0.901667014 
0.901969080 
0.902271146 
0.902573212 
0.902875278 
0.903177344 
0.903479410 
0.903781476 
0.904083542 
0.904385608 
0.904687674 
0.904989740 
0.905291806 
0.905593872 
0.905895938 
0.906198004 
0.906500070 
0.906802136 
0.907104202 
0.907406268 
0.907708334 
0.908010400 
0.908312466 
0.908614532 
0.908916598 
0.909218664 
0.909520730 
0.909822796 
0.910124862 
0.910426928 
0.910728994 
0.911031060 
0.911333126 
0.911635192 
0.911937258 
0.912239324 
0.912541390 
0.912843456 
0.913145522 
0.913447588 
0.913749654 
0.914051720 
0.914353786 
0.914655852 
0.914957918 
0.915259984 
0.915562050 
0.915864116 
0.916166182 
0.916468248 
0.916770314 
0.917072380 
0.917374446 
0.917676512 
0.917978578 
0.918280644 
0.918582710 
0.918884776 
0.919186842 
0.919488908 
0.919790974 
0.920093040 
0.920395106 
0.920697172 
0.920999238 
0.921301304 
0.921603370 
0.921905436 
0.922207502 
0.922509568 
0.922811634 
0.923113700 
0.923415766 
0.923717832 
0.924019898 
0.924321964 
0.924624030 
0.924926096 
0.925228162 
0.925530228 
0.925832294 
0.926134360 
0.926436426 
0.926738492 
0.927040558 
0.927342624 
0.927644690 
0.927946756 
0.928248822 
0.928550888 
0.928852954 
0.929155020 
0.929457086 
0.929759152 
0.930061218 
0.930363284 
0.930665350 
0.930967416 
0.931269482 
0.931571548 
0.931873614 
0.932175680 
0.932477746 
0.932779812 
0.933081878 
0.933383944 
0.933686010 
0.933988076 
0.934290142 
0.934592208 
0.934894274 
0.935196340 
0.935498406 
0.935800472 
0.936102538 
0.936404604 
0.936706670 
0.937008736 
0.937310802 
0.937612868 
0.937914934 
0.938217000 
0.938519066 
0.938821132 
0.939123198 
0.939425264 
0.939727330 
0.940029396 
0.940331462 
0.940633528 
0.940935594 
0.941237660 
0.941539726 
0.941841792 
0.942143858 
0.942445924 
0.942747990 
0.943050056 
0.943352122 
0.943654188 
0.943956254 
0.944258320 
0.944560386 
0.944862452 
0.945164518 
0.945466584 
0.945768650 
0.946070716 
0.946372782 
0.946674848 
0.946976914 
0.947278980 
0.947581046 
0.947883112 
0.948185178 
0.948487244 
0.948789310 
0.949091376 
0.949393442 
0.949695508 
0.949997574 
0.950299640 
0.950601706 
0.950903772 
0.951205838 
0.951507904 
0.951809970 
0.952112036 
0.952414102 
0.952716168 
0.953018234 
0.953320300 
0.953622366 
0.953924432 
0.954226498 
0.954528564 
0.954830630 
0.955132696 
0.955434762 
0.955736828 
0.956038894 
0.956340960 
0.956643026 
0.956945092 
0.957247158 
0.957549224 
0.957851290 
0.958153356 
0.958455422 
0.958757488 
0.959059554 
0.959361620 
0.959663686 
0.959965752 
0.960267818 
0.960569884 
0.960871950 
0.961174016 
0.961476082 
0.961778148 
0.962080214 
0.962382280 
0.962684346 
0.962986412 
0.963288478 
0.963590544 
0.963892610 
0.964194676 
0.964496742 
0.964798808 
0.965100874 
0.965402940 
0.965705006 
0.966007072 
0.966309138 
0.966611204 
0.966913270 
0.967215336 
0.967517402 
0.967819468 
0.968121534 
0.968423600 
0.968725666 
0.969027732 
0.969329798 
0.969631864 
0.969933930 
0.970235996 
0.970538062 
0.970840128 
0.971142194 
0.971444260 
0.971746326 
0.972048392 
0.972350458 
0.972652524 
0.972954590 
0.973256656 
0.973558722 
0.973860788 
0.974162854 
0.974464920 
0.974766986 
0.975069052 
0.975371118 
0.975673184 
0.975975250 
0.976277316 
0.976579382 
0.976881448 
0.977183514 
0.977485580 
0.977787646 
0.978089712 
0.978391778 
0.978693844 
0.978995910 
0.979297977 
0.979600043 
0.979902109 
0.980204175 
0.980506241 
0.980808307 
0.981110373 
0.981412439 
0.981714505 
0.982016571 
0.982318637 
0.982620703 
0.982922769 
0.983224835 
0.983526901 
0.983828967 
0.984131033 
0.984433099 
0.984735165 
0.985037231 
0.985339297 
0.985641363 
0.985943429 
0.986245495 
0.986547561 
0.986849627 
0.987151693 
0.987453759 
0.987755825 
0.988057891 
0.988359957 
0.988662023 
0.988964089 
0.989266155 
0.989568221 
0.989870287 
0.990172353 
0.990474419 
0.990776485 
0.991078551 
0.991380617 
0.991682683 
0.991984749 
0.992286815 
0.992588881 
0.992890947 
0.993193013 
0.993495079 
0.993797145 
0.994099211 
0.994401277 
0.994703343 
0.995005409 
0.995307475 
0.995609541 
0.995911607 
0.996213673 
0.996515739 
0.996817805 
0.997119871 
0.997421937 
0.997724003 
0.998026069 
0.998328135 
0.998630201 
0.998932267 
0.999234333 
0.999536399 
0.999838465 
1.000140531 
1.000442597 
1.000744663 
1.001046729 
1.001348795 
1.001650861 
1.001952927 
1.002254993 
1.002557059 
1.002859125 
1.003161191 
1.003463257 
1.003765323 
1.004067389 
1.004369455 
1.004671521 
1.004973587 
1.005275653 
1.005577719 
1.005879785 
1.006181851 
1.006483917 
1.006785983 
1.007088049 
1.007390115 
1.007692181 
1.007994247 
1.008296313 
1.008598379 
1.008900445 
1.009202511 
1.009504577 
1.009806643 
1.010108709 
1.010410775 
1.010712841 
1.011014907 
1.011316973 
1.011619039 
1.011921105 
1.012223171 
1.012525237 
1.012827303 
1.013129369 
1.013431435 
1.013733501 
1.014035567 
1.014337633 
1.014639699 
1.014941765 
1.015243831 
1.015545897 
1.015847963 
1.016150029 
1.016452095 
1.016754161 
1.017056227 
1.017358293 
1.017660359 
1.017962425 
1.018264491 
1.018566557 
1.018868623 
1.019170689 
1.019472755 
1.019774821 
1.020076887 
1.020378953 
1.020681019 
1.020983085 
1.021285151 
1.021587217 
1.021889283 
1.022191349 
1.022493415 
1.022795481 
1.023097547 
1.023399613 
1.023701679 
1.024003745 
1.024305811 
1.024607877 
1.024909943 
1.025212009 
1.025514075 
1.025816141 
1.026118207 
1.026420273 
1.026722339 
1.027024405 
1.027326471 
1.027628537 
1.027930603 
1.028232669 
1.028534735 
1.028836801 
1.029138867 
1.029440933 
1.029742999 
1.030045065 
1.030347131 
1.030649197 
1.030951263 
1.031253329 
1.031555395 
1.031857461 
1.032159527 
1.032461593 
1.032763659 
1.033065725 
1.033367791 
1.033669857 
1.033971923 
1.034273989 
1.034576055 
1.034878121 
1.035180187 
1.035482253 
1.035784319 
1.036086385 
1.036388451 
1.036690517 
1.036992583 
1.037294649 
1.037596715 
1.037898781 
1.038200847 
1.038502913 
1.038804979 
1.039107045 
1.039409111 
1.039711177 
1.040013243 
1.040315309 
1.040617375 
1.040919441 
1.041221507 
1.041523573 
1.041825639 
1.042127705 
1.042429771 
1.042731837 
1.043033903 
1.043335969 
1.043638035 
1.043940101 
1.044242167 
1.044544233 
1.044846299 
1.045148365 
1.045450431 
1.045752497 
1.046054563 
1.046356629 
1.046658695 
1.046960761 
1.047262827 
1.047564893 
1.047866959 
1.048169025 
1.048471091 
1.048773157 
1.049075223 
1.049377289 
1.049679355 
1.049981421 
1.050283487 
1.050585553 
1.050887619 
1.051189685 
1.051491751 
1.051793817 
1.052095883 
1.052397949 
1.052700015 
1.053002081 
1.053304147 
1.053606213 
1.053908279 
1.054210345 
1.054512411 
1.054814477 
1.055116543 
1.055418609 
1.055720675 
1.056022741 
1.056324807 
1.056626873 
1.056928939 
1.057231005 
1.057533071 
1.057835137 
1.058137203 
1.058439269 
1.058741335 
1.059043401 
1.059345467 
1.059647533 
1.059949599 
1.060251665 
1.060553731 
1.060855797 
1.061157863 
1.061459929 
1.061761995 
1.062064061 
1.062366127 
1.062668193 
1.062970259 
1.063272325 
1.063574391 
1.063876457 
1.064178523 
1.064480589 
1.064782655 
1.065084721 
1.065386787 
1.065688853 
1.065990919 
1.066292985 
1.066595051 
1.066897117 
1.067199183 
1.067501249 
1.067803315 
1.068105381 
1.068407447 
1.068709513 
1.069011579 
1.069313645 
1.069615711 
1.069917777 
1.070219843 
1.070521909 
1.070823975 
1.071126041 
1.071428107 
1.071730173 
1.072032239 
1.072334305 
1.072636371 
1.072938437 
1.073240503 
1.073542569 
1.073844635 
1.074146701 
1.074448767 
1.074750833 
1.075052899 
1.075354965 
1.075657031 
1.075959097 
1.076261163 
1.076563229 
1.076865295 
1.077167361 
1.077469427 
1.077771493 
1.078073559 
1.078375625 
1.078677691 
1.078979757 
1.079281823 
1.079583889 
1.079885955 
1.080188021 
1.080490087 
1.080792153 
1.081094219 
1.081396285 
1.081698351 
1.082000417 
1.082302483 
1.082604549 
1.082906615 
1.083208681 
1.083510747 
1.083812813 
1.084114879 
1.084416945 
1.084719011 
1.085021077 
1.085323143 
1.085625209 
1.085927275 
1.086229341 
1.086531407 
1.086833473 
1.087135539 
1.087437605 
1.087739671 
1.088041737 
1.088343803 
1.088645869 
1.088947935 
1.089250001 
1.089552067 
1.089854133 
1.090156199 
1.090458265 
1.090760331 
1.091062397 
1.091364463 
1.091666529 
1.091968595 
1.092270661 
1.092572727 
1.092874793 
1.093176859 
1.093478925 
1.093780991 
1.094083057 
1.094385123 
1.094687189 
1.094989255 
1.095291321 
1.095593387 
1.095895453 
1.096197519 
1.096499585 
1.096801651 
1.097103717 
1.097405783 
1.097707849 
1.098009915 
1.098311981 
1.098614047 
1.098916113 
1.099218179 
1.099520245 
1.099822311 
1.100124377 
1.100426443 
1.100728509 
1.101030575 
1.101332641 
1.101634707 
1.101936773 
1.102238839 
1.102540905 
1.102842971 
1.103145037 
1.103447103 
1.103749169 
1.104051235 
1.104353301 
1.104655367 
1.104957433 
1.105259499 
1.105561565 
1.105863631 
1.106165697 
1.106467763 
1.106769829 
1.107071895 
1.107373961 
1.107676027 
1.107978093 
1.108280159 
1.108582225 
1.108884291 
1.109186357 
1.109488423 
1.109790489 
1.110092555 
1.110394621 
1.110696687 
1.110998753 
1.111300819 
1.111602885 
1.111904951 
1.112207017 
1.112509083 
1.112811149 
1.113113215 
1.113415281 
1.113717347 
1.114019413 
1.114321479 
1.114623545 
1.114925611 
1.115227677 
1.115529743 
1.115831809 
1.116133875 
1.116435941 
1.116738007 
1.117040073 
1.117342139 
1.117644205 
1.117946271 
1.118248337 
1.118550403 
1.118852469 
1.119154535 
1.119456601 
1.119758667 
1.120060733 
1.120362799 
1.120664865 
1.120966931 
1.121268997 
1.121571063 
1.121873129 
1.122175195 
1.122477261 
1.122779327 
1.123081393 
1.123383459 
1.123685525 
1.123987591 
1.124289657 
1.124591723 
1.124893789 
1.125195855 
1.125497921 
1.125799987 
1.126102053 
1.126404119 
1.126706185 
1.127008251 
1.127310317 
1.127612383 
1.127914449 
1.128216515 
1.128518581 
1.128820647 
1.129122713 
1.129424779 
1.129726845 
1.130028911 
1.130330977 
1.130633043 
1.130935109 
1.131237175 
1.131539241 
1.131841307 
1.132143373 
1.132445439 
1.132747505 
1.133049571 
1.133351637 
1.133653703 
1.133955769 
1.134257835 
1.134559901 
1.134861967 
1.135164033 
1.135466099 
1.135768165 
1.136070231 
1.136372297 
1.136674363 
1.136976429 
1.137278495 
1.137580561 
1.137882627 
1.138184693 
1.138486759 
1.138788825 
1.139090891 
1.139392957 
1.139695023 
1.139997089 
1.140299155 
1.140601221 
1.140903287 
1.141205353 
1.141507419 
1.141809485 
1.142111551 
1.142413617 
1.142715683 
1.143017749 
1.143319815 
1.143621881 
1.143923947 
1.144226013 
1.144528079 
1.144830145 
1.145132211 
1.145434277 
1.145736343 
1.146038409 
1.146340475 
1.146642541 
1.146944607 
1.147246673 
1.147548739 
1.147850805 
1.148152871 
1.148454937 
1.148757003 
1.149059069 
1.149361135 
1.149663201 
1.149965267 
1.150267333 
1.150569399 
1.150871465 
1.151173531 
1.151475597 
1.151777663 
1.152079729 
1.152381795 
1.152683861 
1.152985927 
1.153287993 
1.153590059 
1.153892125 
1.154194191 
1.154496257 
1.154798323 
1.155100389 
1.155402455 
1.155704521 
1.156006587 
1.156308653 
1.156610719 
1.156912785 
1.157214851 
1.157516917 
1.157818983 
1.158121049 
1.158423115 
1.158725181 
1.159027247 
1.159329313 
1.159631379 
1.159933445 
1.160235511 
1.160537577 
1.160839643 
1.161141709 
1.161443775 
1.161745841 
1.162047907 
1.162349973 
1.162652039 
1.162954105 
1.163256171 
1.163558237 
1.163860303 
1.164162369 
1.164464435 
1.164766501 
1.165068567 
1.165370633 
1.165672699 
1.165974765 
1.166276831 
1.166578897 
1.166880963 
1.167183029 
1.167485095 
1.167787161 
1.168089227 
1.168391293 
1.168693359 
1.168995425 
1.169297491 
1.169599557 
1.169901623 
1.170203689 
1.170505755 
1.170807821 
1.171109887 
1.171411953 
1.171714019 
1.172016085 
1.172318151 
1.172620217 
1.172922283 
1.173224349 
1.173526415 
1.173828481 
1.174130547 
1.174432613 
1.174734679 
1.175036745 
1.175338811 
1.175640877 
1.175942943 
1.176245009 
1.176547075 
1.176849141 
1.177151207 
1.177453273 
1.177755339 
1.178057405 
1.178359471 
1.178661537 
1.178963603 
1.179265669 
1.179567735 
1.179869801 
1.180171867 
1.180473933 
1.180775999 
1.181078065 
1.181380131 
1.181682197 
1.181984263 
1.182286329 
1.182588395 
1.182890461 
1.183192527 
1.183494593 
1.183796659 
1.184098725 
1.184400791 
1.184702857 
1.185004923 
1.185306989 
1.185609055 
1.185911121 
1.186213187 
1.186515253 
1.186817319 
1.187119385 
1.187421451 
1.187723517 
1.188025583 
1.188327649 
1.188629715 
1.188931781 
1.189233847 
1.189535913 
1.189837979 
1.190140045 
1.190442111 
1.190744177 
1.191046243 
1.191348309 
1.191650375 
1.191952441 
1.192254507 
1.192556573 
1.192858639 
1.193160705 
1.193462771 
1.193764837 
1.194066903 
1.194368969 
1.194671035 
1.194973101 
1.195275167 
1.195577233 
1.195879299 
1.196181365 
1.196483431 
1.196785497 
1.197087563 
1.197389629 
1.197691695 
1.197993761 
1.198295827 
1.198597893 
1.198899959 
1.199202025 
1.199504091 
1.199806157 
1.200108223 
1.200410289 
1.200712355 
1.201014421 
1.201316487 
1.201618553 
1.201920619 
1.202222685 
1.202524751 
1.202826817 
1.203128883 
1.203430949 
1.203733015 
1.204035081 
1.204337147 
1.204639213 
1.204941279 
1.205243345 
1.205545411 
1.205847477 
1.206149543 
1.206451609 
1.206753675 
1.207055741 
1.207357807 
1.207659873 
1.207961939 
1.208264005 
1.208566071 
1.208868137 
1.209170203 
1.209472269 
1.209774335 
1.210076401 
1.210378467 
1.210680533 
1.210982599 
1.211284665 
1.211586731 
1.211888797 
1.212190863 
1.212492929 
1.212794995 
1.213097061 
1.213399127 
1.213701193 
1.214003259 
1.214305325 
1.214607391 
1.214909457 
1.215211523 
1.215513589 
1.215815655 
1.216117721 
1.216419787 
1.216721853 
1.217023919 
1.217325985 
1.217628051 
1.217930117 
1.218232183 
1.218534249 
1.218836315 
1.219138381 
1.219440447 
1.219742513 
1.220044579 
1.220346645 
1.220648711 
1.220950777 
1.221252843 
1.221554909 
1.221856975 
1.222159041 
1.222461107 
1.222763173 
1.223065239 
1.223367305 
1.223669371 
1.223971437 
1.224273503 
1.224575569 
1.224877635 
