79.060852 
79.051154 
79.041456 
79.031757 
79.022059 
79.012361 
79.002662 
78.992964 
78.983266 
78.973568 
78.963869 
78.954171 
78.944473 
78.934775 
78.925076 
78.915378 
78.905680 
78.895981 
78.886283 
78.876585 
78.866887 
78.857188 
78.847490 
78.837792 
78.828094 
78.818395 
78.808697 
78.798999 
78.789300 
78.779602 
78.769904 
78.760206 
78.750507 
78.740809 
78.731111 
78.721413 
78.711714 
78.702016 
78.692318 
78.682619 
78.672921 
78.663223 
78.653525 
78.643826 
78.634128 
78.624430 
78.614732 
78.605033 
78.595335 
78.585637 
78.575938 
78.566240 
78.556542 
78.546844 
78.537145 
78.527447 
78.517749 
78.508051 
78.498352 
78.488654 
78.478956 
78.469257 
78.459559 
78.449861 
78.440163 
78.430464 
78.420766 
78.411068 
78.401370 
78.391671 
78.381973 
78.372275 
78.362576 
78.352878 
78.343180 
78.333482 
78.323783 
78.314085 
78.304387 
78.294689 
78.284990 
78.275292 
78.265594 
78.255895 
78.246197 
78.236499 
78.226801 
78.217102 
78.207404 
78.197706 
78.188008 
78.178309 
78.168611 
78.158913 
78.149215 
78.139516 
78.129818 
78.120120 
78.110421 
78.100723 
78.091025 
78.081327 
78.071628 
78.061930 
78.052232 
78.042534 
78.032835 
78.023137 
78.013439 
78.003740 
77.994042 
77.984344 
77.974646 
77.964947 
77.955249 
77.945551 
77.935853 
77.926154 
77.916456 
77.906758 
77.897059 
77.887361 
77.877663 
77.867965 
77.858266 
77.848568 
77.838870 
77.829172 
77.819473 
77.809775 
77.800077 
77.790378 
77.780680 
77.770982 
77.761284 
77.751585 
77.741887 
77.732189 
77.722491 
77.712792 
77.703094 
77.693396 
77.683697 
77.673999 
77.664301 
77.654603 
77.644904 
77.635206 
77.625508 
77.615810 
77.606111 
77.596413 
77.586715 
77.577016 
77.567318 
77.557620 
77.547922 
77.538223 
77.528525 
77.518827 
77.509129 
77.499430 
77.489732 
77.480034 
77.470335 
77.460637 
77.450939 
77.441241 
77.431542 
77.421844 
77.412146 
77.402448 
77.392749 
77.383051 
77.373353 
77.363654 
77.353956 
77.344258 
77.334560 
77.324861 
77.315163 
77.305465 
77.295767 
77.286068 
77.276370 
77.266672 
77.256974 
77.247275 
77.237577 
77.227879 
77.218180 
77.208482 
77.198784 
77.189086 
77.179387 
77.169689 
77.159991 
77.150293 
77.140594 
77.130896 
77.121198 
77.111499 
77.101801 
77.092103 
77.082405 
77.072706 
77.063008 
77.053310 
77.043612 
77.033913 
77.024215 
77.014517 
77.004818 
76.995120 
76.985422 
76.975724 
76.966025 
76.956327 
76.946629 
76.936931 
76.927232 
76.917534 
76.907836 
76.898137 
76.888439 
76.878741 
76.869043 
76.859344 
76.849646 
76.839948 
76.830250 
76.820551 
76.810853 
76.801155 
76.791456 
76.781758 
76.772060 
76.762362 
76.752663 
76.742965 
76.733267 
76.723569 
76.713870 
76.704172 
76.694474 
76.684775 
76.675077 
76.665379 
76.655681 
76.645982 
76.636284 
76.626586 
76.616888 
76.607189 
76.597491 
76.587793 
76.578094 
76.568396 
76.558698 
76.549000 
76.539301 
76.529603 
76.519905 
76.510207 
76.500508 
76.490810 
76.481112 
76.471413 
76.461715 
76.452017 
76.442319 
76.432620 
76.422922 
76.413224 
76.403526 
76.393827 
76.384129 
76.374431 
76.364733 
76.355034 
76.345336 
76.335638 
76.325939 
76.316241 
76.306543 
76.296845 
76.287146 
76.277448 
76.267750 
76.258052 
76.248353 
76.238655 
76.228957 
76.219258 
76.209560 
76.199862 
76.190164 
76.180465 
76.170767 
76.161069 
76.151371 
76.141672 
76.131974 
76.122276 
76.112577 
76.102879 
76.093181 
76.083483 
76.073784 
76.064086 
76.054388 
76.044690 
76.034991 
76.025293 
76.015595 
76.005896 
75.996198 
75.986500 
75.976802 
75.967103 
75.957405 
75.947707 
75.938009 
75.928310 
75.918612 
75.908914 
75.899215 
75.889517 
75.879819 
75.870121 
75.860422 
75.850724 
75.841026 
75.831328 
75.821629 
75.811931 
75.802233 
75.792534 
75.782836 
75.773138 
75.763440 
75.753741 
75.744043 
75.734345 
75.724647 
75.714948 
75.705250 
75.695552 
75.685853 
75.676155 
75.666457 
75.656759 
75.647060 
75.637362 
75.627664 
75.617966 
75.608267 
75.598569 
75.588871 
75.579172 
75.569474 
75.559776 
75.550078 
75.540379 
75.530681 
75.520983 
75.511285 
75.501586 
75.491888 
75.482190 
75.472492 
75.462793 
75.453095 
75.443397 
75.433698 
75.424000 
75.414302 
75.404604 
75.394905 
75.385207 
75.375509 
75.365811 
75.356112 
75.346414 
75.336716 
75.327017 
75.317319 
75.307621 
75.297923 
75.288224 
75.278526 
75.268828 
75.259130 
75.249431 
75.239733 
75.230035 
75.220336 
75.210638 
75.200940 
75.191242 
75.181543 
75.171845 
75.162147 
75.152449 
75.142750 
75.133052 
75.123354 
75.113655 
75.103957 
75.094259 
75.084561 
75.074862 
75.065164 
75.055466 
75.045768 
75.036069 
75.026371 
75.016673 
75.006974 
74.997276 
74.987578 
74.977880 
74.968181 
74.958483 
74.948785 
74.939087 
74.929388 
74.919690 
74.909992 
74.900293 
74.890595 
74.880897 
74.871199 
74.861500 
74.851802 
74.842104 
74.832406 
74.822707 
74.813009 
74.803311 
74.793612 
74.783914 
74.774216 
74.764518 
74.754819 
74.745121 
74.735423 
74.725725 
74.716026 
74.706328 
74.696630 
74.686931 
74.677233 
74.667535 
74.657837 
74.648138 
74.638440 
74.628742 
74.619044 
74.609345 
74.599647 
74.589949 
74.580251 
74.570552 
74.560854 
74.551156 
74.541457 
74.531759 
74.522061 
74.512363 
74.502664 
74.492966 
74.483268 
74.473570 
74.463871 
74.454173 
74.444475 
74.434776 
74.425078 
74.415380 
74.405682 
74.395983 
74.386285 
74.376587 
74.366889 
74.357190 
74.347492 
74.337794 
74.328095 
74.318397 
74.308699 
74.299001 
74.289302 
74.279604 
74.269906 
74.260208 
74.250509 
74.240811 
74.231113 
74.221414 
74.211716 
74.202018 
74.192320 
74.182621 
74.172923 
74.163225 
74.153527 
74.143828 
74.134130 
74.124432 
74.114733 
74.105035 
74.095337 
74.085639 
74.075940 
74.066242 
74.056544 
74.046846 
74.037147 
74.027449 
74.017751 
74.008052 
73.998354 
73.988656 
73.978958 
73.969259 
73.959561 
73.949863 
73.940165 
73.930466 
73.920768 
73.911070 
73.901371 
73.891673 
73.881975 
73.872277 
73.862578 
73.852880 
73.843182 
73.833484 
73.823785 
73.814087 
73.804389 
73.794690 
73.784992 
73.775294 
73.765596 
73.755897 
73.746199 
73.736501 
73.726803 
73.717104 
73.707406 
73.697708 
73.688010 
73.678311 
73.668613 
73.658915 
73.649216 
73.639518 
73.629820 
73.620122 
73.610423 
73.600725 
73.591027 
73.581329 
73.571630 
73.561932 
73.552234 
73.542535 
73.532837 
73.523139 
73.513441 
73.503742 
73.494044 
73.484346 
73.474648 
73.464949 
73.455251 
73.445553 
73.435854 
73.426156 
73.416458 
73.406760 
73.397061 
73.387363 
73.377665 
73.367967 
73.358268 
73.348570 
73.338872 
73.329173 
73.319475 
73.309777 
73.300079 
73.290380 
73.280682 
73.270984 
73.261286 
73.251587 
73.241889 
73.232191 
73.222492 
73.212794 
73.203096 
73.193398 
73.183699 
73.174001 
73.164303 
73.154605 
73.144906 
73.135208 
73.125510 
73.115811 
73.106113 
73.096415 
73.086717 
73.077018 
73.067320 
73.057622 
73.047924 
73.038225 
73.028527 
73.018829 
73.009130 
72.999432 
72.989734 
72.980036 
72.970337 
72.960639 
72.950941 
72.941243 
72.931544 
72.921846 
72.912148 
72.902449 
72.892751 
72.883053 
72.873355 
72.863656 
72.853958 
72.844260 
72.834562 
72.824863 
72.815165 
72.805467 
72.795768 
72.786070 
72.776372 
72.766674 
72.756975 
72.747277 
72.737579 
72.727881 
72.718182 
72.708484 
72.698786 
72.689088 
72.679389 
72.669691 
72.659993 
72.650294 
72.640596 
72.630898 
72.621200 
72.611501 
72.601803 
72.592105 
72.582407 
72.572708 
72.563010 
72.553312 
72.543613 
72.533915 
72.524217 
72.514519 
72.504820 
72.495122 
72.485424 
72.475726 
72.466027 
72.456329 
72.446631 
72.436932 
72.427234 
72.417536 
72.407838 
72.398139 
72.388441 
72.378743 
72.369045 
72.359346 
72.349648 
72.339950 
72.330251 
72.320553 
72.310855 
72.301157 
72.291458 
72.281760 
72.272062 
72.262364 
72.252665 
72.242967 
72.233269 
72.223570 
72.213872 
72.204174 
72.194476 
72.184777 
72.175079 
72.165381 
72.155683 
72.145984 
72.136286 
72.126588 
72.116889 
72.107191 
72.097493 
72.087795 
72.078096 
72.068398 
72.058700 
72.049002 
72.039303 
72.029605 
72.019907 
72.010208 
72.000510 
71.990812 
71.981114 
71.971415 
71.961717 
71.952019 
71.942321 
71.932622 
71.922924 
71.913226 
71.903527 
71.893829 
71.884131 
71.874433 
71.864734 
71.855036 
71.845338 
71.835640 
71.825941 
71.816243 
71.806545 
71.796847 
71.787148 
71.777450 
71.767752 
71.758053 
71.748355 
71.738657 
71.728959 
71.719260 
71.709562 
71.699864 
71.690166 
71.680467 
71.670769 
71.661071 
71.651372 
71.641674 
71.631976 
71.622278 
71.612579 
71.602881 
71.593183 
71.583485 
71.573786 
71.564088 
71.554390 
71.544691 
71.534993 
71.525295 
71.515597 
71.505898 
71.496200 
71.486502 
71.476804 
71.467105 
71.457407 
71.447709 
71.438010 
71.428312 
71.418614 
71.408916 
71.399217 
71.389519 
71.379821 
71.370123 
71.360424 
71.350726 
71.341028 
71.331329 
71.321631 
71.311933 
71.302235 
71.292536 
71.282838 
71.273140 
71.263442 
71.253743 
71.244045 
71.234347 
71.224648 
71.214950 
71.205252 
71.195554 
71.185855 
71.176157 
71.166459 
71.156761 
71.147062 
71.137364 
71.127666 
71.117967 
71.108269 
71.098571 
71.088873 
71.079174 
71.069476 
71.059778 
71.050080 
71.040381 
71.030683 
71.020985 
71.011286 
71.001588 
70.991890 
70.982192 
70.972493 
70.962795 
70.953097 
70.943399 
70.933700 
70.924002 
70.914304 
70.904606 
70.894907 
70.885209 
70.875511 
70.865812 
70.856114 
70.846416 
70.836718 
70.827019 
70.817321 
70.807623 
70.797925 
70.788226 
70.778528 
70.768830 
70.759131 
70.749433 
70.739735 
70.730037 
70.720338 
70.710640 
70.700942 
70.691244 
70.681545 
70.671847 
70.662149 
70.652450 
70.642752 
70.633054 
70.623356 
70.613657 
70.603959 
70.594261 
70.584563 
70.574864 
70.565166 
70.555468 
70.545769 
70.536071 
70.526373 
70.516675 
70.506976 
70.497278 
70.487580 
70.477882 
70.468183 
70.458485 
70.448787 
70.439088 
70.429390 
70.419692 
70.409994 
70.400295 
70.390597 
70.380899 
70.371201 
70.361502 
70.351804 
70.342106 
70.332407 
70.322709 
70.313011 
70.303313 
70.293614 
70.283916 
70.274218 
70.264520 
70.254821 
70.245123 
70.235425 
70.225726 
70.216028 
70.206330 
70.196632 
70.186933 
70.177235 
70.167537 
70.157839 
70.148140 
70.138442 
70.128744 
70.119045 
70.109347 
70.099649 
70.089951 
70.080252 
70.070554 
70.060856 
70.051158 
70.041459 
70.031761 
70.022063 
70.012365 
70.002666 
69.992968 
69.983270 
69.973571 
69.963873 
69.954175 
69.944477 
69.934778 
69.925080 
69.915382 
69.905684 
69.895985 
69.886287 
69.876589 
69.866890 
69.857192 
69.847494 
69.837796 
69.828097 
69.818399 
69.808701 
69.799003 
69.789304 
69.779606 
69.769908 
69.760209 
69.750511 
69.740813 
69.731115 
69.721416 
69.711718 
69.702020 
69.692322 
69.682623 
69.672925 
69.663227 
69.653528 
69.643830 
69.634132 
69.624434 
69.614735 
69.605037 
69.595339 
69.585641 
69.575942 
69.566244 
69.556546 
69.546847 
69.537149 
69.527451 
69.517753 
69.508054 
69.498356 
69.488658 
69.478960 
69.469261 
69.459563 
69.449865 
69.440166 
69.430468 
69.420770 
69.411072 
69.401373 
69.391675 
69.381977 
69.372279 
69.362580 
69.352882 
69.343184 
69.333485 
69.323787 
69.314089 
69.304391 
69.294692 
69.284994 
69.275296 
69.265598 
69.255899 
69.246201 
69.236503 
69.226804 
69.217106 
69.207408 
69.197710 
69.188011 
69.178313 
69.168615 
69.158917 
69.149218 
69.139520 
69.129822 
69.120124 
69.110425 
69.100727 
69.091029 
69.081330 
69.071632 
69.061934 
69.052236 
69.042537 
69.032839 
69.023141 
69.013443 
69.003744 
68.994046 
68.984348 
68.974649 
68.964951 
68.955253 
68.945555 
68.935856 
68.926158 
68.916460 
68.906762 
68.897063 
68.887365 
68.877667 
68.867968 
68.858270 
68.848572 
68.838874 
68.829175 
68.819477 
68.809779 
68.800081 
68.790382 
68.780684 
68.770986 
68.761287 
68.751589 
68.741891 
68.732193 
68.722494 
68.712796 
68.703098 
68.693400 
68.683701 
68.674003 
68.664305 
68.654606 
68.644908 
68.635210 
68.625512 
68.615813 
68.606115 
68.596417 
68.586719 
68.577020 
68.567322 
68.557624 
68.547925 
68.538227 
68.528529 
68.518831 
68.509132 
68.499434 
68.489736 
68.480038 
68.470339 
68.460641 
68.450943 
68.441244 
68.431546 
68.421848 
68.412150 
68.402451 
68.392753 
68.383055 
68.373357 
68.363658 
68.353960 
68.344262 
68.334563 
68.324865 
68.315167 
68.305469 
68.295770 
68.286072 
68.276374 
68.266676 
68.256977 
68.247279 
68.237581 
68.227883 
68.218184 
68.208486 
68.198788 
68.189089 
68.179391 
68.169693 
68.159995 
68.150296 
68.140598 
68.130900 
68.121202 
68.111503 
68.101805 
68.092107 
68.082408 
68.072710 
68.063012 
68.053314 
68.043615 
68.033917 
68.024219 
68.014521 
68.004822 
67.995124 
67.985426 
67.975727 
67.966029 
67.956331 
67.946633 
67.936934 
67.927236 
67.917538 
67.907840 
67.898141 
67.888443 
67.878745 
67.869046 
67.859348 
67.849650 
67.839952 
67.830253 
67.820555 
67.810857 
67.801159 
67.791460 
67.781762 
67.772064 
67.762365 
67.752667 
67.742969 
67.733271 
67.723572 
67.713874 
67.704176 
67.694478 
67.684779 
67.675081 
67.665383 
67.655684 
67.645986 
67.636288 
67.626590 
67.616891 
67.607193 
67.597495 
67.587797 
67.578098 
67.568400 
67.558702 
67.549003 
67.539305 
67.529607 
67.519909 
67.510210 
67.500512 
67.490814 
67.481116 
67.471417 
67.461719 
67.452021 
67.442322 
67.432624 
67.422926 
67.413228 
67.403529 
67.393831 
67.384133 
67.374435 
67.364736 
67.355038 
67.345340 
67.335642 
67.325943 
67.316245 
67.306547 
67.296848 
67.287150 
67.277452 
67.267754 
67.258055 
67.248357 
67.238659 
67.228961 
67.219262 
67.209564 
67.199866 
67.190167 
67.180469 
67.170771 
67.161073 
67.151374 
67.141676 
67.131978 
67.122280 
67.112581 
67.102883 
67.093185 
67.083486 
67.073788 
67.064090 
67.054392 
67.044693 
67.034995 
67.025297 
67.015599 
67.005900 
66.996202 
66.986504 
66.976805 
66.967107 
66.957409 
66.947711 
66.938012 
66.928314 
66.918616 
66.908918 
66.899219 
66.889521 
66.879823 
66.870124 
66.860426 
66.850728 
66.841030 
66.831331 
66.821633 
66.811935 
66.802237 
66.792538 
66.782840 
66.773142 
66.763443 
66.753745 
66.744047 
66.734349 
66.724650 
66.714952 
66.705254 
66.695556 
66.685857 
66.676159 
66.666461 
66.656762 
66.647064 
66.637366 
66.627668 
66.617969 
66.608271 
66.598573 
66.588875 
66.579176 
66.569478 
66.559780 
66.550081 
66.540383 
66.530685 
66.520987 
66.511288 
66.501590 
66.491892 
66.482194 
66.472495 
66.462797 
66.453099 
66.443401 
66.433702 
66.424004 
66.414306 
66.404607 
66.394909 
66.385211 
66.375513 
66.365814 
66.356116 
66.346418 
66.336720 
66.327021 
66.317323 
66.307625 
66.297926 
66.288228 
66.278530 
66.268832 
66.259133 
66.249435 
66.239737 
66.230039 
66.220340 
66.210642 
66.200944 
66.191245 
66.181547 
66.171849 
66.162151 
66.152452 
66.142754 
66.133056 
66.123358 
66.113659 
66.103961 
66.094263 
66.084564 
66.074866 
66.065168 
66.055470 
66.045771 
66.036073 
66.026375 
66.016677 
66.006978 
65.997280 
65.987582 
65.977883 
65.968185 
65.958487 
65.948789 
65.939090 
65.929392 
65.919694 
65.909996 
65.900297 
65.890599 
65.880901 
65.871202 
65.861504 
65.851806 
65.842108 
65.832409 
65.822711 
65.813013 
65.803315 
65.793616 
65.783918 
65.774220 
65.764521 
65.754823 
65.745125 
65.735427 
65.725728 
65.716030 
65.706332 
65.696634 
65.686935 
65.677237 
65.667539 
65.657840 
65.648142 
65.638444 
65.628746 
65.619047 
65.609349 
65.599651 
65.589953 
65.580254 
65.570556 
65.560858 
65.551160 
65.541461 
65.531763 
65.522065 
65.512366 
65.502668 
65.492970 
65.483272 
65.473573 
65.463875 
65.454177 
65.444479 
65.434780 
65.425082 
65.415384 
65.405685 
65.395987 
65.386289 
65.376591 
65.366892 
65.357194 
65.347496 
65.337798 
65.328099 
65.318401 
65.308703 
65.299004 
65.289306 
65.279608 
65.269910 
65.260211 
65.250513 
65.240815 
65.231117 
65.221418 
65.211720 
65.202022 
65.192323 
65.182625 
65.172927 
65.163229 
65.153530 
65.143832 
65.134134 
65.124436 
65.114737 
65.105039 
65.095341 
65.085642 
65.075944 
65.066246 
65.056548 
65.046849 
65.037151 
65.027453 
65.017755 
65.008056 
64.998358 
64.988660 
64.978961 
64.969263 
64.959565 
64.949867 
64.940168 
64.930470 
64.920772 
64.911074 
64.901375 
64.891677 
64.881979 
64.872280 
64.862582 
64.852884 
64.843186 
64.833487 
64.823789 
64.814091 
64.804393 
64.794694 
64.784996 
64.775298 
64.765599 
64.755901 
64.746203 
64.736505 
64.726806 
64.717108 
64.707410 
64.697712 
64.688013 
64.678315 
64.668617 
64.658918 
64.649220 
64.639522 
64.629824 
64.620125 
64.610427 
64.600729 
64.591031 
64.581332 
64.571634 
64.561936 
64.552238 
64.542539 
64.532841 
64.523143 
64.513444 
64.503746 
64.494048 
64.484350 
64.474651 
64.464953 
64.455255 
64.445557 
64.435858 
64.426160 
64.416462 
64.406763 
64.397065 
64.387367 
64.377669 
64.367970 
64.358272 
64.348574 
64.338876 
64.329177 
64.319479 
64.309781 
64.300082 
64.290384 
64.280686 
64.270988 
64.261289 
64.251591 
64.241893 
64.232195 
64.222496 
64.212798 
64.203100 
64.193401 
64.183703 
64.174005 
64.164307 
64.154608 
64.144910 
64.135212 
64.125514 
64.115815 
64.106117 
64.096419 
64.086720 
64.077022 
64.067324 
64.057626 
64.047927 
64.038229 
64.028531 
64.018833 
64.009134 
63.999436 
63.989738 
63.980039 
63.970341 
63.960643 
63.950945 
63.941246 
63.931548 
63.921850 
63.912152 
63.902453 
63.892755 
63.883057 
63.873358 
63.863660 
63.853962 
63.844264 
63.834565 
63.824867 
63.815169 
63.805471 
63.795772 
63.786074 
63.776376 
63.766677 
63.756979 
63.747281 
63.737583 
63.727884 
63.718186 
63.708488 
63.698790 
63.689091 
63.679393 
63.669695 
63.659997 
63.650298 
63.640600 
63.630902 
63.621203 
63.611505 
63.601807 
63.592109 
63.582410 
63.572712 
63.563014 
63.553316 
63.543617 
63.533919 
63.524221 
63.514522 
63.504824 
63.495126 
63.485428 
63.475729 
63.466031 
63.456333 
63.446635 
63.436936 
63.427238 
63.417540 
63.407841 
63.398143 
63.388445 
63.378747 
63.369048 
63.359350 
63.349652 
63.339954 
63.330255 
63.320557 
63.310859 
63.301160 
63.291462 
63.281764 
63.272066 
63.262367 
63.252669 
63.242971 
63.233273 
63.223574 
63.213876 
63.204178 
63.194479 
63.184781 
63.175083 
63.165385 
63.155686 
63.145988 
63.136290 
63.126592 
63.116893 
63.107195 
63.097497 
63.087798 
63.078100 
63.068402 
63.058704 
63.049005 
63.039307 
63.029609 
63.019911 
63.010212 
63.000514 
62.990816 
62.981117 
62.971419 
62.961721 
62.952023 
62.942324 
62.932626 
62.922928 
62.913230 
62.903531 
62.893833 
62.884135 
62.874436 
62.864738 
62.855040 
62.845342 
62.835643 
62.825945 
62.816247 
62.806549 
62.796850 
62.787152 
62.777454 
62.767756 
62.758057 
62.748359 
62.738661 
62.728962 
62.719264 
62.709566 
62.699868 
62.690169 
62.680471 
62.670773 
62.661075 
62.651376 
62.641678 
62.631980 
62.622281 
62.612583 
62.602885 
62.593187 
62.583488 
62.573790 
62.564092 
62.554394 
62.544695 
62.534997 
62.525299 
62.515600 
62.505902 
62.496204 
62.486506 
62.476807 
62.467109 
62.457411 
62.447713 
62.438014 
62.428316 
62.418618 
62.408919 
62.399221 
62.389523 
62.379825 
62.370126 
62.360428 
62.350730 
62.341032 
62.331333 
62.321635 
62.311937 
62.302238 
62.292540 
62.282842 
62.273144 
62.263445 
62.253747 
62.244049 
62.234351 
62.224652 
62.214954 
62.205256 
62.195557 
62.185859 
62.176161 
62.166463 
62.156764 
62.147066 
62.137368 
62.127670 
62.117971 
62.108273 
62.098575 
62.088876 
62.079178 
62.069480 
62.059782 
62.050083 
62.040385 
62.030687 
62.020989 
62.011290 
62.001592 
61.991894 
61.982195 
61.972497 
61.962799 
61.953101 
61.943402 
61.933704 
61.924006 
61.914308 
61.904609 
61.894911 
61.885213 
61.875515 
61.865816 
61.856118 
61.846420 
61.836721 
61.827023 
61.817325 
61.807627 
61.797928 
61.788230 
61.778532 
61.768834 
61.759135 
61.749437 
61.739739 
61.730040 
61.720342 
61.710644 
61.700946 
61.691247 
61.681549 
61.671851 
61.662153 
61.652454 
61.642756 
61.633058 
61.623359 
61.613661 
61.603963 
61.594265 
61.584566 
61.574868 
61.565170 
61.555472 
61.545773 
61.536075 
61.526377 
61.516678 
61.506980 
61.497282 
61.487584 
61.477885 
61.468187 
61.458489 
61.448791 
61.439092 
61.429394 
61.419696 
61.409997 
61.400299 
61.390601 
61.380903 
61.371204 
61.361506 
61.351808 
61.342110 
61.332411 
61.322713 
61.313015 
61.303316 
61.293618 
61.283920 
61.274222 
61.264523 
61.254825 
61.245127 
61.235429 
61.225730 
61.216032 
61.206334 
61.196635 
61.186937 
61.177239 
61.167541 
61.157842 
61.148144 
61.138446 
61.128748 
61.119049 
61.109351 
61.099653 
61.089954 
61.080256 
61.070558 
61.060860 
61.051161 
61.041463 
61.031765 
61.022067 
61.012368 
61.002670 
60.992972 
60.983274 
60.973575 
60.963877 
60.954179 
60.944480 
60.934782 
60.925084 
60.915386 
60.905687 
60.895989 
60.886291 
60.876593 
60.866894 
60.857196 
60.847498 
60.837799 
60.828101 
60.818403 
60.808705 
60.799006 
60.789308 
60.779610 
60.769912 
60.760213 
60.750515 
60.740817 
60.731118 
60.721420 
60.711722 
60.702024 
60.692325 
60.682627 
60.672929 
60.663231 
60.653532 
60.643834 
60.634136 
60.624437 
60.614739 
60.605041 
60.595343 
60.585644 
60.575946 
60.566248 
60.556550 
60.546851 
60.537153 
60.527455 
60.517756 
60.508058 
60.498360 
60.488662 
60.478963 
60.469265 
60.459567 
60.449869 
60.440170 
60.430472 
60.420774 
60.411075 
60.401377 
60.391679 
60.381981 
60.372282 
60.362584 
60.352886 
60.343188 
60.333489 
60.323791 
60.314093 
60.304394 
60.294696 
60.284998 
60.275300 
60.265601 
60.255903 
60.246205 
60.236507 
60.226808 
60.217110 
60.207412 
60.197713 
60.188015 
60.178317 
60.168619 
60.158920 
60.149222 
60.139524 
60.129826 
60.120127 
60.110429 
60.100731 
60.091033 
60.081334 
60.071636 
60.061938 
60.052239 
60.042541 
60.032843 
60.023145 
60.013446 
60.003748 
59.994050 
59.984352 
59.974653 
59.964955 
59.955257 
59.945558 
59.935860 
59.926162 
59.916464 
59.906765 
59.897067 
59.887369 
59.877671 
59.867972 
59.858274 
59.848576 
59.838877 
59.829179 
59.819481 
59.809783 
59.800084 
59.790386 
59.780688 
59.770990 
59.761291 
59.751593 
59.741895 
59.732196 
59.722498 
59.712800 
59.703102 
59.693403 
59.683705 
59.674007 
59.664309 
59.654610 
59.644912 
59.635214 
59.625515 
59.615817 
59.606119 
59.596421 
59.586722 
59.577024 
59.567326 
59.557628 
59.547929 
59.538231 
59.528533 
59.518834 
59.509136 
59.499438 
59.489740 
59.480041 
59.470343 
59.460645 
59.450947 
59.441248 
59.431550 
59.421852 
59.412153 
59.402455 
59.392757 
59.383059 
59.373360 
59.363662 
59.353964 
59.344266 
59.334567 
59.324869 
59.315171 
59.305472 
59.295774 
59.286076 
59.276378 
59.266679 
59.256981 
59.247283 
59.237585 
59.227886 
59.218188 
59.208490 
59.198792 
59.189093 
59.179395 
59.169697 
59.159998 
59.150300 
59.140602 
59.130904 
59.121205 
59.111507 
59.101809 
59.092111 
59.082412 
59.072714 
59.063016 
59.053317 
59.043619 
59.033921 
59.024223 
59.014524 
59.004826 
58.995128 
58.985430 
58.975731 
58.966033 
58.956335 
58.946636 
58.936938 
58.927240 
58.917542 
58.907843 
58.898145 
58.888447 
58.878749 
58.869050 
58.859352 
58.849654 
58.839955 
58.830257 
58.820559 
58.810861 
58.801162 
58.791464 
58.781766 
58.772068 
58.762369 
58.752671 
58.742973 
58.733274 
58.723576 
58.713878 
58.704180 
58.694481 
58.684783 
58.675085 
58.665387 
58.655688 
58.645990 
58.636292 
58.626593 
58.616895 
58.607197 
58.597499 
58.587800 
58.578102 
58.568404 
58.558706 
58.549007 
58.539309 
58.529611 
58.519912 
58.510214 
58.500516 
58.490818 
58.481119 
58.471421 
58.461723 
58.452025 
58.442326 
58.432628 
58.422930 
58.413231 
58.403533 
58.393835 
58.384137 
58.374438 
58.364740 
58.355042 
58.345344 
58.335645 
58.325947 
58.316249 
58.306551 
58.296852 
58.287154 
58.277456 
58.267757 
58.258059 
58.248361 
58.238663 
58.228964 
58.219266 
58.209568 
58.199870 
58.190171 
58.180473 
58.170775 
58.161076 
58.151378 
58.141680 
58.131982 
58.122283 
58.112585 
58.102887 
58.093189 
58.083490 
58.073792 
58.064094 
58.054395 
58.044697 
58.034999 
58.025301 
58.015602 
58.005904 
57.996206 
57.986508 
57.976809 
57.967111 
57.957413 
57.947714 
57.938016 
57.928318 
57.918620 
57.908921 
57.899223 
57.889525 
57.879827 
57.870128 
57.860430 
57.850732 
57.841033 
57.831335 
57.821637 
57.811939 
57.802240 
57.792542 
57.782844 
57.773146 
57.763447 
57.753749 
57.744051 
57.734352 
57.724654 
57.714956 
57.705258 
57.695559 
57.685861 
57.676163 
57.666465 
57.656766 
57.647068 
57.637370 
57.627671 
57.617973 
57.608275 
57.598577 
57.588878 
57.579180 
57.569482 
57.559784 
57.550085 
57.540387 
57.530689 
57.520990 
57.511292 
57.501594 
57.491896 
57.482197 
57.472499 
57.462801 
57.453103 
57.443404 
57.433706 
57.424008 
57.414310 
57.404611 
57.394913 
57.385215 
57.375516 
57.365818 
57.356120 
57.346422 
57.336723 
57.327025 
57.317327 
57.307629 
57.297930 
57.288232 
57.278534 
57.268835 
57.259137 
57.249439 
57.239741 
57.230042 
57.220344 
57.210646 
57.200948 
57.191249 
57.181551 
57.171853 
57.162154 
57.152456 
57.142758 
57.133060 
57.123361 
57.113663 
57.103965 
57.094267 
57.084568 
57.074870 
57.065172 
57.055473 
57.045775 
57.036077 
57.026379 
57.016680 
57.006982 
56.997284 
56.987586 
56.977887 
56.968189 
56.958491 
56.948792 
56.939094 
56.929396 
56.919698 
56.909999 
56.900301 
56.890603 
56.880905 
56.871206 
56.861508 
56.851810 
56.842111 
56.832413 
56.822715 
56.813017 
56.803318 
56.793620 
56.783922 
56.774224 
56.764525 
56.754827 
56.745129 
56.735430 
56.725732 
56.716034 
56.706336 
56.696637 
56.686939 
56.677241 
56.667543 
56.657844 
56.648146 
56.638448 
56.628749 
56.619051 
56.609353 
56.599655 
56.589956 
56.580258 
56.570560 
56.560862 
56.551163 
56.541465 
56.531767 
56.522069 
56.512370 
56.502672 
56.492974 
56.483275 
56.473577 
56.463879 
56.454181 
56.444482 
56.434784 
56.425086 
56.415388 
56.405689 
56.395991 
56.386293 
56.376594 
56.366896 
56.357198 
56.347500 
56.337801 
56.328103 
56.318405 
56.308707 
56.299008 
56.289310 
56.279612 
56.269913 
56.260215 
56.250517 
56.240819 
56.231120 
56.221422 
56.211724 
56.202026 
56.192327 
56.182629 
56.172931 
56.163232 
56.153534 
56.143836 
56.134138 
56.124439 
56.114741 
56.105043 
56.095345 
56.085646 
56.075948 
56.066250 
56.056551 
56.046853 
56.037155 
56.027457 
56.017758 
56.008060 
55.998362 
55.988664 
55.978965 
55.969267 
55.959569 
55.949870 
55.940172 
55.930474 
55.920776 
55.911077 
55.901379 
55.891681 
55.881983 
55.872284 
55.862586 
55.852888 
55.843189 
55.833491 
55.823793 
55.814095 
55.804396 
55.794698 
55.785000 
55.775302 
55.765603 
55.755905 
55.746207 
55.736508 
55.726810 
55.717112 
55.707414 
55.697715 
55.688017 
55.678319 
55.668621 
55.658922 
55.649224 
55.639526 
55.629827 
55.620129 
55.610431 
55.600733 
55.591034 
55.581336 
55.571638 
55.561940 
55.552241 
55.542543 
55.532845 
55.523147 
55.513448 
55.503750 
55.494052 
55.484353 
55.474655 
55.464957 
55.455259 
55.445560 
55.435862 
55.426164 
55.416466 
55.406767 
55.397069 
55.387371 
55.377672 
55.367974 
55.358276 
55.348578 
55.338879 
55.329181 
55.319483 
55.309785 
55.300086 
55.290388 
55.280690 
55.270991 
55.261293 
55.251595 
55.241897 
55.232198 
55.222500 
55.212802 
55.203104 
55.193405 
55.183707 
55.174009 
55.164310 
55.154612 
55.144914 
55.135216 
55.125517 
55.115819 
55.106121 
55.096423 
55.086724 
55.077026 
55.067328 
55.057629 
55.047931 
55.038233 
55.028535 
55.018836 
55.009138 
54.999440 
54.989742 
54.980043 
54.970345 
54.960647 
54.950948 
54.941250 
54.931552 
54.921854 
54.912155 
54.902457 
54.892759 
54.883061 
54.873362 
54.863664 
54.853966 
54.844267 
54.834569 
54.824871 
54.815173 
54.805474 
54.795776 
54.786078 
54.776380 
54.766681 
54.756983 
54.747285 
54.737586 
54.727888 
54.718190 
54.708492 
54.698793 
54.689095 
54.679397 
54.669699 
54.660000 
54.650302 
54.640604 
54.630906 
54.621207 
54.611509 
54.601811 
54.592112 
54.582414 
54.572716 
54.563018 
54.553319 
54.543621 
54.533923 
54.524225 
54.514526 
54.504828 
54.495130 
54.485431 
54.475733 
54.466035 
54.456337 
54.446638 
54.436940 
54.427242 
54.417544 
54.407845 
54.398147 
54.388449 
54.378750 
54.369052 
54.359354 
54.349656 
54.339957 
54.330259 
54.320561 
54.310863 
54.301164 
54.291466 
54.281768 
54.272069 
54.262371 
54.252673 
54.242975 
54.233276 
54.223578 
54.213880 
54.204182 
54.194483 
54.184785 
54.175087 
54.165388 
54.155690 
54.145992 
54.136294 
54.126595 
54.116897 
54.107199 
54.097501 
54.087802 
54.078104 
54.068406 
54.058707 
54.049009 
54.039311 
54.029613 
54.019914 
54.010216 
54.000518 
53.990820 
53.981121 
53.971423 
53.961725 
53.952026 
53.942328 
53.932630 
53.922932 
53.913233 
53.903535 
53.893837 
53.884139 
53.874440 
53.864742 
53.855044 
53.845345 
53.835647 
53.825949 
53.816251 
53.806552 
53.796854 
53.787156 
53.777458 
53.767759 
53.758061 
53.748363 
53.738665 
53.728966 
53.719268 
53.709570 
53.699871 
53.690173 
53.680475 
53.670777 
53.661078 
53.651380 
53.641682 
53.631984 
53.622285 
53.612587 
53.602889 
53.593190 
53.583492 
53.573794 
53.564096 
53.554397 
53.544699 
53.535001 
53.525303 
53.515604 
53.505906 
53.496208 
53.486509 
53.476811 
53.467113 
53.457415 
53.447716 
53.438018 
53.428320 
53.418622 
53.408923 
53.399225 
53.389527 
53.379828 
53.370130 
53.360432 
53.350734 
53.341035 
53.331337 
53.321639 
53.311941 
53.302242 
53.292544 
53.282846 
53.273147 
53.263449 
53.253751 
53.244053 
53.234354 
53.224656 
53.214958 
53.205260 
53.195561 
53.185863 
53.176165 
53.166466 
53.156768 
53.147070 
53.137372 
53.127673 
53.117975 
53.108277 
53.098579 
53.088880 
53.079182 
53.069484 
53.059785 
53.050087 
53.040389 
53.030691 
53.020992 
53.011294 
53.001596 
52.991898 
52.982199 
52.972501 
52.962803 
52.953104 
52.943406 
52.933708 
52.924010 
52.914311 
52.904613 
52.894915 
52.885217 
52.875518 
52.865820 
52.856122 
52.846424 
52.836725 
52.827027 
52.817329 
52.807630 
52.797932 
52.788234 
52.778536 
52.768837 
52.759139 
52.749441 
52.739743 
52.730044 
52.720346 
52.710648 
52.700949 
52.691251 
52.681553 
52.671855 
52.662156 
52.652458 
52.642760 
52.633062 
52.623363 
52.613665 
52.603967 
52.594268 
52.584570 
52.574872 
52.565174 
52.555475 
52.545777 
52.536079 
52.526381 
52.516682 
52.506984 
52.497286 
52.487587 
52.477889 
52.468191 
52.458493 
52.448794 
52.439096 
52.429398 
52.419700 
52.410001 
52.400303 
52.390605 
52.380906 
52.371208 
52.361510 
52.351812 
52.342113 
52.332415 
52.322717 
52.313019 
52.303320 
52.293622 
52.283924 
52.274225 
52.264527 
52.254829 
52.245131 
52.235432 
52.225734 
52.216036 
52.206338 
52.196639 
52.186941 
52.177243 
52.167544 
52.157846 
52.148148 
52.138450 
52.128751 
52.119053 
52.109355 
52.099657 
52.089958 
52.080260 
52.070562 
52.060863 
52.051165 
52.041467 
52.031769 
52.022070 
52.012372 
52.002674 
51.992976 
51.983277 
51.973579 
51.963881 
51.954183 
51.944484 
51.934786 
51.925088 
51.915389 
51.905691 
51.895993 
51.886295 
51.876596 
51.866898 
51.857200 
51.847502 
51.837803 
51.828105 
51.818407 
51.808708 
51.799010 
51.789312 
51.779614 
51.769915 
51.760217 
51.750519 
51.740821 
51.731122 
51.721424 
51.711726 
51.702027 
51.692329 
51.682631 
51.672933 
51.663234 
51.653536 
51.643838 
51.634140 
51.624441 
51.614743 
51.605045 
51.595346 
51.585648 
51.575950 
51.566252 
51.556553 
51.546855 
51.537157 
51.527459 
51.517760 
51.508062 
51.498364 
51.488665 
51.478967 
51.469269 
51.459571 
51.449872 
51.440174 
51.430476 
51.420778 
51.411079 
51.401381 
51.391683 
51.381984 
51.372286 
51.362588 
51.352890 
51.343191 
51.333493 
51.323795 
51.314097 
51.304398 
51.294700 
51.285002 
51.275303 
51.265605 
51.255907 
51.246209 
51.236510 
51.226812 
51.217114 
51.207416 
51.197717 
51.188019 
51.178321 
51.168622 
51.158924 
51.149226 
51.139528 
51.129829 
51.120131 
51.110433 
51.100735 
51.091036 
51.081338 
51.071640 
51.061942 
51.052243 
51.042545 
51.032847 
51.023148 
51.013450 
51.003752 
50.994054 
50.984355 
50.974657 
50.964959 
50.955261 
50.945562 
50.935864 
50.926166 
50.916467 
50.906769 
50.897071 
50.887373 
50.877674 
50.867976 
50.858278 
50.848580 
50.838881 
50.829183 
50.819485 
50.809786 
50.800088 
50.790390 
50.780692 
50.770993 
50.761295 
50.751597 
50.741899 
50.732200 
50.722502 
50.712804 
50.703105 
50.693407 
50.683709 
50.674011 
50.664312 
50.654614 
50.644916 
50.635218 
50.625519 
50.615821 
50.606123 
50.596424 
50.586726 
50.577028 
50.567330 
50.557631 
50.547933 
50.538235 
50.528537 
50.518838 
50.509140 
50.499442 
50.489743 
50.480045 
50.470347 
50.460649 
50.450950 
50.441252 
50.431554 
50.421856 
50.412157 
50.402459 
50.392761 
50.383062 
50.373364 
50.363666 
50.353968 
50.344269 
50.334571 
50.324873 
50.315175 
50.305476 
50.295778 
50.286080 
50.276381 
50.266683 
50.256985 
50.247287 
50.237588 
50.227890 
50.218192 
50.208494 
50.198795 
50.189097 
50.179399 
50.169701 
50.160002 
50.150304 
50.140606 
50.130907 
50.121209 
50.111511 
50.101813 
50.092114 
50.082416 
50.072718 
50.063020 
50.053321 
50.043623 
50.033925 
50.024226 
50.014528 
50.004830 
49.995132 
49.985433 
49.975735 
49.966037 
49.956339 
49.946640 
49.936942 
49.927244 
49.917545 
49.907847 
49.898149 
49.888451 
49.878752 
49.869054 
49.859356 
49.849658 
49.839959 
49.830261 
49.820563 
49.810864 
49.801166 
49.791468 
49.781770 
49.772071 
49.762373 
49.752675 
49.742977 
49.733278 
49.723580 
49.713882 
49.704183 
49.694485 
49.684787 
49.675089 
49.665390 
49.655692 
49.645994 
49.636296 
49.626597 
49.616899 
49.607201 
49.597502 
49.587804 
49.578106 
49.568408 
49.558709 
49.549011 
49.539313 
49.529615 
49.519916 
49.510218 
49.500520 
49.490821 
49.481123 
49.471425 
49.461727 
49.452028 
49.442330 
49.432632 
49.422934 
49.413235 
49.403537 
49.393839 
49.384140 
49.374442 
49.364744 
49.355046 
49.345347 
49.335649 
49.325951 
49.316253 
49.306554 
49.296856 
49.287158 
49.277460 
49.267761 
49.258063 
49.248365 
49.238666 
49.228968 
49.219270 
49.209572 
49.199873 
49.190175 
49.180477 
49.170779 
49.161080 
49.151382 
49.141684 
49.131985 
49.122287 
49.112589 
49.102891 
49.093192 
49.083494 
49.073796 
49.064098 
49.054399 
49.044701 
49.035003 
49.025304 
49.015606 
49.005908 
48.996210 
48.986511 
48.976813 
48.967115 
48.957417 
48.947718 
48.938020 
48.928322 
48.918623 
48.908925 
48.899227 
48.889529 
48.879830 
48.870132 
48.860434 
48.850736 
48.841037 
48.831339 
48.821641 
48.811942 
48.802244 
48.792546 
48.782848 
48.773149 
48.763451 
48.753753 
48.744055 
48.734356 
48.724658 
48.714960 
48.705261 
48.695563 
48.685865 
48.676167 
48.666468 
48.656770 
48.647072 
48.637374 
48.627675 
48.617977 
48.608279 
48.598580 
48.588882 
48.579184 
48.569486 
48.559787 
48.550089 
48.540391 
48.530693 
48.520994 
48.511296 
48.501598 
48.491899 
48.482201 
48.472503 
48.462805 
48.453106 
48.443408 
48.433710 
48.424012 
48.414313 
48.404615 
48.394917 
48.385219 
48.375520 
48.365822 
48.356124 
48.346425 
48.336727 
48.327029 
48.317331 
48.307632 
48.297934 
48.288236 
48.278538 
48.268839 
48.259141 
48.249443 
48.239744 
48.230046 
48.220348 
48.210650 
48.200951 
48.191253 
48.181555 
48.171857 
48.162158 
48.152460 
48.142762 
48.133063 
48.123365 
48.113667 
48.103969 
48.094270 
48.084572 
48.074874 
48.065176 
48.055477 
48.045779 
48.036081 
48.026382 
48.016684 
48.006986 
47.997288 
47.987589 
47.977891 
47.968193 
47.958495 
47.948796 
47.939098 
47.929400 
47.919701 
47.910003 
47.900305 
47.890607 
47.880908 
47.871210 
47.861512 
47.851814 
47.842115 
47.832417 
47.822719 
47.813020 
47.803322 
47.793624 
47.783926 
47.774227 
47.764529 
47.754831 
47.745133 
47.735434 
47.725736 
47.716038 
47.706339 
47.696641 
47.686943 
47.677245 
47.667546 
47.657848 
47.648150 
47.638452 
47.628753 
47.619055 
47.609357 
47.599658 
47.589960 
47.580262 
47.570564 
47.560865 
47.551167 
47.541469 
47.531771 
47.522072 
47.512374 
47.502676 
47.492977 
47.483279 
47.473581 
47.463883 
47.454184 
47.444486 
47.434788 
47.425090 
47.415391 
47.405693 
47.395995 
47.386297 
47.376598 
47.366900 
47.357202 
47.347503 
47.337805 
47.328107 
47.318409 
47.308710 
47.299012 
47.289314 
47.279616 
47.269917 
47.260219 
47.250521 
47.240822 
47.231124 
47.221426 
47.211728 
47.202029 
47.192331 
47.182633 
47.172935 
47.163236 
47.153538 
47.143840 
47.134141 
47.124443 
47.114745 
47.105047 
47.095348 
47.085650 
47.075952 
47.066254 
47.056555 
47.046857 
47.037159 
47.027460 
47.017762 
47.008064 
46.998366 
46.988667 
46.978969 
46.969271 
46.959573 
46.949874 
46.940176 
46.930478 
46.920779 
46.911081 
46.901383 
46.891685 
46.881986 
46.872288 
46.862590 
46.852892 
46.843193 
46.833495 
46.823797 
46.814098 
46.804400 
46.794702 
46.785004 
46.775305 
46.765607 
46.755909 
46.746211 
46.736512 
46.726814 
46.717116 
46.707417 
46.697719 
46.688021 
46.678323 
46.668624 
46.658926 
46.649228 
46.639530 
46.629831 
46.620133 
46.610435 
46.600736 
46.591038 
46.581340 
46.571642 
46.561943 
46.552245 
46.542547 
46.532849 
46.523150 
46.513452 
46.503754 
46.494056 
46.484357 
46.474659 
46.464961 
46.455262 
46.445564 
46.435866 
46.426168 
46.416469 
46.406771 
46.397073 
46.387375 
46.377676 
46.367978 
46.358280 
46.348581 
46.338883 
46.329185 
46.319487 
46.309788 
46.300090 
46.290392 
46.280694 
46.270995 
46.261297 
46.251599 
46.241900 
46.232202 
46.222504 
46.212806 
46.203107 
46.193409 
46.183711 
46.174013 
46.164314 
46.154616 
46.144918 
46.135219 
46.125521 
46.115823 
46.106125 
46.096426 
46.086728 
46.077030 
46.067332 
46.057633 
46.047935 
46.038237 
46.028538 
46.018840 
46.009142 
45.999444 
45.989745 
45.980047 
45.970349 
45.960651 
45.950952 
45.941254 
45.931556 
45.921857 
45.912159 
45.902461 
45.892763 
45.883064 
45.873366 
45.863668 
45.853970 
45.844271 
45.834573 
45.824875 
45.815176 
45.805478 
45.795780 
45.786082 
45.776383 
45.766685 
45.756987 
45.747289 
45.737590 
45.727892 
45.718194 
45.708495 
45.698797 
45.689099 
45.679401 
45.669702 
45.660004 
45.650306 
45.640608 
45.630909 
45.621211 
45.611513 
45.601815 
45.592116 
45.582418 
45.572720 
45.563021 
45.553323 
45.543625 
45.533927 
45.524228 
45.514530 
45.504832 
45.495134 
45.485435 
45.475737 
45.466039 
45.456340 
45.446642 
45.436944 
45.427246 
45.417547 
45.407849 
45.398151 
45.388453 
45.378754 
45.369056 
45.359358 
45.349659 
45.339961 
45.330263 
45.320565 
45.310866 
45.301168 
45.291470 
45.281772 
45.272073 
45.262375 
45.252677 
45.242978 
45.233280 
45.223582 
45.213884 
45.204185 
45.194487 
45.184789 
45.175091 
45.165392 
45.155694 
45.145996 
45.136297 
45.126599 
45.116901 
45.107203 
45.097504 
45.087806 
45.078108 
45.068410 
45.058711 
45.049013 
45.039315 
45.029616 
45.019918 
45.010220 
45.000522 
44.990823 
44.981125 
44.971427 
44.961729 
44.952030 
44.942332 
44.932634 
44.922935 
44.913237 
44.903539 
44.893841 
44.884142 
44.874444 
44.864746 
44.855048 
44.845349 
44.835651 
44.825953 
44.816254 
44.806556 
44.796858 
44.787160 
44.777461 
44.767763 
44.758065 
44.748367 
44.738668 
44.728970 
44.719272 
44.709574 
44.699875 
44.690177 
44.680479 
44.670780 
44.661082 
44.651384 
44.641686 
44.631987 
44.622289 
44.612591 
44.602893 
44.593194 
44.583496 
44.573798 
44.564099 
44.554401 
44.544703 
44.535005 
44.525306 
44.515608 
44.505910 
44.496212 
44.486513 
44.476815 
44.467117 
44.457418 
44.447720 
44.438022 
44.428324 
44.418625 
44.408927 
44.399229 
44.389531 
44.379832 
44.370134 
44.360436 
44.350737 
44.341039 
44.331341 
44.321643 
44.311944 
44.302246 
44.292548 
44.282850 
44.273151 
44.263453 
44.253755 
44.244056 
44.234358 
44.224660 
44.214962 
44.205263 
44.195565 
44.185867 
44.176169 
44.166470 
44.156772 
44.147074 
44.137375 
44.127677 
44.117979 
44.108281 
44.098582 
44.088884 
44.079186 
44.069488 
44.059789 
44.050091 
44.040393 
44.030694 
44.020996 
44.011298 
44.001600 
43.991901 
43.982203 
43.972505 
43.962807 
43.953108 
43.943410 
43.933712 
43.924013 
43.914315 
43.904617 
43.894919 
43.885220 
43.875522 
43.865824 
43.856126 
43.846427 
43.836729 
43.827031 
43.817333 
43.807634 
43.797936 
43.788238 
43.778539 
43.768841 
43.759143 
43.749445 
43.739746 
43.730048 
43.720350 
43.710652 
43.700953 
43.691255 
43.681557 
43.671858 
43.662160 
43.652462 
43.642764 
43.633065 
43.623367 
43.613669 
43.603971 
43.594272 
43.584574 
43.574876 
43.565177 
43.555479 
43.545781 
43.536083 
43.526384 
43.516686 
43.506988 
43.497290 
43.487591 
43.477893 
43.468195 
43.458496 
43.448798 
43.439100 
43.429402 
43.419703 
43.410005 
43.400307 
43.390609 
43.380910 
43.371212 
43.361514 
43.351815 
43.342117 
43.332419 
43.322721 
43.313022 
43.303324 
43.293626 
43.283928 
43.274229 
43.264531 
43.254833 
43.245134 
43.235436 
43.225738 
43.216040 
43.206341 
43.196643 
43.186945 
43.177247 
43.167548 
43.157850 
43.148152 
43.138453 
43.128755 
43.119057 
43.109359 
43.099660 
43.089962 
43.080264 
43.070566 
43.060867 
43.051169 
43.041471 
43.031772 
43.022074 
43.012376 
43.002678 
42.992979 
42.983281 
42.973583 
42.963885 
42.954186 
42.944488 
42.934790 
42.925092 
42.915393 
42.905695 
42.895997 
42.886298 
42.876600 
42.866902 
42.857204 
42.847505 
42.837807 
42.828109 
42.818411 
42.808712 
42.799014 
42.789316 
42.779617 
42.769919 
42.760221 
42.750523 
42.740824 
42.731126 
42.721428 
42.711730 
42.702031 
42.692333 
42.682635 
42.672936 
42.663238 
42.653540 
42.643842 
42.634143 
42.624445 
42.614747 
42.605049 
42.595350 
42.585652 
42.575954 
42.566255 
42.556557 
42.546859 
42.537161 
42.527462 
42.517764 
42.508066 
42.498368 
42.488669 
42.478971 
42.469273 
42.459574 
42.449876 
42.440178 
42.430480 
42.420781 
42.411083 
42.401385 
42.391687 
42.381988 
42.372290 
42.362592 
42.352893 
42.343195 
42.333497 
42.323799 
42.314100 
42.304402 
42.294704 
42.285006 
42.275307 
42.265609 
42.255911 
42.246212 
42.236514 
42.226816 
42.217118 
42.207419 
42.197721 
42.188023 
42.178325 
42.168626 
42.158928 
42.149230 
42.139531 
42.129833 
42.120135 
42.110437 
42.100738 
42.091040 
42.081342 
42.071644 
42.061945 
42.052247 
42.042549 
42.032851 
42.023152 
42.013454 
42.003756 
41.994057 
41.984359 
41.974661 
41.964963 
41.955264 
41.945566 
41.935868 
41.926170 
41.916471 
41.906773 
41.897075 
41.887376 
41.877678 
41.867980 
41.858282 
41.848583 
41.838885 
41.829187 
41.819489 
41.809790 
41.800092 
41.790394 
41.780695 
41.770997 
41.761299 
41.751601 
41.741902 
41.732204 
41.722506 
41.712808 
41.703109 
41.693411 
41.683713 
41.674014 
41.664316 
41.654618 
41.644920 
41.635221 
41.625523 
41.615825 
41.606127 
41.596428 
41.586730 
41.577032 
41.567333 
41.557635 
41.547937 
41.538239 
41.528540 
41.518842 
41.509144 
41.499446 
41.489747 
41.480049 
41.470351 
41.460652 
41.450954 
41.441256 
41.431558 
41.421859 
41.412161 
41.402463 
41.392765 
41.383066 
41.373368 
41.363670 
41.353971 
41.344273 
41.334575 
41.324877 
41.315178 
41.305480 
41.295782 
41.286084 
41.276385 
41.266687 
41.256989 
41.247290 
41.237592 
41.227894 
41.218196 
41.208497 
41.198799 
41.189101 
41.179403 
41.169704 
41.160006 
41.150308 
41.140610 
41.130911 
41.121213 
41.111515 
41.101816 
41.092118 
41.082420 
41.072722 
41.063023 
41.053325 
41.043627 
41.033929 
41.024230 
41.014532 
41.004834 
40.995135 
40.985437 
40.975739 
40.966041 
40.956342 
40.946644 
40.936946 
40.927248 
40.917549 
40.907851 
40.898153 
40.888454 
40.878756 
40.869058 
40.859360 
40.849661 
40.839963 
40.830265 
40.820567 
40.810868 
40.801170 
40.791472 
40.781773 
40.772075 
40.762377 
40.752679 
40.742980 
40.733282 
40.723584 
40.713886 
40.704187 
40.694489 
40.684791 
40.675092 
40.665394 
40.655696 
40.645998 
40.636299 
40.626601 
40.616903 
40.607205 
40.597506 
40.587808 
40.578110 
40.568411 
40.558713 
40.549015 
40.539317 
40.529618 
40.519920 
40.510222 
40.500524 
40.490825 
40.481127 
40.471429 
40.461730 
40.452032 
40.442334 
40.432636 
40.422937 
40.413239 
40.403541 
40.393843 
40.384144 
40.374446 
40.364748 
40.355049 
40.345351 
40.335653 
40.325955 
40.316256 
40.306558 
40.296860 
40.287162 
40.277463 
40.267765 
40.258067 
40.248369 
40.238670 
40.228972 
40.219274 
40.209575 
40.199877 
40.190179 
40.180481 
40.170782 
40.161084 
40.151386 
40.141688 
40.131989 
40.122291 
40.112593 
40.102894 
40.093196 
40.083498 
40.073800 
40.064101 
40.054403 
40.044705 
40.035007 
40.025308 
40.015610 
40.005912 
39.996213 
39.986515 
39.976817 
39.967119 
39.957420 
39.947722 
39.938024 
39.928326 
39.918627 
39.908929 
39.899231 
39.889532 
39.879834 
39.870136 
39.860438 
39.850739 
39.841041 
39.831343 
39.821645 
39.811946 
39.802248 
39.792550 
39.782851 
39.773153 
39.763455 
39.753757 
39.744058 
39.734360 
39.724662 
39.714964 
39.705265 
39.695567 
39.685869 
39.676170 
39.666472 
39.656774 
39.647076 
39.637377 
39.627679 
39.617981 
39.608283 
39.598584 
39.588886 
39.579188 
39.569489 
39.559791 
39.550093 
39.540395 
39.530696 
39.520998 
39.511300 
39.501602 
39.491903 
39.482205 
39.472507 
39.462808 
39.453110 
39.443412 
39.433714 
39.424015 
39.414317 
39.404619 
39.394921 
39.385222 
39.375524 
39.365826 
39.356128 
39.346429 
39.336731 
39.327033 
39.317334 
39.307636 
39.297938 
39.288240 
39.278541 
39.268843 
39.259145 
39.249447 
39.239748 
39.230050 
39.220352 
39.210653 
39.200955 
39.191257 
39.181559 
39.171860 
39.162162 
39.152464 
39.142766 
39.133067 
39.123369 
39.113671 
39.103972 
39.094274 
39.084576 
39.074878 
39.065179 
39.055481 
39.045783 
39.036085 
39.026386 
39.016688 
39.006990 
38.997291 
38.987593 
38.977895 
38.968197 
38.958498 
38.948800 
38.939102 
38.929404 
38.919705 
38.910007 
38.900309 
38.890610 
38.880912 
38.871214 
38.861516 
38.851817 
38.842119 
38.832421 
38.822723 
38.813024 
38.803326 
38.793628 
38.783929 
38.774231 
38.764533 
38.754835 
38.745136 
38.735438 
38.725740 
38.716042 
38.706343 
38.696645 
38.686947 
38.677248 
38.667550 
38.657852 
38.648154 
38.638455 
38.628757 
38.619059 
38.609361 
38.599662 
38.589964 
38.580266 
38.570567 
38.560869 
38.551171 
38.541473 
38.531774 
38.522076 
38.512378 
38.502680 
38.492981 
38.483283 
38.473585 
38.463886 
38.454188 
38.444490 
38.434792 
38.425093 
38.415395 
38.405697 
38.395999 
38.386300 
38.376602 
38.366904 
38.357206 
38.347507 
38.337809 
38.328111 
38.318412 
38.308714 
38.299016 
38.289318 
38.279619 
38.269921 
38.260223 
38.250525 
38.240826 
38.231128 
38.221430 
38.211731 
38.202033 
38.192335 
38.182637 
38.172938 
38.163240 
38.153542 
38.143844 
38.134145 
38.124447 
38.114749 
38.105050 
38.095352 
38.085654 
38.075956 
38.066257 
38.056559 
38.046861 
38.037163 
38.027464 
38.017766 
38.008068 
37.998369 
37.988671 
37.978973 
37.969275 
37.959576 
37.949878 
37.940180 
37.930482 
37.920783 
37.911085 
37.901387 
37.891688 
37.881990 
37.872292 
37.862594 
37.852895 
37.843197 
37.833499 
37.823801 
37.814102 
37.804404 
37.794706 
37.785007 
37.775309 
37.765611 
37.755913 
37.746214 
37.736516 
37.726818 
37.717120 
37.707421 
37.697723 
37.688025 
37.678326 
37.668628 
37.658930 
37.649232 
37.639533 
37.629835 
37.620137 
37.610439 
37.600740 
37.591042 
37.581344 
37.571645 
37.561947 
37.552249 
37.542551 
37.532852 
37.523154 
37.513456 
37.503758 
37.494059 
37.484361 
37.474663 
37.464965 
37.455266 
37.445568 
37.435870 
37.426171 
37.416473 
37.406775 
37.397077 
37.387378 
37.377680 
37.367982 
37.358284 
37.348585 
37.338887 
37.329189 
37.319490 
37.309792 
37.300094 
37.290396 
37.280697 
37.270999 
37.261301 
37.251603 
37.241904 
37.232206 
37.222508 
37.212809 
37.203111 
37.193413 
37.183715 
37.174016 
37.164318 
37.154620 
37.144922 
37.135223 
37.125525 
37.115827 
37.106128 
37.096430 
37.086732 
37.077034 
37.067335 
37.057637 
37.047939 
37.038241 
37.028542 
37.018844 
37.009146 
36.999447 
36.989749 
36.980051 
36.970353 
36.960654 
36.950956 
36.941258 
36.931560 
36.921861 
36.912163 
36.902465 
36.892766 
36.883068 
36.873370 
36.863672 
36.853973 
36.844275 
36.834577 
36.824879 
36.815180 
36.805482 
36.795784 
36.786085 
36.776387 
36.766689 
36.756991 
36.747292 
36.737594 
36.727896 
36.718198 
36.708499 
36.698801 
36.689103 
36.679404 
36.669706 
36.660008 
36.650310 
36.640611 
36.630913 
36.621215 
36.611517 
36.601818 
36.592120 
36.582422 
36.572724 
36.563025 
36.553327 
36.543629 
36.533930 
36.524232 
36.514534 
36.504836 
36.495137 
36.485439 
36.475741 
36.466043 
36.456344 
36.446646 
36.436948 
36.427249 
36.417551 
36.407853 
36.398155 
36.388456 
36.378758 
36.369060 
36.359362 
36.349663 
36.339965 
36.330267 
36.320568 
36.310870 
36.301172 
36.291474 
36.281775 
36.272077 
36.262379 
36.252681 
36.242982 
36.233284 
36.223586 
36.213887 
36.204189 
36.194491 
36.184793 
36.175094 
36.165396 
36.155698 
36.146000 
36.136301 
36.126603 
36.116905 
36.107206 
36.097508 
36.087810 
36.078112 
36.068413 
36.058715 
36.049017 
36.039319 
36.029620 
36.019922 
36.010224 
36.000525 
35.990827 
35.981129 
35.971431 
35.961732 
35.952034 
35.942336 
35.932638 
35.922939 
35.913241 
35.903543 
35.893844 
35.884146 
35.874448 
35.864750 
35.855051 
35.845353 
35.835655 
35.825957 
35.816258 
35.806560 
35.796862 
35.787163 
35.777465 
35.767767 
35.758069 
35.748370 
35.738672 
35.728974 
35.719276 
35.709577 
35.699879 
35.690181 
35.680483 
35.670784 
35.661086 
35.651388 
35.641689 
35.631991 
35.622293 
35.612595 
35.602896 
35.593198 
35.583500 
35.573802 
35.564103 
35.554405 
35.544707 
35.535008 
35.525310 
35.515612 
35.505914 
35.496215 
35.486517 
35.476819 
35.467121 
35.457422 
35.447724 
35.438026 
35.428327 
35.418629 
35.408931 
35.399233 
35.389534 
35.379836 
35.370138 
35.360440 
35.350741 
35.341043 
35.331345 
35.321646 
35.311948 
35.302250 
35.292552 
35.282853 
35.273155 
35.263457 
35.253759 
35.244060 
35.234362 
35.224664 
35.214965 
35.205267 
35.195569 
35.185871 
35.176172 
35.166474 
35.156776 
35.147078 
35.137379 
35.127681 
35.117983 
35.108284 
35.098586 
35.088888 
35.079190 
35.069491 
35.059793 
35.050095 
35.040397 
35.030698 
35.021000 
35.011302 
35.001603 
34.991905 
34.982207 
34.972509 
34.962810 
34.953112 
34.943414 
34.933716 
34.924017 
34.914319 
34.904621 
34.894922 
34.885224 
34.875526 
34.865828 
34.856129 
34.846431 
34.836733 
34.827035 
34.817336 
34.807638 
34.797940 
34.788242 
34.778543 
34.768845 
34.759147 
34.749448 
34.739750 
34.730052 
34.720354 
34.710655 
34.700957 
34.691259 
34.681561 
34.671862 
34.662164 
34.652466 
34.642767 
34.633069 
34.623371 
34.613673 
34.603974 
34.594276 
34.584578 
34.574880 
34.565181 
34.555483 
34.545785 
34.536086 
34.526388 
34.516690 
34.506992 
34.497293 
34.487595 
34.477897 
34.468199 
34.458500 
34.448802 
34.439104 
34.429405 
34.419707 
34.410009 
34.400311 
34.390612 
34.380914 
34.371216 
34.361518 
34.351819 
34.342121 
34.332423 
34.322724 
34.313026 
34.303328 
34.293630 
34.283931 
34.274233 
34.264535 
34.254837 
34.245138 
34.235440 
34.225742 
34.216043 
34.206345 
34.196647 
34.186949 
34.177250 
34.167552 
34.157854 
34.148156 
34.138457 
34.128759 
34.119061 
34.109362 
34.099664 
34.089966 
34.080268 
34.070569 
34.060871 
34.051173 
34.041475 
34.031776 
34.022078 
34.012380 
34.002681 
33.992983 
33.983285 
33.973587 
33.963888 
33.954190 
33.944492 
33.934794 
33.925095 
33.915397 
33.905699 
33.896001 
33.886302 
33.876604 
33.866906 
33.857207 
33.847509 
33.837811 
33.828113 
33.818414 
33.808716 
33.799018 
33.789320 
33.779621 
33.769923 
33.760225 
33.750526 
33.740828 
33.731130 
33.721432 
33.711733 
33.702035 
33.692337 
33.682639 
33.672940 
33.663242 
33.653544 
33.643845 
33.634147 
33.624449 
33.614751 
33.605052 
33.595354 
33.585656 
33.575958 
33.566259 
33.556561 
33.546863 
33.537164 
33.527466 
33.517768 
33.508070 
33.498371 
33.488673 
33.478975 
33.469277 
33.459578 
33.449880 
33.440182 
33.430483 
33.420785 
33.411087 
33.401389 
33.391690 
33.381992 
33.372294 
33.362596 
33.352897 
33.343199 
33.333501 
33.323802 
33.314104 
33.304406 
33.294708 
33.285009 
33.275311 
33.265613 
33.255915 
33.246216 
33.236518 
33.226820 
33.217121 
33.207423 
33.197725 
33.188027 
33.178328 
33.168630 
33.158932 
33.149234 
33.139535 
33.129837 
33.120139 
33.110440 
33.100742 
33.091044 
33.081346 
33.071647 
33.061949 
33.052251 
33.042553 
33.032854 
33.023156 
33.013458 
33.003760 
32.994061 
32.984363 
32.974665 
32.964966 
32.955268 
32.945570 
32.935872 
32.926173 
32.916475 
32.906777 
32.897079 
32.887380 
32.877682 
32.867984 
32.858285 
32.848587 
32.838889 
32.829191 
32.819492 
32.809794 
32.800096 
32.790398 
32.780699 
32.771001 
32.761303 
32.751604 
32.741906 
32.732208 
32.722510 
32.712811 
32.703113 
32.693415 
32.683717 
32.674018 
32.664320 
32.654622 
32.644923 
32.635225 
32.625527 
32.615829 
32.606130 
32.596432 
32.586734 
32.577036 
32.567337 
32.557639 
32.547941 
32.538242 
32.528544 
32.518846 
32.509148 
32.499449 
32.489751 
32.480053 
32.470355 
32.460656 
32.450958 
32.441260 
32.431561 
32.421863 
32.412165 
32.402467 
32.392768 
32.383070 
32.373372 
32.363674 
32.353975 
32.344277 
32.334579 
32.324880 
32.315182 
32.305484 
32.295786 
32.286087 
32.276389 
32.266691 
32.256993 
32.247294 
32.237596 
32.227898 
32.218199 
32.208501 
32.198803 
32.189105 
32.179406 
32.169708 
32.160010 
32.150312 
32.140613 
32.130915 
32.121217 
32.111519 
32.101820 
32.092122 
32.082424 
32.072725 
32.063027 
32.053329 
32.043631 
32.033932 
32.024234 
32.014536 
32.004838 
31.995139 
31.985441 
31.975743 
31.966044 
31.956346 
31.946648 
31.936950 
31.927251 
31.917553 
31.907855 
31.898157 
31.888458 
31.878760 
31.869062 
31.859363 
31.849665 
31.839967 
31.830269 
31.820570 
31.810872 
31.801174 
31.791476 
31.781777 
31.772079 
31.762381 
31.752682 
31.742984 
31.733286 
31.723588 
31.713889 
31.704191 
31.694493 
31.684795 
31.675096 
31.665398 
31.655700 
31.646001 
31.636303 
31.626605 
31.616907 
31.607208 
31.597510 
31.587812 
31.578114 
31.568415 
31.558717 
31.549019 
31.539320 
31.529622 
31.519924 
31.510226 
31.500527 
31.490829 
31.481131 
31.471433 
31.461734 
31.452036 
31.442338 
31.432639 
31.422941 
31.413243 
31.403545 
31.393846 
31.384148 
31.374450 
31.364752 
31.355053 
31.345355 
31.335657 
31.325958 
31.316260 
31.306562 
31.296864 
31.287165 
31.277467 
31.267769 
31.258071 
31.248372 
31.238674 
31.228976 
31.219278 
31.209579 
31.199881 
31.190183 
31.180484 
31.170786 
31.161088 
31.151390 
31.141691 
31.131993 
31.122295 
31.112597 
31.102898 
31.093200 
31.083502 
31.073803 
31.064105 
31.054407 
31.044709 
31.035010 
31.025312 
31.015614 
31.005916 
30.996217 
30.986519 
30.976821 
30.967122 
30.957424 
30.947726 
30.938028 
30.928329 
30.918631 
30.908933 
30.899235 
30.889536 
30.879838 
30.870140 
30.860441 
30.850743 
30.841045 
30.831347 
30.821648 
30.811950 
30.802252 
30.792554 
30.782855 
30.773157 
30.763459 
30.753760 
30.744062 
30.734364 
30.724666 
30.714967 
30.705269 
30.695571 
30.685873 
30.676174 
30.666476 
30.656778 
30.647079 
30.637381 
30.627683 
30.617985 
30.608286 
30.598588 
30.588890 
30.579192 
30.569493 
30.559795 
30.550097 
30.540398 
30.530700 
30.521002 
30.511304 
30.501605 
30.491907 
30.482209 
30.472511 
30.462812 
30.453114 
30.443416 
30.433717 
30.424019 
30.414321 
30.404623 
30.394924 
30.385226 
30.375528 
30.365830 
30.356131 
30.346433 
30.336735 
30.327036 
30.317338 
30.307640 
30.297942 
30.288243 
30.278545 
30.268847 
30.259149 
30.249450 
30.239752 
30.230054 
30.220356 
30.210657 
30.200959 
30.191261 
30.181562 
30.171864 
30.162166 
30.152468 
30.142769 
30.133071 
30.123373 
30.113675 
30.103976 
30.094278 
30.084580 
30.074881 
30.065183 
30.055485 
30.045787 
30.036088 
30.026390 
30.016692 
30.006994 
29.997295 
29.987597 
29.977899 
29.968200 
29.958502 
29.948804 
29.939106 
29.929407 
29.919709 
29.910011 
29.900313 
29.890614 
29.880916 
29.871218 
29.861519 
29.851821 
29.842123 
29.832425 
29.822726 
29.813028 
29.803330 
29.793632 
29.783933 
29.774235 
29.764537 
29.754838 
29.745140 
29.735442 
29.725744 
29.716045 
29.706347 
29.696649 
29.686951 
29.677252 
29.667554 
29.657856 
29.648157 
29.638459 
29.628761 
29.619063 
29.609364 
29.599666 
29.589968 
29.580270 
29.570571 
29.560873 
29.551175 
29.541476 
29.531778 
29.522080 
29.512382 
29.502683 
29.492985 
29.483287 
29.473589 
29.463890 
29.454192 
29.444494 
29.434795 
29.425097 
29.415399 
29.405701 
29.396002 
29.386304 
29.376606 
29.366908 
29.357209 
29.347511 
29.337813 
29.328115 
29.318416 
29.308718 
29.299020 
29.289321 
29.279623 
29.269925 
29.260227 
29.250528 
29.240830 
29.231132 
29.221434 
29.211735 
29.202037 
29.192339 
29.182640 
29.172942 
29.163244 
29.153546 
29.143847 
29.134149 
29.124451 
29.114753 
29.105054 
29.095356 
29.085658 
29.075959 
29.066261 
29.056563 
29.046865 
29.037166 
29.027468 
29.017770 
29.008072 
28.998373 
28.988675 
28.978977 
28.969278 
28.959580 
28.949882 
28.940184 
28.930485 
28.920787 
28.911089 
28.901391 
28.891692 
28.881994 
28.872296 
28.862597 
28.852899 
28.843201 
28.833503 
28.823804 
28.814106 
28.804408 
28.794710 
28.785011 
28.775313 
28.765615 
28.755916 
28.746218 
28.736520 
28.726822 
28.717123 
28.707425 
28.697727 
28.688029 
28.678330 
28.668632 
28.658934 
28.649235 
28.639537 
28.629839 
28.620141 
28.610442 
28.600744 
28.591046 
28.581348 
28.571649 
28.561951 
28.552253 
28.542554 
28.532856 
28.523158 
28.513460 
28.503761 
28.494063 
28.484365 
28.474667 
28.464968 
28.455270 
28.445572 
28.435874 
28.426175 
28.416477 
28.406779 
28.397080 
28.387382 
28.377684 
28.367986 
28.358287 
28.348589 
28.338891 
28.329193 
28.319494 
28.309796 
28.300098 
28.290399 
28.280701 
28.271003 
28.261305 
28.251606 
28.241908 
28.232210 
28.222512 
28.212813 
28.203115 
28.193417 
28.183718 
28.174020 
28.164322 
28.154624 
28.144925 
28.135227 
28.125529 
28.115831 
28.106132 
28.096434 
28.086736 
28.077037 
28.067339 
28.057641 
28.047943 
28.038244 
28.028546 
28.018848 
28.009150 
27.999451 
27.989753 
27.980055 
27.970356 
27.960658 
27.950960 
27.941262 
27.931563 
27.921865 
27.912167 
27.902469 
27.892770 
27.883072 
27.873374 
27.863675 
27.853977 
27.844279 
27.834581 
27.824882 
27.815184 
27.805486 
27.795788 
27.786089 
27.776391 
27.766693 
27.756994 
27.747296 
27.737598 
27.727900 
27.718201 
27.708503 
27.698805 
27.689107 
27.679408 
27.669710 
27.660012 
27.650313 
27.640615 
27.630917 
27.621219 
27.611520 
27.601822 
27.592124 
27.582426 
27.572727 
27.563029 
27.553331 
27.543633 
27.533934 
27.524236 
27.514538 
27.504839 
27.495141 
27.485443 
27.475745 
27.466046 
27.456348 
27.446650 
27.436952 
27.427253 
27.417555 
27.407857 
27.398158 
27.388460 
27.378762 
27.369064 
27.359365 
27.349667 
27.339969 
27.330271 
27.320572 
27.310874 
27.301176 
27.291477 
27.281779 
27.272081 
27.262383 
27.252684 
27.242986 
27.233288 
27.223590 
27.213891 
27.204193 
27.194495 
27.184796 
27.175098 
27.165400 
27.155702 
27.146003 
27.136305 
27.126607 
27.116909 
27.107210 
27.097512 
27.087814 
27.078115 
27.068417 
27.058719 
27.049021 
27.039322 
27.029624 
27.019926 
27.010228 
27.000529 
26.990831 
26.981133 
26.971434 
26.961736 
26.952038 
26.942340 
26.932641 
26.922943 
26.913245 
26.903547 
26.893848 
26.884150 
26.874452 
26.864753 
26.855055 
26.845357 
26.835659 
26.825960 
26.816262 
26.806564 
26.796866 
26.787167 
26.777469 
26.767771 
26.758072 
26.748374 
26.738676 
26.728978 
26.719279 
26.709581 
26.699883 
26.690185 
26.680486 
26.670788 
26.661090 
26.651392 
26.641693 
26.631995 
26.622297 
26.612598 
26.602900 
26.593202 
26.583504 
26.573805 
26.564107 
26.554409 
26.544711 
26.535012 
26.525314 
26.515616 
26.505917 
26.496219 
26.486521 
26.476823 
26.467124 
26.457426 
26.447728 
26.438030 
26.428331 
26.418633 
26.408935 
26.399236 
26.389538 
26.379840 
26.370142 
26.360443 
26.350745 
26.341047 
26.331349 
26.321650 
26.311952 
26.302254 
26.292555 
26.282857 
26.273159 
26.263461 
26.253762 
26.244064 
26.234366 
26.224668 
26.214969 
26.205271 
26.195573 
26.185874 
26.176176 
26.166478 
26.156780 
26.147081 
26.137383 
26.127685 
26.117987 
26.108288 
26.098590 
26.088892 
26.079193 
26.069495 
26.059797 
26.050099 
26.040400 
26.030702 
26.021004 
26.011306 
26.001607 
25.991909 
25.982211 
25.972512 
25.962814 
25.953116 
25.943418 
25.933719 
25.924021 
25.914323 
25.904625 
25.894926 
25.885228 
25.875530 
25.865831 
25.856133 
25.846435 
25.836737 
25.827038 
25.817340 
25.807642 
25.797944 
25.788245 
25.778547 
25.768849 
25.759151 
25.749452 
25.739754 
25.730056 
25.720357 
25.710659 
25.700961 
25.691263 
25.681564 
25.671866 
25.662168 
25.652470 
25.642771 
25.633073 
25.623375 
25.613676 
25.603978 
25.594280 
25.584582 
25.574883 
25.565185 
25.555487 
25.545789 
25.536090 
25.526392 
25.516694 
25.506995 
25.497297 
25.487599 
25.477901 
25.468202 
25.458504 
25.448806 
25.439108 
25.429409 
25.419711 
25.410013 
25.400314 
25.390616 
25.380918 
25.371220 
25.361521 
25.351823 
25.342125 
25.332427 
25.322728 
25.313030 
25.303332 
25.293633 
25.283935 
25.274237 
25.264539 
25.254840 
25.245142 
25.235444 
25.225746 
25.216047 
25.206349 
25.196651 
25.186952 
25.177254 
25.167556 
25.157858 
25.148159 
25.138461 
25.128763 
25.119065 
25.109366 
25.099668 
25.089970 
25.080271 
25.070573 
25.060875 
25.051177 
25.041478 
25.031780 
25.022082 
25.012384 
25.002685 
24.992987 
24.983289 
24.973590 
24.963892 
24.954194 
24.944496 
24.934797 
24.925099 
24.915401 
24.905703 
24.896004 
24.886306 
24.876608 
24.866910 
24.857211 
24.847513 
24.837815 
24.828116 
24.818418 
24.808720 
24.799022 
24.789323 
24.779625 
24.769927 
24.760229 
24.750530 
24.740832 
24.731134 
24.721435 
24.711737 
24.702039 
24.692341 
24.682642 
24.672944 
24.663246 
24.653548 
24.643849 
24.634151 
24.624453 
24.614754 
24.605056 
24.595358 
24.585660 
24.575961 
24.566263 
24.556565 
24.546867 
24.537168 
24.527470 
24.517772 
24.508073 
24.498375 
24.488677 
24.478979 
24.469280 
24.459582 
24.449884 
24.440186 
24.430487 
24.420789 
24.411091 
24.401392 
24.391694 
24.381996 
24.372298 
24.362599 
24.352901 
24.343203 
24.333505 
24.323806 
24.314108 
24.304410 
24.294711 
24.285013 
24.275315 
24.265617 
24.255918 
24.246220 
24.236522 
24.226824 
24.217125 
24.207427 
24.197729 
24.188030 
24.178332 
24.168634 
24.158936 
24.149237 
24.139539 
24.129841 
24.120143 
24.110444 
24.100746 
24.091048 
24.081349 
24.071651 
24.061953 
24.052255 
24.042556 
24.032858 
24.023160 
24.013462 
24.003763 
23.994065 
23.984367 
23.974669 
23.964970 
23.955272 
23.945574 
23.935875 
23.926177 
23.916479 
23.906781 
23.897082 
23.887384 
23.877686 
23.867988 
23.858289 
23.848591 
23.838893 
23.829194 
23.819496 
23.809798 
23.800100 
23.790401 
23.780703 
23.771005 
23.761307 
23.751608 
23.741910 
23.732212 
23.722513 
23.712815 
23.703117 
23.693419 
23.683720 
23.674022 
23.664324 
23.654626 
23.644927 
23.635229 
23.625531 
23.615832 
23.606134 
23.596436 
23.586738 
23.577039 
23.567341 
23.557643 
23.547945 
23.538246 
23.528548 
23.518850 
23.509151 
23.499453 
23.489755 
23.480057 
23.470358 
23.460660 
23.450962 
23.441264 
23.431565 
23.421867 
23.412169 
23.402470 
23.392772 
23.383074 
23.373376 
23.363677 
23.353979 
23.344281 
23.334583 
23.324884 
23.315186 
23.305488 
23.295789 
23.286091 
23.276393 
23.266695 
23.256996 
23.247298 
23.237600 
23.227902 
23.218203 
23.208505 
23.198807 
23.189108 
23.179410 
23.169712 
23.160014 
23.150315 
23.140617 
23.130919 
23.121221 
23.111522 
23.101824 
23.092126 
23.082428 
23.072729 
23.063031 
23.053333 
23.043634 
23.033936 
23.024238 
23.014540 
23.004841 
22.995143 
22.985445 
22.975747 
22.966048 
22.956350 
22.946652 
22.936953 
22.927255 
22.917557 
22.907859 
22.898160 
22.888462 
22.878764 
22.869066 
22.859367 
22.849669 
22.839971 
22.830272 
22.820574 
22.810876 
22.801178 
22.791479 
22.781781 
22.772083 
22.762385 
22.752686 
22.742988 
22.733290 
22.723591 
22.713893 
22.704195 
22.694497 
22.684798 
22.675100 
22.665402 
22.655704 
22.646005 
22.636307 
22.626609 
22.616910 
22.607212 
22.597514 
22.587816 
22.578117 
22.568419 
22.558721 
22.549023 
22.539324 
22.529626 
22.519928 
22.510229 
22.500531 
22.490833 
22.481135 
22.471436 
22.461738 
22.452040 
22.442342 
22.432643 
22.422945 
22.413247 
22.403548 
22.393850 
22.384152 
22.374454 
22.364755 
22.355057 
22.345359 
22.335661 
22.325962 
22.316264 
22.306566 
22.296867 
22.287169 
22.277471 
22.267773 
22.258074 
22.248376 
22.238678 
22.228980 
22.219281 
22.209583 
22.199885 
22.190187 
22.180488 
22.170790 
22.161092 
22.151393 
22.141695 
22.131997 
22.122299 
22.112600 
22.102902 
22.093204 
22.083506 
22.073807 
22.064109 
22.054411 
22.044712 
22.035014 
22.025316 
22.015618 
22.005919 
21.996221 
21.986523 
21.976825 
21.967126 
21.957428 
21.947730 
21.938031 
21.928333 
21.918635 
21.908937 
21.899238 
21.889540 
21.879842 
21.870144 
21.860445 
21.850747 
21.841049 
21.831350 
21.821652 
21.811954 
21.802256 
21.792557 
21.782859 
21.773161 
21.763463 
21.753764 
21.744066 
21.734368 
21.724669 
21.714971 
21.705273 
21.695575 
21.685876 
21.676178 
21.666480 
21.656782 
21.647083 
21.637385 
21.627687 
21.617988 
21.608290 
21.598592 
21.588894 
21.579195 
21.569497 
21.559799 
21.550101 
21.540402 
21.530704 
21.521006 
21.511307 
21.501609 
21.491911 
21.482213 
21.472514 
21.462816 
21.453118 
21.443420 
21.433721 
21.424023 
21.414325 
21.404626 
21.394928 
21.385230 
21.375532 
21.365833 
21.356135 
21.346437 
21.336739 
21.327040 
21.317342 
21.307644 
21.297945 
21.288247 
21.278549 
21.268851 
21.259152 
21.249454 
21.239756 
21.230058 
21.220359 
21.210661 
21.200963 
21.191265 
21.181566 
21.171868 
21.162170 
21.152471 
21.142773 
21.133075 
21.123377 
21.113678 
21.103980 
21.094282 
21.084584 
21.074885 
21.065187 
21.055489 
21.045790 
21.036092 
21.026394 
21.016696 
21.006997 
20.997299 
20.987601 
20.977903 
20.968204 
20.958506 
20.948808 
20.939109 
20.929411 
20.919713 
20.910015 
20.900316 
20.890618 
20.880920 
20.871222 
20.861523 
20.851825 
20.842127 
20.832428 
20.822730 
20.813032 
20.803334 
20.793635 
20.783937 
20.774239 
20.764541 
20.754842 
20.745144 
20.735446 
20.725747 
20.716049 
20.706351 
20.696653 
20.686954 
20.677256 
20.667558 
20.657860 
20.648161 
20.638463 
20.628765 
20.619066 
20.609368 
20.599670 
20.589972 
20.580273 
20.570575 
20.560877 
20.551179 
20.541480 
20.531782 
20.522084 
20.512385 
20.502687 
20.492989 
20.483291 
20.473592 
20.463894 
20.454196 
20.444498 
20.434799 
20.425101 
20.415403 
20.405704 
20.396006 
20.386308 
20.376610 
20.366911 
20.357213 
20.347515 
20.337817 
20.328118 
20.318420 
20.308722 
20.299024 
20.289325 
20.279627 
20.269929 
20.260230 
20.250532 
20.240834 
20.231136 
20.221437 
20.211739 
20.202041 
20.192343 
20.182644 
20.172946 
20.163248 
20.153549 
20.143851 
20.134153 
20.124455 
20.114756 
20.105058 
20.095360 
20.085662 
20.075963 
20.066265 
20.056567 
20.046868 
20.037170 
20.027472 
20.017774 
20.008075 
19.998377 
19.988679 
19.978981 
19.969282 
19.959584 
19.949886 
19.940187 
19.930489 
19.920791 
19.911093 
19.901394 
19.891696 
19.881998 
19.872300 
19.862601 
19.852903 
19.843205 
19.833506 
19.823808 
19.814110 
19.804412 
19.794713 
19.785015 
19.775317 
19.765619 
19.755920 
19.746222 
19.736524 
19.726825 
19.717127 
19.707429 
19.697731 
19.688032 
19.678334 
19.668636 
19.658938 
19.649239 
19.639541 
19.629843 
19.620144 
19.610446 
19.600748 
19.591050 
19.581351 
19.571653 
19.561955 
19.552257 
19.542558 
19.532860 
19.523162 
19.513463 
19.503765 
19.494067 
19.484369 
19.474670 
19.464972 
19.455274 
19.445576 
19.435877 
19.426179 
19.416481 
19.406783 
19.397084 
19.387386 
19.377688 
19.367989 
19.358291 
19.348593 
19.338895 
19.329196 
19.319498 
19.309800 
19.300102 
19.290403 
19.280705 
19.271007 
19.261308 
19.251610 
19.241912 
19.232214 
19.222515 
19.212817 
19.203119 
19.193421 
19.183722 
19.174024 
19.164326 
19.154627 
19.144929 
19.135231 
19.125533 
19.115834 
19.106136 
19.096438 
19.086740 
19.077041 
19.067343 
19.057645 
19.047946 
19.038248 
19.028550 
19.018852 
19.009153 
18.999455 
18.989757 
18.980059 
18.970360 
18.960662 
18.950964 
18.941265 
18.931567 
18.921869 
18.912171 
18.902472 
18.892774 
18.883076 
18.873378 
18.863679 
18.853981 
18.844283 
18.834584 
18.824886 
18.815188 
18.805490 
18.795791 
18.786093 
18.776395 
18.766697 
18.756998 
18.747300 
18.737602 
18.727903 
18.718205 
18.708507 
18.698809 
18.689110 
18.679412 
18.669714 
18.660016 
18.650317 
18.640619 
18.630921 
18.621222 
18.611524 
18.601826 
18.592128 
18.582429 
18.572731 
18.563033 
18.553335 
18.543636 
18.533938 
18.524240 
18.514542 
18.504843 
18.495145 
18.485447 
18.475748 
18.466050 
18.456352 
18.446654 
18.436955 
18.427257 
18.417559 
18.407861 
18.398162 
18.388464 
18.378766 
18.369067 
18.359369 
18.349671 
18.339973 
18.330274 
18.320576 
18.310878 
18.301180 
18.291481 
18.281783 
18.272085 
18.262386 
18.252688 
18.242990 
18.233292 
18.223593 
18.213895 
18.204197 
18.194499 
18.184800 
18.175102 
18.165404 
18.155705 
18.146007 
18.136309 
18.126611 
18.116912 
18.107214 
18.097516 
18.087818 
18.078119 
18.068421 
18.058723 
18.049024 
18.039326 
18.029628 
18.019930 
18.010231 
18.000533 
17.990835 
17.981137 
17.971438 
17.961740 
17.952042 
17.942343 
17.932645 
17.922947 
17.913249 
17.903550 
17.893852 
17.884154 
17.874456 
17.864757 
17.855059 
17.845361 
17.835662 
17.825964 
17.816266 
17.806568 
17.796869 
17.787171 
17.777473 
17.767775 
17.758076 
17.748378 
17.738680 
17.728981 
17.719283 
17.709585 
17.699887 
17.690188 
17.680490 
17.670792 
17.661094 
17.651395 
17.641697 
17.631999 
17.622301 
17.612602 
17.602904 
17.593206 
17.583507 
17.573809 
17.564111 
17.554413 
17.544714 
17.535016 
17.525318 
17.515620 
17.505921 
17.496223 
17.486525 
17.476826 
17.467128 
17.457430 
17.447732 
17.438033 
17.428335 
17.418637 
17.408939 
17.399240 
17.389542 
17.379844 
17.370145 
17.360447 
17.350749 
17.341051 
17.331352 
17.321654 
17.311956 
17.302258 
17.292559 
17.282861 
17.273163 
17.263464 
17.253766 
17.244068 
17.234370 
17.224671 
17.214973 
17.205275 
17.195577 
17.185878 
17.176180 
17.166482 
17.156783 
17.147085 
17.137387 
17.127689 
17.117990 
17.108292 
17.098594 
17.088896 
17.079197 
17.069499 
17.059801 
17.050102 
17.040404 
17.030706 
17.021008 
17.011309 
17.001611 
16.991913 
16.982215 
16.972516 
16.962818 
16.953120 
16.943421 
16.933723 
16.924025 
16.914327 
16.904628 
16.894930 
16.885232 
16.875534 
16.865835 
16.856137 
16.846439 
16.836740 
16.827042 
16.817344 
16.807646 
16.797947 
16.788249 
16.778551 
16.768853 
16.759154 
16.749456 
16.739758 
16.730060 
16.720361 
16.710663 
16.700965 
16.691266 
16.681568 
16.671870 
16.662172 
16.652473 
16.642775 
16.633077 
16.623379 
16.613680 
16.603982 
16.594284 
16.584585 
16.574887 
16.565189 
16.555491 
16.545792 
16.536094 
16.526396 
16.516698 
16.506999 
16.497301 
16.487603 
16.477904 
16.468206 
16.458508 
16.448810 
16.439111 
16.429413 
16.419715 
16.410017 
16.400318 
16.390620 
16.380922 
16.371223 
16.361525 
16.351827 
16.342129 
16.332430 
16.322732 
16.313034 
16.303336 
16.293637 
16.283939 
16.274241 
16.264542 
16.254844 
16.245146 
16.235448 
16.225749 
16.216051 
16.206353 
16.196655 
16.186956 
16.177258 
16.167560 
16.157861 
16.148163 
16.138465 
16.128767 
16.119068 
16.109370 
16.099672 
16.089974 
16.080275 
16.070577 
16.060879 
16.051180 
16.041482 
16.031784 
16.022086 
16.012387 
16.002689 
15.992991 
15.983293 
15.973594 
15.963896 
15.954198 
15.944499 
15.934801 
15.925103 
15.915405 
15.905706 
15.896008 
15.886310 
15.876612 
15.866913 
15.857215 
15.847517 
15.837819 
15.828120 
15.818422 
15.808724 
15.799025 
15.789327 
15.779629 
15.769931 
15.760232 
15.750534 
15.740836 
15.731138 
15.721439 
15.711741 
15.702043 
15.692344 
15.682646 
15.672948 
15.663250 
15.653551 
15.643853 
15.634155 
15.624457 
15.614758 
15.605060 
15.595362 
15.585663 
15.575965 
15.566267 
15.556569 
15.546870 
15.537172 
15.527474 
15.517776 
15.508077 
15.498379 
15.488681 
15.478982 
15.469284 
15.459586 
15.449888 
15.440189 
15.430491 
15.420793 
15.411095 
15.401396 
15.391698 
15.382000 
15.372301 
15.362603 
15.352905 
15.343207 
15.333508 
15.323810 
15.314112 
15.304414 
15.294715 
15.285017 
15.275319 
15.265620 
15.255922 
15.246224 
15.236526 
15.226827 
15.217129 
15.207431 
15.197733 
15.188034 
15.178336 
15.168638 
15.158939 
15.149241 
15.139543 
15.129845 
15.120146 
15.110448 
15.100750 
15.091052 
15.081353 
15.071655 
15.061957 
15.052258 
15.042560 
15.032862 
15.023164 
15.013465 
15.003767 
14.994069 
14.984371 
14.974672 
14.964974 
14.955276 
14.945578 
14.935879 
14.926181 
14.916483 
14.906784 
14.897086 
14.887388 
14.877690 
14.867991 
14.858293 
14.848595 
14.838897 
14.829198 
14.819500 
14.809802 
14.800103 
14.790405 
14.780707 
14.771009 
14.761310 
14.751612 
14.741914 
14.732216 
14.722517 
14.712819 
14.703121 
14.693422 
14.683724 
14.674026 
14.664328 
14.654629 
14.644931 
14.635233 
14.625535 
14.615836 
14.606138 
14.596440 
14.586741 
14.577043 
14.567345 
14.557647 
14.547948 
14.538250 
14.528552 
14.518854 
14.509155 
14.499457 
14.489759 
14.480060 
14.470362 
14.460664 
14.450966 
14.441267 
14.431569 
14.421871 
14.412173 
14.402474 
14.392776 
14.383078 
14.373379 
14.363681 
14.353983 
14.344285 
14.334586 
14.324888 
14.315190 
14.305492 
14.295793 
14.286095 
14.276397 
14.266698 
14.257000 
14.247302 
14.237604 
14.227905 
14.218207 
14.208509 
14.198811 
14.189112 
14.179414 
14.169716 
14.160017 
14.150319 
14.140621 
14.130923 
14.121224 
14.111526 
14.101828 
14.092130 
14.082431 
14.072733 
14.063035 
14.053337 
14.043638 
14.033940 
14.024242 
14.014543 
14.004845 
13.995147 
13.985449 
13.975750 
13.966052 
13.956354 
13.946656 
13.936957 
13.927259 
13.917561 
13.907862 
13.898164 
13.888466 
13.878768 
13.869069 
13.859371 
13.849673 
13.839975 
13.830276 
13.820578 
13.810880 
13.801181 
13.791483 
13.781785 
13.772087 
13.762388 
13.752690 
13.742992 
13.733294 
13.723595 
13.713897 
13.704199 
13.694500 
13.684802 
13.675104 
13.665406 
13.655707 
13.646009 
13.636311 
13.626613 
13.616914 
13.607216 
13.597518 
13.587819 
13.578121 
13.568423 
13.558725 
13.549026 
13.539328 
13.529630 
13.519932 
13.510233 
13.500535 
13.490837 
13.481138 
13.471440 
13.461742 
13.452044 
13.442345 
13.432647 
13.422949 
13.413251 
13.403552 
13.393854 
13.384156 
13.374457 
13.364759 
13.355061 
13.345363 
13.335664 
13.325966 
13.316268 
13.306570 
13.296871 
13.287173 
13.277475 
13.267776 
13.258078 
13.248380 
13.238682 
13.228983 
13.219285 
13.209587 
13.199889 
13.190190 
13.180492 
13.170794 
13.161095 
13.151397 
13.141699 
13.132001 
13.122302 
13.112604 
13.102906 
13.093208 
13.083509 
13.073811 
13.064113 
13.054415 
13.044716 
13.035018 
13.025320 
13.015621 
13.005923 
12.996225 
12.986527 
12.976828 
12.967130 
12.957432 
12.947734 
12.938035 
12.928337 
12.918639 
12.908940 
12.899242 
12.889544 
12.879846 
12.870147 
12.860449 
12.850751 
12.841053 
12.831354 
12.821656 
12.811958 
12.802259 
12.792561 
12.782863 
12.773165 
12.763466 
12.753768 
12.744070 
12.734372 
12.724673 
12.714975 
12.705277 
12.695578 
12.685880 
12.676182 
12.666484 
12.656785 
12.647087 
12.637389 
12.627691 
12.617992 
12.608294 
12.598596 
12.588897 
12.579199 
12.569501 
12.559803 
12.550104 
12.540406 
12.530708 
12.521010 
12.511311 
12.501613 
12.491915 
12.482216 
12.472518 
12.462820 
12.453122 
12.443423 
12.433725 
12.424027 
12.414329 
12.404630 
12.394932 
12.385234 
12.375535 
12.365837 
12.356139 
12.346441 
12.336742 
12.327044 
12.317346 
12.307648 
12.297949 
12.288251 
12.278553 
12.268854 
12.259156 
12.249458 
12.239760 
12.230061 
12.220363 
12.210665 
12.200967 
12.191268 
12.181570 
12.171872 
12.162174 
12.152475 
12.142777 
12.133079 
12.123380 
12.113682 
12.103984 
12.094286 
12.084587 
12.074889 
12.065191 
12.055493 
12.045794 
12.036096 
12.026398 
12.016699 
12.007001 
11.997303 
11.987605 
11.977906 
11.968208 
11.958510 
11.948812 
11.939113 
11.929415 
11.919717 
11.910018 
11.900320 
11.890622 
11.880924 
11.871225 
11.861527 
11.851829 
11.842131 
11.832432 
11.822734 
11.813036 
11.803337 
11.793639 
11.783941 
11.774243 
11.764544 
11.754846 
11.745148 
11.735450 
11.725751 
11.716053 
11.706355 
11.696656 
11.686958 
11.677260 
11.667562 
11.657863 
11.648165 
11.638467 
11.628769 
11.619070 
11.609372 
11.599674 
11.589975 
11.580277 
11.570579 
11.560881 
11.551182 
11.541484 
11.531786 
11.522088 
11.512389 
11.502691 
11.492993 
11.483294 
11.473596 
11.463898 
11.454200 
11.444501 
11.434803 
11.425105 
11.415407 
11.405708 
11.396010 
11.386312 
11.376613 
11.366915 
11.357217 
11.347519 
11.337820 
11.328122 
11.318424 
11.308726 
11.299027 
11.289329 
11.279631 
11.269933 
11.260234 
11.250536 
11.240838 
11.231139 
11.221441 
11.211743 
11.202045 
11.192346 
11.182648 
11.172950 
11.163252 
11.153553 
11.143855 
11.134157 
11.124458 
11.114760 
11.105062 
11.095364 
11.085665 
11.075967 
11.066269 
11.056571 
11.046872 
11.037174 
11.027476 
11.017777 
11.008079 
10.998381 
10.988683 
10.978984 
10.969286 
10.959588 
10.949890 
10.940191 
10.930493 
10.920795 
10.911096 
10.901398 
10.891700 
10.882002 
10.872303 
10.862605 
10.852907 
10.843209 
10.833510 
10.823812 
10.814114 
10.804415 
10.794717 
10.785019 
10.775321 
10.765622 
10.755924 
10.746226 
10.736528 
10.726829 
10.717131 
10.707433 
10.697734 
10.688036 
10.678338 
10.668640 
10.658941 
10.649243 
10.639545 
10.629847 
10.620148 
10.610450 
10.600752 
10.591053 
10.581355 
10.571657 
10.561959 
10.552260 
10.542562 
10.532864 
10.523166 
10.513467 
10.503769 
10.494071 
10.484372 
10.474674 
10.464976 
10.455278 
10.445579 
10.435881 
10.426183 
10.416485 
10.406786 
10.397088 
10.387390 
10.377692 
10.367993 
10.358295 
10.348597 
10.338898 
10.329200 
10.319502 
10.309804 
10.300105 
10.290407 
10.280709 
10.271011 
10.261312 
10.251614 
10.241916 
10.232217 
10.222519 
10.212821 
10.203123 
10.193424 
10.183726 
10.174028 
10.164330 
10.154631 
10.144933 
10.135235 
10.125536 
10.115838 
10.106140 
10.096442 
10.086743 
10.077045 
10.067347 
10.057649 
10.047950 
10.038252 
10.028554 
10.018855 
10.009157 
9.999459 
9.989761 
9.980062 
9.970364 
9.960666 
9.950968 
9.941269 
9.931571 
9.921873 
9.912174 
9.902476 
9.892778 
9.883080 
9.873381 
9.863683 
9.853985 
9.844287 
9.834588 
9.824890 
9.815192 
9.805493 
9.795795 
9.786097 
9.776399 
9.766700 
9.757002 
9.747304 
9.737606 
9.727907 
9.718209 
9.708511 
9.698812 
9.689114 
9.679416 
9.669718 
9.660019 
9.650321 
9.640623 
9.630925 
9.621226 
9.611528 
9.601830 
9.592131 
9.582433 
9.572735 
9.563037 
9.553338 
9.543640 
9.533942 
9.524244 
9.514545 
9.504847 
9.495149 
9.485451 
9.475752 
9.466054 
9.456356 
9.446657 
9.436959 
9.427261 
9.417563 
9.407864 
9.398166 
9.388468 
9.378770 
9.369071 
9.359373 
9.349675 
9.339976 
9.330278 
9.320580 
9.310882 
9.301183 
9.291485 
9.281787 
9.272089 
9.262390 
9.252692 
9.242994 
9.233295 
9.223597 
9.213899 
9.204201 
9.194502 
9.184804 
9.175106 
9.165408 
9.155709 
9.146011 
9.136313 
9.126614 
9.116916 
9.107218 
9.097520 
9.087821 
9.078123 
9.068425 
9.058727 
9.049028 
9.039330 
9.029632 
9.019933 
9.010235 
9.000537 
8.990839 
8.981140 
8.971442 
8.961744 
8.952046 
8.942347 
8.932649 
8.922951 
8.913252 
8.903554 
8.893856 
8.884158 
8.874459 
8.864761 
8.855063 
8.845365 
8.835666 
8.825968 
8.816270 
8.806571 
8.796873 
8.787175 
8.777477 
8.767778 
8.758080 
8.748382 
8.738684 
8.728985 
8.719287 
8.709589 
8.699890 
8.690192 
8.680494 
8.670796 
8.661097 
8.651399 
8.641701 
8.632003 
8.622304 
8.612606 
8.602908 
8.593210 
8.583511 
8.573813 
8.564115 
8.554416 
8.544718 
8.535020 
8.525322 
8.515623 
8.505925 
8.496227 
8.486529 
8.476830 
8.467132 
8.457434 
8.447735 
8.438037 
8.428339 
8.418641 
8.408942 
8.399244 
8.389546 
8.379848 
8.370149 
8.360451 
8.350753 
8.341054 
8.331356 
8.321658 
8.311960 
8.302261 
8.292563 
8.282865 
8.273167 
8.263468 
8.253770 
8.244072 
8.234373 
8.224675 
8.214977 
8.205279 
8.195580 
8.185882 
8.176184 
8.166486 
8.156787 
8.147089 
8.137391 
8.127692 
8.117994 
8.108296 
8.098598 
8.088899 
8.079201 
8.069503 
8.059805 
8.050106 
8.040408 
8.030710 
8.021011 
8.011313 
8.001615 
7.991917 
7.982218 
7.972520 
7.962822 
7.953124 
7.943425 
7.933727 
7.924029 
7.914330 
7.904632 
7.894934 
7.885236 
7.875537 
7.865839 
7.856141 
7.846443 
7.836744 
7.827046 
7.817348 
7.807649 
7.797951 
7.788253 
7.778555 
7.768856 
7.759158 
7.749460 
7.739762 
7.730063 
7.720365 
7.710667 
7.700969 
7.691270 
7.681572 
7.671874 
7.662175 
7.652477 
7.642779 
7.633081 
7.623382 
7.613684 
7.603986 
7.594288 
7.584589 
7.574891 
7.565193 
7.555494 
7.545796 
7.536098 
7.526400 
7.516701 
7.507003 
7.497305 
7.487607 
7.477908 
7.468210 
7.458512 
7.448813 
7.439115 
7.429417 
7.419719 
7.410020 
7.400322 
7.390624 
7.380926 
7.371227 
7.361529 
7.351831 
7.342132 
7.332434 
7.322736 
7.313038 
7.303339 
7.293641 
7.283943 
7.274245 
7.264546 
7.254848 
7.245150 
7.235451 
7.225753 
7.216055 
7.206357 
7.196658 
7.186960 
7.177262 
7.167564 
7.157865 
7.148167 
7.138469 
7.128770 
7.119072 
7.109374 
7.099676 
7.089977 
7.080279 
7.070581 
7.060883 
7.051184 
7.041486 
7.031788 
7.022089 
7.012391 
7.002693 
6.992995 
6.983296 
6.973598 
6.963900 
6.954202 
6.944503 
6.934805 
6.925107 
6.915408 
6.905710 
6.896012 
6.886314 
6.876615 
6.866917 
6.857219 
6.847521 
6.837822 
6.828124 
6.818426 
6.808728 
6.799029 
6.789331 
6.779633 
6.769934 
6.760236 
6.750538 
6.740840 
6.731141 
6.721443 
6.711745 
6.702047 
6.692348 
6.682650 
6.672952 
6.663253 
6.653555 
6.643857 
6.634159 
6.624460 
6.614762 
6.605064 
6.595366 
6.585667 
6.575969 
6.566271 
6.556572 
6.546874 
6.537176 
6.527478 
6.517779 
6.508081 
6.498383 
6.488685 
6.478986 
6.469288 
6.459590 
6.449891 
6.440193 
6.430495 
6.420797 
6.411098 
6.401400 
6.391702 
6.382004 
6.372305 
6.362607 
6.352909 
6.343210 
6.333512 
6.323814 
6.314116 
6.304417 
6.294719 
6.285021 
6.275323 
6.265624 
6.255926 
6.246228 
6.236529 
6.226831 
6.217133 
6.207435 
6.197736 
6.188038 
6.178340 
6.168642 
6.158943 
6.149245 
6.139547 
6.129848 
6.120150 
6.110452 
6.100754 
6.091055 
6.081357 
6.071659 
6.061961 
6.052262 
6.042564 
6.032866 
6.023167 
6.013469 
6.003771 
5.994073 
5.984374 
5.974676 
5.964978 
5.955280 
5.945581 
5.935883 
5.926185 
5.916487 
5.906788 
5.897090 
5.887392 
5.877693 
5.867995 
5.858297 
5.848599 
5.838900 
5.829202 
5.819504 
5.809806 
5.800107 
5.790409 
5.780711 
5.771012 
5.761314 
5.751616 
5.741918 
5.732219 
5.722521 
5.712823 
5.703125 
5.693426 
5.683728 
5.674030 
5.664331 
5.654633 
5.644935 
5.635237 
5.625538 
5.615840 
5.606142 
5.596444 
5.586745 
5.577047 
5.567349 
5.557650 
5.547952 
5.538254 
5.528556 
5.518857 
5.509159 
5.499461 
5.489763 
5.480064 
5.470366 
5.460668 
5.450969 
5.441271 
5.431573 
5.421875 
5.412176 
5.402478 
5.392780 
5.383082 
5.373383 
5.363685 
5.353987 
5.344288 
5.334590 
5.324892 
5.315194 
5.305495 
5.295797 
5.286099 
5.276401 
5.266702 
5.257004 
5.247306 
5.237607 
5.227909 
5.218211 
5.208513 
5.198814 
5.189116 
5.179418 
5.169720 
5.160021 
5.150323 
5.140625 
5.130926 
5.121228 
5.111530 
5.101832 
5.092133 
5.082435 
5.072737 
5.063039 
5.053340 
5.043642 
5.033944 
5.024246 
5.014547 
5.004849 
4.995151 
4.985452 
4.975754 
4.966056 
4.956358 
4.946659 
4.936961 
4.927263 
4.917565 
4.907866 
4.898168 
4.888470 
4.878771 
4.869073 
4.859375 
4.849677 
4.839978 
4.830280 
4.820582 
4.810884 
4.801185 
4.791487 
4.781789 
4.772090 
4.762392 
4.752694 
4.742996 
4.733297 
4.723599 
4.713901 
4.704203 
4.694504 
4.684806 
4.675108 
4.665409 
4.655711 
4.646013 
4.636315 
4.626616 
4.616918 
4.607220 
4.597522 
4.587823 
4.578125 
4.568427 
4.558728 
4.549030 
4.539332 
4.529634 
4.519935 
4.510237 
4.500539 
4.490841 
4.481142 
4.471444 
4.461746 
4.452047 
4.442349 
4.432651 
4.422953 
4.413254 
4.403556 
4.393858 
4.384160 
4.374461 
4.364763 
4.355065 
4.345366 
4.335668 
4.325970 
4.316272 
4.306573 
4.296875 
4.287177 
4.277479 
4.267780 
4.258082 
4.248384 
4.238685 
4.228987 
4.219289 
4.209591 
4.199892 
4.190194 
4.180496 
4.170798 
4.161099 
4.151401 
4.141703 
4.132004 
4.122306 
4.112608 
4.102910 
4.093211 
4.083513 
4.073815 
4.064117 
4.054418 
4.044720 
4.035022 
4.025324 
4.015625 
4.005927 
3.996229 
3.986530 
3.976832 
3.967134 
3.957436 
3.947737 
3.938039 
3.928341 
3.918643 
3.908944 
3.899246 
3.889548 
3.879849 
3.870151 
3.860453 
3.850755 
3.841056 
3.831358 
3.821660 
3.811962 
3.802263 
3.792565 
3.782867 
3.773168 
3.763470 
3.753772 
3.744074 
3.734375 
3.724677 
3.714979 
3.705281 
3.695582 
3.685884 
3.676186 
3.666487 
3.656789 
3.647091 
3.637393 
3.627694 
3.617996 
3.608298 
3.598600 
3.588901 
3.579203 
3.569505 
3.559806 
3.550108 
3.540410 
3.530712 
3.521013 
3.511315 
3.501617 
3.491919 
3.482220 
3.472522 
3.462824 
3.453125 
3.443427 
3.433729 
3.424031 
3.414332 
3.404634 
3.394936 
3.385238 
3.375539 
3.365841 
3.356143 
3.346444 
3.336746 
3.327048 
3.317350 
3.307651 
3.297953 
3.288255 
3.278557 
3.268858 
3.259160 
3.249462 
3.239763 
3.230065 
3.220367 
3.210669 
3.200970 
3.191272 
3.181574 
3.171876 
3.162177 
3.152479 
3.142781 
3.133083 
3.123384 
3.113686 
3.103988 
3.094289 
3.084591 
3.074893 
3.065195 
3.055496 
3.045798 
3.036100 
3.026402 
3.016703 
3.007005 
2.997307 
2.987608 
2.977910 
2.968212 
2.958514 
2.948815 
2.939117 
2.929419 
2.919721 
2.910022 
2.900324 
2.890626 
2.880927 
2.871229 
2.861531 
2.851833 
2.842134 
2.832436 
2.822738 
2.813040 
2.803341 
2.793643 
2.783945 
2.774246 
2.764548 
2.754850 
2.745152 
2.735453 
2.725755 
2.716057 
2.706359 
2.696660 
2.686962 
2.677264 
2.667565 
2.657867 
2.648169 
2.638471 
2.628772 
2.619074 
2.609376 
2.599678 
2.589979 
2.580281 
2.570583 
2.560884 
2.551186 
2.541488 
2.531790 
2.522091 
2.512393 
2.502695 
2.492997 
2.483298 
2.473600 
2.463902 
2.454203 
2.444505 
2.434807 
2.425109 
2.415410 
2.405712 
2.396014 
2.386316 
2.376617 
2.366919 
2.357221 
2.347522 
2.337824 
2.328126 
2.318428 
2.308729 
2.299031 
2.289333 
2.279635 
2.269936 
2.260238 
2.250540 
2.240842 
2.231143 
2.221445 
2.211747 
2.202048 
2.192350 
2.182652 
2.172954 
2.163255 
2.153557 
2.143859 
2.134161 
2.124462 
2.114764 
2.105066 
2.095367 
2.085669 
2.075971 
2.066273 
2.056574 
2.046876 
2.037178 
2.027480 
2.017781 
2.008083 
1.998385 
1.988686 
1.978988 
1.969290 
1.959592 
1.949893 
1.940195 
1.930497 
1.920799 
1.911100 
1.901402 
1.891704 
1.882005 
1.872307 
1.862609 
1.852911 
1.843212 
1.833514 
1.823816 
1.814118 
1.804419 
1.794721 
1.785023 
1.775324 
1.765626 
1.755928 
1.746230 
1.736531 
1.726833 
1.717135 
1.707437 
1.697738 
1.688040 
1.678342 
1.668643 
1.658945 
1.649247 
1.639549 
1.629850 
1.620152 
1.610454 
1.600756 
1.591057 
1.581359 
1.571661 
1.561962 
1.552264 
1.542566 
1.532868 
1.523169 
1.513471 
1.503773 
1.494075 
1.484376 
1.474678 
1.464980 
1.455281 
1.445583 
1.435885 
1.426187 
1.416488 
1.406790 
1.397092 
1.387394 
1.377695 
1.367997 
1.358299 
1.348601 
1.338902 
1.329204 
1.319506 
1.309807 
1.300109 
1.290411 
1.280713 
1.271014 
1.261316 
1.251618 
1.241920 
1.232221 
1.222523 
1.212825 
1.203126 
1.193428 
1.183730 
1.174032 
1.164333 
1.154635 
1.144937 
1.135239 
1.125540 
1.115842 
1.106144 
1.096445 
1.086747 
1.077049 
1.067351 
1.057652 
1.047954 
1.038256 
1.028558 
1.018859 
1.009161 
0.999463 
0.989764 
0.980066 
0.970368 
0.960670 
0.950971 
0.941273 
0.931575 
0.921877 
0.912178 
0.902480 
0.892782 
0.883083 
0.873385 
0.863687 
0.853989 
0.844290 
0.834592 
0.824894 
0.815196 
0.805497 
0.795799 
0.786101 
0.776402 
0.766704 
0.757006 
0.747308 
0.737609 
0.727911 
0.718213 
0.708515 
0.698816 
0.689118 
0.679420 
0.669721 
0.660023 
0.650325 
0.640627 
0.630928 
0.621230 
0.611532 
0.601834 
0.592135 
0.582437 
0.572739 
0.563040 
0.553342 
0.543644 
0.533946 
0.524247 
0.514549 
0.504851 
0.495153 
0.485454 
0.475756 
0.466058 
0.456360 
0.446661 
0.436963 
0.427265 
0.417566 
0.407868 
0.398170 
0.388472 
0.378773 
0.369075 
0.359377 
0.349679 
0.339980 
0.330282 
0.320584 
0.310885 
0.301187 
0.291489 
0.281791 
0.272092 
0.262394 
0.252696 
0.242998 
0.233299 
0.223601 
0.213903 
0.204204 
0.194506 
0.184808 
0.175110 
0.165411 
0.155713 
0.146015 
0.136317 
0.126618 
0.116920 
0.107222 
0.097523 
0.087825 
0.078127 
0.068429 
0.058730 
0.049032 
0.039334 
0.029636 
0.019937 
0.010239 
0.000541 
-0.009158 
-0.018856 
-0.028554 
-0.038252 
-0.047951 
-0.057649 
-0.067347 
-0.077045 
-0.086744 
-0.096442 
-0.106140 
-0.115839 
-0.125537 
-0.135235 
-0.144933 
-0.154632 
-0.164330 
-0.174028 
-0.183726 
-0.193425 
-0.203123 
-0.212821 
-0.222520 
-0.232218 
-0.241916 
-0.251614 
-0.261313 
-0.271011 
-0.280709 
-0.290407 
-0.300106 
-0.309804 
-0.319502 
-0.329201 
-0.338899 
-0.348597 
-0.358295 
-0.367994 
-0.377692 
