-0.996017456 
-0.946216658 
-0.896415859 
-0.846615061 
-0.796814263 
-0.747013465 
-0.697212666 
-0.647411868 
-0.597611070 
-0.547810271 
-0.498009473 
-0.448208675 
-0.398407876 
-0.348607078 
-0.298806280 
-0.249005482 
-0.199204683 
-0.149403885 
-0.099603087 
-0.049802288 
-0.000001490 
0.049799308 
0.099600106 
0.149400905 
0.199201703 
0.249002501 
0.298803300 
0.348604098 
0.398404896 
0.448205695 
0.498006493 
0.547807291 
0.597608089 
0.647408888 
0.697209686 
0.747010484 
0.796811283 
0.846612081 
0.896412879 
0.946213678 
0.996014476 
1.045815274 
1.095616072 
1.145416871 
1.195217669 
1.245018467 
1.294819266 
1.344620064 
1.394420862 
1.444221660 
1.494022459 
1.543823257 
1.593624055 
1.643424854 
1.693225652 
1.743026450 
1.792827249 
1.842628047 
1.892428845 
1.942229643 
1.992030442 
2.041831240 
2.091632038 
2.141432837 
2.191233635 
2.241034433 
2.290835232 
2.340636030 
2.390436828 
2.440237626 
2.490038425 
2.539839223 
2.589640021 
2.639440820 
2.689241618 
2.739042416 
2.788843215 
2.838644013 
2.888444811 
2.938245609 
2.988046408 
3.037847206 
3.087648004 
3.137448803 
3.187249601 
3.237050399 
3.286851197 
3.336651996 
3.386452794 
3.436253592 
3.486054391 
3.535855189 
3.585655987 
3.635456786 
3.685257584 
3.735058382 
3.784859180 
3.834659979 
3.884460777 
3.934261575 
3.984062374 
4.033863172 
4.083663970 
4.133464769 
4.183265567 
4.233066365 
4.282867163 
4.332667962 
4.382468760 
4.432269558 
4.482070357 
4.531871155 
4.581671953 
4.631472751 
4.681273550 
4.731074348 
4.780875146 
4.830675945 
4.880476743 
4.930277541 
4.980078340 
5.029879138 
5.079679936 
5.129480734 
5.179281533 
5.229082331 
5.278883129 
5.328683928 
5.378484726 
5.428285524 
5.478086323 
5.527887121 
5.577687919 
5.627488717 
5.677289516 
5.727090314 
5.776891112 
5.826691911 
5.876492709 
5.926293507 
5.976094306 
6.025895104 
6.075695902 
6.125496700 
6.175297499 
6.225098297 
6.274899095 
6.324699894 
6.374500692 
6.424301490 
6.474102288 
6.523903087 
6.573703885 
6.623504683 
6.673305482 
6.723106280 
6.772907078 
6.822707877 
6.872508675 
6.922309473 
6.972110271 
7.021911070 
7.071711868 
7.121512666 
7.171313465 
7.221114263 
7.270915061 
7.320715860 
7.370516658 
7.420317456 
7.470118254 
7.519919053 
7.569719851 
7.619520649 
7.669321448 
7.719122246 
7.768923044 
7.818723843 
7.868524641 
7.918325439 
7.968126237 
8.017927036 
8.067727834 
8.117528632 
8.167329431 
8.217130229 
8.266931027 
8.316731825 
8.366532624 
8.416333422 
8.466134220 
8.515935019 
8.565735817 
8.615536615 
8.665337414 
8.715138212 
8.764939010 
8.814739808 
8.864540607 
8.914341405 
8.964142203 
9.013943002 
9.063743800 
9.113544598 
9.163345397 
9.213146195 
9.262946993 
9.312747791 
9.362548590 
9.412349388 
9.462150186 
9.511950985 
9.561751783 
9.611552581 
9.661353379 
9.711154178 
9.760954976 
9.810755774 
9.860556573 
9.910357371 
9.960158169 
10.009958968 
10.059759766 
10.109560564 
10.159361362 
10.209162161 
10.258962959 
10.308763757 
10.358564556 
10.408365354 
10.458166152 
10.507966951 
10.557767749 
10.607568547 
10.657369345 
10.707170144 
10.756970942 
10.806771740 
10.856572539 
10.906373337 
10.956174135 
11.005974934 
11.055775732 
11.105576530 
11.155377328 
11.205178127 
11.254978925 
11.304779723 
11.354580522 
11.404381320 
11.454182118 
11.503982916 
11.553783715 
11.603584513 
11.653385311 
11.703186110 
11.752986908 
11.802787706 
11.852588505 
11.902389303 
11.952190101 
12.001990899 
12.051791698 
12.101592496 
12.151393294 
12.201194093 
12.250994891 
12.300795689 
12.350596488 
12.400397286 
12.450198084 
12.499998882 
12.549799681 
12.599600479 
12.649401277 
12.699202076 
12.749002874 
12.798803672 
12.848604470 
12.898405269 
12.948206067 
12.998006865 
13.047807664 
13.097608462 
13.147409260 
13.197210059 
13.247010857 
13.296811655 
13.346612453 
13.396413252 
13.446214050 
13.496014848 
13.545815647 
13.595616445 
13.645417243 
13.695218042 
13.745018840 
13.794819638 
13.844620436 
13.894421235 
13.944222033 
13.994022831 
14.043823630 
14.093624428 
14.143425226 
14.193226025 
14.243026823 
14.292827621 
14.342628419 
14.392429218 
14.442230016 
14.492030814 
14.541831613 
14.591632411 
14.641433209 
14.691234007 
14.741034806 
14.790835604 
14.840636402 
14.890437201 
14.940237999 
14.990038797 
15.039839596 
15.089640394 
15.139441192 
15.189241990 
15.239042789 
15.288843587 
15.338644385 
15.388445184 
15.438245982 
15.488046780 
15.537847579 
15.587648377 
15.637449175 
15.687249973 
15.737050772 
15.786851570 
15.836652368 
15.886453167 
15.936253965 
15.986054763 
16.035855561 
16.085656360 
16.135457158 
16.185257956 
16.235058755 
16.284859553 
16.334660351 
16.384461150 
16.434261948 
16.484062746 
16.533863544 
16.583664343 
16.633465141 
16.683265939 
16.733066738 
16.782867536 
16.832668334 
16.882469133 
16.932269931 
16.982070729 
17.031871527 
17.081672326 
17.131473124 
17.181273922 
17.231074721 
17.280875519 
17.330676317 
17.380477116 
17.430277914 
17.480078712 
17.529879510 
17.579680309 
17.629481107 
17.679281905 
17.729082704 
17.778883502 
17.828684300 
17.878485098 
17.928285897 
17.978086695 
18.027887493 
18.077688292 
18.127489090 
18.177289888 
18.227090687 
18.276891485 
18.326692283 
18.376493081 
18.426293880 
18.476094678 
18.525895476 
18.575696275 
18.625497073 
18.675297871 
18.725098670 
18.774899468 
18.824700266 
18.874501064 
18.924301863 
18.974102661 
19.023903459 
19.073704258 
19.123505056 
19.173305854 
19.223106652 
19.272907451 
19.322708249 
19.372509047 
19.422309846 
19.472110644 
19.521911442 
19.571712241 
19.621513039 
19.671313837 
19.721114635 
19.770915434 
19.820716232 
19.870517030 
19.920317829 
19.970118627 
20.019919425 
20.069720224 
20.119521022 
20.169321820 
20.219122618 
20.268923417 
20.318724215 
20.368525013 
20.418325812 
20.468126610 
20.517927408 
20.567728207 
20.617529005 
20.667329803 
20.717130601 
20.766931400 
20.816732198 
20.866532996 
20.916333795 
20.966134593 
21.015935391 
21.065736189 
21.115536988 
21.165337786 
21.215138584 
21.264939383 
21.314740181 
21.364540979 
21.414341778 
21.464142576 
21.513943374 
21.563744172 
21.613544971 
21.663345769 
21.713146567 
21.762947366 
21.812748164 
21.862548962 
21.912349761 
21.962150559 
22.011951357 
22.061752155 
22.111552954 
22.161353752 
22.211154550 
22.260955349 
22.310756147 
22.360556945 
22.410357744 
22.460158542 
22.509959340 
22.559760138 
22.609560937 
22.659361735 
22.709162533 
22.758963332 
22.808764130 
22.858564928 
22.908365726 
22.958166525 
23.007967323 
23.057768121 
23.107568920 
23.157369718 
23.207170516 
23.256971315 
23.306772113 
23.356572911 
23.406373709 
23.456174508 
23.505975306 
23.555776104 
23.605576903 
23.655377701 
23.705178499 
23.754979298 
23.804780096 
23.854580894 
23.904381692 
23.954182491 
24.003983289 
24.053784087 
24.103584886 
24.153385684 
24.203186482 
24.252987280 
24.302788079 
24.352588877 
24.402389675 
24.452190474 
24.501991272 
24.551792070 
24.601592869 
24.651393667 
24.701194465 
24.750995263 
24.800796062 
24.850596860 
24.900397658 
24.950198457 
24.999999255 
25.049800053 
25.099600852 
25.149401650 
25.199202448 
25.249003246 
25.298804045 
25.348604843 
25.398405641 
25.448206440 
25.498007238 
25.547808036 
25.597608835 
25.647409633 
25.697210431 
25.747011229 
25.796812028 
25.846612826 
25.896413624 
25.946214423 
25.996015221 
26.045816019 
26.095616817 
26.145417616 
26.195218414 
26.245019212 
26.294820011 
26.344620809 
26.394421607 
26.444222406 
26.494023204 
26.543824002 
26.593624800 
26.643425599 
26.693226397 
26.743027195 
26.792827994 
26.842628792 
26.892429590 
26.942230389 
26.992031187 
27.041831985 
27.091632783 
27.141433582 
27.191234380 
27.241035178 
27.290835977 
27.340636775 
27.390437573 
27.440238371 
27.490039170 
27.539839968 
27.589640766 
27.639441565 
27.689242363 
27.739043161 
27.788843960 
27.838644758 
27.888445556 
27.938246354 
27.988047153 
28.037847951 
28.087648749 
28.137449548 
28.187250346 
28.237051144 
28.286851943 
28.336652741 
28.386453539 
28.436254337 
28.486055136 
28.535855934 
28.585656732 
28.635457531 
28.685258329 
28.735059127 
28.784859926 
28.834660724 
28.884461522 
28.934262320 
28.984063119 
29.033863917 
29.083664715 
29.133465514 
29.183266312 
29.233067110 
29.282867908 
29.332668707 
29.382469505 
29.432270303 
29.482071102 
29.531871900 
29.581672698 
29.631473497 
29.681274295 
29.731075093 
29.780875891 
29.830676690 
29.880477488 
29.930278286 
29.980079085 
30.029879883 
30.079680681 
30.129481480 
30.179282278 
30.229083076 
30.278883874 
30.328684673 
30.378485471 
30.428286269 
30.478087068 
30.527887866 
30.577688664 
30.627489462 
30.677290261 
30.727091059 
30.776891857 
30.826692656 
30.876493454 
30.926294252 
30.976095051 
31.025895849 
31.075696647 
31.125497445 
31.175298244 
31.225099042 
31.274899840 
31.324700639 
31.374501437 
31.424302235 
31.474103034 
31.523903832 
31.573704630 
31.623505428 
31.673306227 
31.723107025 
31.772907823 
31.822708622 
31.872509420 
31.922310218 
31.972111017 
32.021911815 
32.071712613 
32.121513411 
32.171314210 
32.221115008 
32.270915806 
32.320716605 
32.370517403 
32.420318201 
32.470118999 
32.519919798 
32.569720596 
32.619521394 
32.669322193 
32.719122991 
32.768923789 
32.818724588 
32.868525386 
32.918326184 
32.968126982 
33.017927781 
33.067728579 
33.117529377 
33.167330176 
33.217130974 
33.266931772 
33.316732571 
33.366533369 
33.416334167 
33.466134965 
33.515935764 
33.565736562 
33.615537360 
33.665338159 
33.715138957 
33.764939755 
33.814740553 
33.864541352 
33.914342150 
33.964142948 
34.013943747 
34.063744545 
34.113545343 
34.163346142 
34.213146940 
34.262947738 
34.312748536 
34.362549335 
34.412350133 
34.462150931 
34.511951730 
34.561752528 
34.611553326 
34.661354125 
34.711154923 
34.760955721 
34.810756519 
34.860557318 
34.910358116 
34.960158914 
35.009959713 
35.059760511 
35.109561309 
35.159362108 
35.209162906 
35.258963704 
35.308764502 
35.358565301 
35.408366099 
35.458166897 
35.507967696 
35.557768494 
35.607569292 
35.657370090 
35.707170889 
35.756971687 
35.806772485 
35.856573284 
35.906374082 
35.956174880 
36.005975679 
36.055776477 
36.105577275 
36.155378073 
36.205178872 
36.254979670 
36.304780468 
36.354581267 
36.404382065 
36.454182863 
36.503983662 
36.553784460 
36.603585258 
36.653386056 
36.703186855 
36.752987653 
36.802788451 
36.852589250 
36.902390048 
36.952190846 
37.001991645 
37.051792443 
37.101593241 
37.151394039 
37.201194838 
37.250995636 
37.300796434 
37.350597233 
37.400398031 
37.450198829 
37.499999627 
37.549800426 
37.599601224 
37.649402022 
37.699202821 
37.749003619 
37.798804417 
37.848605216 
37.898406014 
37.948206812 
37.998007610 
38.047808409 
38.097609207 
38.147410005 
38.197210804 
38.247011602 
38.296812400 
38.346613199 
38.396413997 
38.446214795 
38.496015593 
38.545816392 
38.595617190 
38.645417988 
38.695218787 
38.745019585 
38.794820383 
38.844621181 
38.894421980 
38.944222778 
38.994023576 
39.043824375 
39.093625173 
39.143425971 
39.193226770 
39.243027568 
39.292828366 
39.342629164 
39.392429963 
39.442230761 
39.492031559 
39.541832358 
39.591633156 
39.641433954 
39.691234753 
39.741035551 
39.790836349 
39.840637147 
39.890437946 
39.940238744 
39.990039542 
40.039840341 
40.089641139 
40.139441937 
40.189242736 
40.239043534 
40.288844332 
40.338645130 
40.388445929 
40.438246727 
40.488047525 
40.537848324 
40.587649122 
40.637449920 
40.687250718 
40.737051517 
40.786852315 
40.836653113 
40.886453912 
40.936254710 
40.986055508 
41.035856307 
41.085657105 
41.135457903 
41.185258701 
41.235059500 
41.284860298 
41.334661096 
41.384461895 
41.434262693 
41.484063491 
41.533864290 
41.583665088 
41.633465886 
41.683266684 
41.733067483 
41.782868281 
41.832669079 
41.882469878 
41.932270676 
41.982071474 
42.031872272 
42.081673071 
42.131473869 
42.181274667 
42.231075466 
42.280876264 
42.330677062 
42.380477861 
42.430278659 
42.480079457 
42.529880255 
42.579681054 
42.629481852 
42.679282650 
42.729083449 
42.778884247 
42.828685045 
42.878485844 
42.928286642 
42.978087440 
43.027888238 
43.077689037 
43.127489835 
43.177290633 
43.227091432 
43.276892230 
43.326693028 
43.376493827 
43.426294625 
43.476095423 
43.525896221 
43.575697020 
43.625497818 
43.675298616 
43.725099415 
43.774900213 
43.824701011 
43.874501809 
43.924302608 
43.974103406 
44.023904204 
44.073705003 
44.123505801 
44.173306599 
44.223107398 
44.272908196 
44.322708994 
44.372509792 
44.422310591 
44.472111389 
44.521912187 
44.571712986 
44.621513784 
44.671314582 
44.721115381 
44.770916179 
44.820716977 
44.870517775 
44.920318574 
44.970119372 
45.019920170 
45.069720969 
45.119521767 
45.169322565 
45.219123363 
45.268924162 
45.318724960 
45.368525758 
45.418326557 
45.468127355 
45.517928153 
45.567728952 
45.617529750 
45.667330548 
45.717131346 
45.766932145 
45.816732943 
45.866533741 
45.916334540 
45.966135338 
46.015936136 
46.065736935 
46.115537733 
46.165338531 
46.215139329 
46.264940128 
46.314740926 
46.364541724 
46.414342523 
46.464143321 
46.513944119 
46.563744918 
46.613545716 
46.663346514 
46.713147312 
46.762948111 
46.812748909 
46.862549707 
46.912350506 
46.962151304 
47.011952102 
47.061752900 
47.111553699 
47.161354497 
47.211155295 
47.260956094 
47.310756892 
47.360557690 
47.410358489 
47.460159287 
47.509960085 
47.559760883 
47.609561682 
47.659362480 
47.709163278 
47.758964077 
47.808764875 
47.858565673 
47.908366472 
47.958167270 
48.007968068 
48.057768866 
48.107569665 
48.157370463 
48.207171261 
48.256972060 
48.306772858 
48.356573656 
48.406374454 
48.456175253 
48.505976051 
48.555776849 
48.605577648 
48.655378446 
48.705179244 
48.754980043 
48.804780841 
48.854581639 
48.904382437 
48.954183236 
49.003984034 
49.053784832 
49.103585631 
49.153386429 
49.203187227 
49.252988026 
49.302788824 
49.352589622 
49.402390420 
49.452191219 
49.501992017 
49.551792815 
49.601593614 
49.651394412 
49.701195210 
49.750996009 
49.800796807 
49.850597605 
49.900398403 
49.950199202 
50.000000000 
50.049800798 
50.099601597 
50.149402395 
50.199203193 
50.249003991 
50.298804790 
50.348605588 
50.398406386 
50.448207185 
50.498007983 
50.547808781 
50.597609580 
50.647410378 
50.697211176 
50.747011974 
50.796812773 
50.846613571 
50.896414369 
50.946215168 
50.996015966 
51.045816764 
51.095617563 
51.145418361 
51.195219159 
51.245019957 
51.294820756 
51.344621554 
51.394422352 
51.444223151 
51.494023949 
51.543824747 
51.593625546 
51.643426344 
51.693227142 
51.743027940 
51.792828739 
51.842629537 
51.892430335 
51.942231134 
51.992031932 
52.041832730 
52.091633528 
52.141434327 
52.191235125 
52.241035923 
52.290836722 
52.340637520 
52.390438318 
52.440239117 
52.490039915 
52.539840713 
52.589641511 
52.639442310 
52.689243108 
52.739043906 
52.788844705 
52.838645503 
52.888446301 
52.938247100 
52.988047898 
53.037848696 
53.087649494 
53.137450293 
53.187251091 
53.237051889 
53.286852688 
53.336653486 
53.386454284 
53.436255082 
53.486055881 
53.535856679 
53.585657477 
53.635458276 
53.685259074 
53.735059872 
53.784860671 
53.834661469 
53.884462267 
53.934263065 
53.984063864 
54.033864662 
54.083665460 
54.133466259 
54.183267057 
54.233067855 
54.282868654 
54.332669452 
54.382470250 
54.432271048 
54.482071847 
54.531872645 
54.581673443 
54.631474242 
54.681275040 
54.731075838 
54.780876637 
54.830677435 
54.880478233 
54.930279031 
54.980079830 
55.029880628 
55.079681426 
55.129482225 
55.179283023 
55.229083821 
55.278884619 
55.328685418 
55.378486216 
55.428287014 
55.478087813 
55.527888611 
55.577689409 
55.627490208 
55.677291006 
55.727091804 
55.776892602 
55.826693401 
55.876494199 
55.926294997 
55.976095796 
56.025896594 
56.075697392 
56.125498191 
56.175298989 
56.225099787 
56.274900585 
56.324701384 
56.374502182 
56.424302980 
56.474103779 
56.523904577 
56.573705375 
56.623506173 
56.673306972 
56.723107770 
56.772908568 
56.822709367 
56.872510165 
56.922310963 
56.972111762 
57.021912560 
57.071713358 
57.121514156 
57.171314955 
57.221115753 
57.270916551 
57.320717350 
57.370518148 
57.420318946 
57.470119745 
57.519920543 
57.569721341 
57.619522139 
57.669322938 
57.719123736 
57.768924534 
57.818725333 
57.868526131 
57.918326929 
57.968127728 
58.017928526 
58.067729324 
58.117530122 
58.167330921 
58.217131719 
58.266932517 
58.316733316 
58.366534114 
58.416334912 
58.466135710 
58.515936509 
58.565737307 
58.615538105 
58.665338904 
58.715139702 
58.764940500 
58.814741299 
58.864542097 
58.914342895 
58.964143693 
59.013944492 
59.063745290 
59.113546088 
59.163346887 
59.213147685 
59.262948483 
59.312749282 
59.362550080 
59.412350878 
59.462151676 
59.511952475 
59.561753273 
59.611554071 
59.661354870 
59.711155668 
59.760956466 
59.810757264 
59.860558063 
59.910358861 
59.960159659 
60.009960458 
60.059761256 
60.109562054 
60.159362853 
60.209163651 
60.258964449 
60.308765247 
60.358566046 
60.408366844 
60.458167642 
60.507968441 
60.557769239 
60.607570037 
60.657370836 
60.707171634 
60.756972432 
60.806773230 
60.856574029 
60.906374827 
60.956175625 
61.005976424 
61.055777222 
61.105578020 
61.155378819 
61.205179617 
61.254980415 
61.304781213 
61.354582012 
61.404382810 
61.454183608 
61.503984407 
61.553785205 
61.603586003 
61.653386801 
61.703187600 
61.752988398 
61.802789196 
61.852589995 
61.902390793 
61.952191591 
62.001992390 
62.051793188 
62.101593986 
62.151394784 
62.201195583 
62.250996381 
62.300797179 
62.350597978 
62.400398776 
62.450199574 
62.500000373 
62.549801171 
62.599601969 
62.649402767 
62.699203566 
62.749004364 
62.798805162 
62.848605961 
62.898406759 
62.948207557 
62.998008355 
63.047809154 
63.097609952 
63.147410750 
63.197211549 
63.247012347 
63.296813145 
63.346613944 
63.396414742 
63.446215540 
63.496016338 
63.545817137 
63.595617935 
63.645418733 
63.695219532 
63.745020330 
63.794821128 
63.844621927 
63.894422725 
63.944223523 
63.994024321 
64.043825120 
64.093625918 
64.143426716 
64.193227515 
64.243028313 
64.292829111 
64.342629910 
64.392430708 
64.442231506 
64.492032304 
64.541833103 
64.591633901 
64.641434699 
64.691235498 
64.741036296 
64.790837094 
64.840637892 
64.890438691 
64.940239489 
64.990040287 
65.039841086 
65.089641884 
65.139442682 
65.189243481 
65.239044279 
65.288845077 
65.338645875 
65.388446674 
65.438247472 
65.488048270 
65.537849069 
65.587649867 
65.637450665 
65.687251464 
65.737052262 
65.786853060 
65.836653858 
65.886454657 
65.936255455 
65.986056253 
66.035857052 
66.085657850 
66.135458648 
66.185259447 
66.235060245 
66.284861043 
66.334661841 
66.384462640 
66.434263438 
66.484064236 
66.533865035 
66.583665833 
66.633466631 
66.683267429 
66.733068228 
66.782869026 
66.832669824 
66.882470623 
66.932271421 
66.982072219 
67.031873018 
67.081673816 
67.131474614 
67.181275412 
67.231076211 
67.280877009 
67.330677807 
67.380478606 
67.430279404 
67.480080202 
67.529881001 
67.579681799 
67.629482597 
67.679283395 
67.729084194 
67.778884992 
67.828685790 
67.878486589 
67.928287387 
67.978088185 
68.027888983 
68.077689782 
68.127490580 
68.177291378 
68.227092177 
68.276892975 
68.326693773 
68.376494572 
68.426295370 
68.476096168 
68.525896966 
68.575697765 
68.625498563 
68.675299361 
68.725100160 
68.774900958 
68.824701756 
68.874502555 
68.924303353 
68.974104151 
69.023904949 
69.073705748 
69.123506546 
69.173307344 
69.223108143 
69.272908941 
69.322709739 
69.372510538 
69.422311336 
69.472112134 
69.521912932 
69.571713731 
69.621514529 
69.671315327 
69.721116126 
69.770916924 
69.820717722 
69.870518520 
69.920319319 
69.970120117 
70.019920915 
70.069721714 
70.119522512 
70.169323310 
70.219124109 
70.268924907 
70.318725705 
70.368526503 
70.418327302 
70.468128100 
70.517928898 
70.567729697 
70.617530495 
70.667331293 
70.717132092 
70.766932890 
70.816733688 
70.866534486 
70.916335285 
70.966136083 
71.015936881 
71.065737680 
71.115538478 
71.165339276 
71.215140074 
71.264940873 
71.314741671 
71.364542469 
71.414343268 
71.464144066 
71.513944864 
71.563745663 
71.613546461 
71.663347259 
71.713148057 
71.762948856 
71.812749654 
71.862550452 
71.912351251 
71.962152049 
72.011952847 
72.061753646 
72.111554444 
72.161355242 
72.211156040 
72.260956839 
72.310757637 
72.360558435 
72.410359234 
72.460160032 
72.509960830 
72.559761629 
72.609562427 
72.659363225 
72.709164023 
72.758964822 
72.808765620 
72.858566418 
72.908367217 
72.958168015 
73.007968813 
73.057769611 
73.107570410 
73.157371208 
73.207172006 
73.256972805 
73.306773603 
73.356574401 
73.406375200 
73.456175998 
73.505976796 
73.555777594 
73.605578393 
73.655379191 
73.705179989 
73.754980788 
73.804781586 
73.854582384 
73.904383183 
73.954183981 
74.003984779 
74.053785577 
74.103586376 
74.153387174 
74.203187972 
74.252988771 
74.302789569 
74.352590367 
74.402391165 
74.452191964 
74.501992762 
74.551793560 
74.601594359 
74.651395157 
74.701195955 
74.750996754 
74.800797552 
74.850598350 
74.900399148 
74.950199947 
75.000000745 
75.049801543 
75.099602342 
75.149403140 
75.199203938 
75.249004737 
75.298805535 
75.348606333 
75.398407131 
75.448207930 
75.498008728 
75.547809526 
75.597610325 
75.647411123 
75.697211921 
75.747012720 
75.796813518 
75.846614316 
75.896415114 
75.946215913 
75.996016711 
76.045817509 
76.095618308 
76.145419106 
76.195219904 
76.245020702 
76.294821501 
76.344622299 
76.394423097 
76.444223896 
76.494024694 
76.543825492 
76.593626291 
76.643427089 
76.693227887 
76.743028685 
76.792829484 
76.842630282 
76.892431080 
76.942231879 
76.992032677 
77.041833475 
77.091634274 
77.141435072 
77.191235870 
77.241036668 
77.290837467 
77.340638265 
77.390439063 
77.440239862 
77.490040660 
77.539841458 
77.589642256 
77.639443055 
77.689243853 
77.739044651 
77.788845450 
77.838646248 
77.888447046 
77.938247845 
77.988048643 
78.037849441 
78.087650239 
78.137451038 
78.187251836 
78.237052634 
78.286853433 
78.336654231 
78.386455029 
78.436255828 
78.486056626 
78.535857424 
78.585658222 
78.635459021 
78.685259819 
78.735060617 
78.784861416 
78.834662214 
78.884463012 
78.934263811 
78.984064609 
79.033865407 
79.083666205 
79.133467004 
79.183267802 
79.233068600 
79.282869399 
79.332670197 
79.382470995 
79.432271793 
79.482072592 
79.531873390 
79.581674188 
79.631474987 
79.681275785 
79.731076583 
79.780877382 
79.830678180 
79.880478978 
79.930279776 
79.980080575 
80.029881373 
80.079682171 
80.129482970 
80.179283768 
80.229084566 
80.278885365 
80.328686163 
80.378486961 
80.428287759 
80.478088558 
80.527889356 
80.577690154 
80.627490953 
80.677291751 
80.727092549 
80.776893348 
80.826694146 
80.876494944 
80.926295742 
80.976096541 
81.025897339 
81.075698137 
81.125498936 
81.175299734 
81.225100532 
81.274901330 
81.324702129 
81.374502927 
81.424303725 
81.474104524 
81.523905322 
81.573706120 
81.623506919 
81.673307717 
81.723108515 
81.772909313 
81.822710112 
81.872510910 
81.922311708 
81.972112507 
82.021913305 
82.071714103 
82.121514902 
82.171315700 
82.221116498 
82.270917296 
82.320718095 
82.370518893 
82.420319691 
82.470120490 
82.519921288 
82.569722086 
82.619522884 
82.669323683 
82.719124481 
82.768925279 
82.818726078 
82.868526876 
82.918327674 
82.968128473 
83.017929271 
83.067730069 
83.117530867 
83.167331666 
83.217132464 
83.266933262 
83.316734061 
83.366534859 
83.416335657 
83.466136456 
83.515937254 
83.565738052 
83.615538850 
83.665339649 
83.715140447 
83.764941245 
83.814742044 
83.864542842 
83.914343640 
83.964144439 
84.013945237 
84.063746035 
84.113546833 
84.163347632 
84.213148430 
84.262949228 
84.312750027 
84.362550825 
84.412351623 
84.462152421 
84.511953220 
84.561754018 
84.611554816 
84.661355615 
84.711156413 
84.760957211 
84.810758010 
84.860558808 
84.910359606 
84.960160404 
85.009961203 
85.059762001 
85.109562799 
85.159363598 
85.209164396 
85.258965194 
85.308765993 
85.358566791 
85.408367589 
85.458168387 
85.507969186 
85.557769984 
85.607570782 
85.657371581 
85.707172379 
85.756973177 
85.806773975 
85.856574774 
85.906375572 
85.956176370 
86.005977169 
86.055777967 
86.105578765 
86.155379564 
86.205180362 
86.254981160 
86.304781958 
86.354582757 
86.404383555 
86.454184353 
86.503985152 
86.553785950 
86.603586748 
86.653387547 
86.703188345 
86.752989143 
86.802789941 
86.852590740 
86.902391538 
86.952192336 
87.001993135 
87.051793933 
87.101594731 
87.151395530 
87.201196328 
87.250997126 
87.300797924 
87.350598723 
87.400399521 
87.450200319 
87.500001118 
87.549801916 
87.599602714 
87.649403512 
87.699204311 
87.749005109 
87.798805907 
87.848606706 
87.898407504 
87.948208302 
87.998009101 
88.047809899 
88.097610697 
88.147411495 
88.197212294 
88.247013092 
88.296813890 
88.346614689 
88.396415487 
88.446216285 
88.496017084 
88.545817882 
88.595618680 
88.645419478 
88.695220277 
88.745021075 
88.794821873 
88.844622672 
88.894423470 
88.944224268 
88.994025066 
89.043825865 
89.093626663 
89.143427461 
89.193228260 
89.243029058 
89.292829856 
89.342630655 
89.392431453 
89.442232251 
89.492033049 
89.541833848 
89.591634646 
89.641435444 
89.691236243 
89.741037041 
89.790837839 
89.840638638 
89.890439436 
89.940240234 
89.990041032 
90.039841831 
90.089642629 
90.139443427 
90.189244226 
90.239045024 
90.288845822 
90.338646621 
90.388447419 
90.438248217 
90.488049015 
90.537849814 
90.587650612 
90.637451410 
90.687252209 
90.737053007 
90.786853805 
90.836654603 
90.886455402 
90.936256200 
90.986056998 
91.035857797 
91.085658595 
91.135459393 
91.185260192 
91.235060990 
91.284861788 
91.334662586 
91.384463385 
91.434264183 
91.484064981 
91.533865780 
91.583666578 
91.633467376 
91.683268175 
91.733068973 
91.782869771 
91.832670569 
91.882471368 
91.932272166 
91.982072964 
92.031873763 
92.081674561 
92.131475359 
92.181276157 
92.231076956 
92.280877754 
92.330678552 
92.380479351 
92.430280149 
92.480080947 
92.529881746 
92.579682544 
92.629483342 
92.679284140 
92.729084939 
92.778885737 
92.828686535 
92.878487334 
92.928288132 
92.978088930 
93.027889729 
93.077690527 
93.127491325 
93.177292123 
93.227092922 
93.276893720 
93.326694518 
93.376495317 
93.426296115 
93.476096913 
93.525897712 
93.575698510 
93.625499308 
93.675300106 
93.725100905 
93.774901703 
93.824702501 
93.874503300 
93.924304098 
93.974104896 
94.023905694 
94.073706493 
94.123507291 
94.173308089 
94.223108888 
94.272909686 
94.322710484 
94.372511283 
94.422312081 
94.472112879 
94.521913677 
94.571714476 
94.621515274 
94.671316072 
94.721116871 
94.770917669 
94.820718467 
94.870519266 
94.920320064 
94.970120862 
95.019921660 
95.069722459 
95.119523257 
95.169324055 
95.219124854 
95.268925652 
95.318726450 
95.368527249 
95.418328047 
95.468128845 
95.517929643 
95.567730442 
95.617531240 
95.667332038 
95.717132837 
95.766933635 
95.816734433 
95.866535231 
95.916336030 
95.966136828 
96.015937626 
96.065738425 
96.115539223 
96.165340021 
96.215140820 
96.264941618 
96.314742416 
96.364543214 
96.414344013 
96.464144811 
96.513945609 
96.563746408 
96.613547206 
96.663348004 
96.713148803 
96.762949601 
96.812750399 
96.862551197 
96.912351996 
96.962152794 
97.011953592 
97.061754391 
97.111555189 
97.161355987 
97.211156785 
97.260957584 
97.310758382 
97.360559180 
97.410359979 
97.460160777 
97.509961575 
97.559762374 
97.609563172 
97.659363970 
97.709164768 
97.758965567 
97.808766365 
97.858567163 
97.908367962 
97.958168760 
98.007969558 
98.057770357 
98.107571155 
98.157371953 
98.207172751 
98.256973550 
98.306774348 
98.356575146 
98.406375945 
98.456176743 
98.505977541 
98.555778340 
98.605579138 
98.655379936 
98.705180734 
98.754981533 
98.804782331 
98.854583129 
98.904383928 
98.954184726 
99.003985524 
99.053786322 
99.103587121 
99.153387919 
99.203188717 
99.252989516 
99.302790314 
99.352591112 
99.402391911 
99.452192709 
99.501993507 
99.551794305 
99.601595104 
99.651395902 
99.701196700 
99.750997499 
99.800798297 
99.850599095 
99.900399894 
99.950200692 
100.000001490 
100.049802288 
100.099603087 
100.149403885 
100.199204683 
100.249005482 
100.298806280 
100.348607078 
100.398407876 
100.448208675 
100.498009473 
100.547810271 
100.597611070 
100.647411868 
100.697212666 
100.747013465 
100.796814263 
100.846615061 
100.896415859 
100.946216658 
