-0.011329851 
-0.010763357 
-0.010196864 
-0.009630370 
-0.009063877 
-0.008497383 
-0.007930890 
-0.007364397 
-0.006797903 
-0.006231410 
-0.005664916 
-0.005098423 
-0.004531929 
-0.003965436 
-0.003398943 
-0.002832449 
-0.002265956 
-0.001699462 
-0.001132969 
-0.000566475 
0.000000018 
0.000566511 
0.001133005 
0.001699498 
0.002265992 
0.002832485 
0.003398979 
0.003965472 
0.004531965 
0.005098459 
0.005664952 
0.006231446 
0.006797939 
0.007364433 
0.007930926 
0.008497420 
0.009063913 
0.009630406 
0.010196900 
0.010763393 
0.011329887 
0.011896380 
0.012462874 
0.013029367 
0.013595860 
0.014162354 
0.014728847 
0.015295341 
0.015861834 
0.016428328 
0.016994821 
0.017561314 
0.018127808 
0.018694301 
0.019260795 
0.019827288 
0.020393782 
0.020960275 
0.021526768 
0.022093262 
0.022659755 
0.023226249 
0.023792742 
0.024359236 
0.024925729 
0.025492223 
0.026058716 
0.026625209 
0.027191703 
0.027758196 
0.028324690 
0.028891183 
0.029457677 
0.030024170 
0.030590663 
0.031157157 
0.031723650 
0.032290144 
0.032856637 
0.033423131 
0.033989624 
0.034556117 
0.035122611 
0.035689104 
0.036255598 
0.036822091 
0.037388585 
0.037955078 
0.038521571 
0.039088065 
0.039654558 
0.040221052 
0.040787545 
0.041354039 
0.041920532 
0.042487026 
0.043053519 
0.043620012 
0.044186506 
0.044752999 
0.045319493 
0.045885986 
0.046452480 
0.047018973 
0.047585466 
0.048151960 
0.048718453 
0.049284947 
0.049851440 
0.050417934 
0.050984427 
0.051550920 
0.052117414 
0.052683907 
0.053250401 
0.053816894 
0.054383388 
0.054949881 
0.055516374 
0.056082868 
0.056649361 
0.057215855 
0.057782348 
0.058348842 
0.058915335 
0.059481829 
0.060048322 
0.060614815 
0.061181309 
0.061747802 
0.062314296 
0.062880789 
0.063447283 
0.064013776 
0.064580269 
0.065146763 
0.065713256 
0.066279750 
0.066846243 
0.067412737 
0.067979230 
0.068545723 
0.069112217 
0.069678710 
0.070245204 
0.070811697 
0.071378191 
0.071944684 
0.072511177 
0.073077671 
0.073644164 
0.074210658 
0.074777151 
0.075343645 
0.075910138 
0.076476632 
0.077043125 
0.077609618 
0.078176112 
0.078742605 
0.079309099 
0.079875592 
0.080442086 
0.081008579 
0.081575072 
0.082141566 
0.082708059 
0.083274553 
0.083841046 
0.084407540 
0.084974033 
0.085540526 
0.086107020 
0.086673513 
0.087240007 
0.087806500 
0.088372994 
0.088939487 
0.089505980 
0.090072474 
0.090638967 
0.091205461 
0.091771954 
0.092338448 
0.092904941 
0.093471435 
0.094037928 
0.094604421 
0.095170915 
0.095737408 
0.096303902 
0.096870395 
0.097436889 
0.098003382 
0.098569875 
0.099136369 
0.099702862 
0.100269356 
0.100835849 
0.101402343 
0.101968836 
0.102535329 
0.103101823 
0.103668316 
0.104234810 
0.104801303 
0.105367797 
0.105934290 
0.106500783 
0.107067277 
0.107633770 
0.108200264 
0.108766757 
0.109333251 
0.109899744 
0.110466238 
0.111032731 
0.111599224 
0.112165718 
0.112732211 
0.113298705 
0.113865198 
0.114431692 
0.114998185 
0.115564678 
0.116131172 
0.116697665 
0.117264159 
0.117830652 
0.118397146 
0.118963639 
0.119530132 
0.120096626 
0.120663119 
0.121229613 
0.121796106 
0.122362600 
0.122929093 
0.123495586 
0.124062080 
0.124628573 
0.125195067 
0.125761560 
0.126328054 
0.126894547 
0.127461040 
0.128027534 
0.128594027 
0.129160521 
0.129727014 
0.130293508 
0.130860001 
0.131426495 
0.131992988 
0.132559481 
0.133125975 
0.133692468 
0.134258962 
0.134825455 
0.135391949 
0.135958442 
0.136524935 
0.137091429 
0.137657922 
0.138224416 
0.138790909 
0.139357403 
0.139923896 
0.140490389 
0.141056883 
0.141623376 
0.142189870 
0.142756363 
0.143322857 
0.143889350 
0.144455843 
0.145022337 
0.145588830 
0.146155324 
0.146721817 
0.147288311 
0.147854804 
0.148421298 
0.148987791 
0.149554284 
0.150120778 
0.150687271 
0.151253765 
0.151820258 
0.152386752 
0.152953245 
0.153519738 
0.154086232 
0.154652725 
0.155219219 
0.155785712 
0.156352206 
0.156918699 
0.157485192 
0.158051686 
0.158618179 
0.159184673 
0.159751166 
0.160317660 
0.160884153 
0.161450646 
0.162017140 
0.162583633 
0.163150127 
0.163716620 
0.164283114 
0.164849607 
0.165416101 
0.165982594 
0.166549087 
0.167115581 
0.167682074 
0.168248568 
0.168815061 
0.169381555 
0.169948048 
0.170514541 
0.171081035 
0.171647528 
0.172214022 
0.172780515 
0.173347009 
0.173913502 
0.174479995 
0.175046489 
0.175612982 
0.176179476 
0.176745969 
0.177312463 
0.177878956 
0.178445449 
0.179011943 
0.179578436 
0.180144930 
0.180711423 
0.181277917 
0.181844410 
0.182410904 
0.182977397 
0.183543890 
0.184110384 
0.184676877 
0.185243371 
0.185809864 
0.186376358 
0.186942851 
0.187509344 
0.188075838 
0.188642331 
0.189208825 
0.189775318 
0.190341812 
0.190908305 
0.191474798 
0.192041292 
0.192607785 
0.193174279 
0.193740772 
0.194307266 
0.194873759 
0.195440252 
0.196006746 
0.196573239 
0.197139733 
0.197706226 
0.198272720 
0.198839213 
0.199405707 
0.199972200 
0.200538693 
0.201105187 
0.201671680 
0.202238174 
0.202804667 
0.203371161 
0.203937654 
0.204504147 
0.205070641 
0.205637134 
0.206203628 
0.206770121 
0.207336615 
0.207903108 
0.208469601 
0.209036095 
0.209602588 
0.210169082 
0.210735575 
0.211302069 
0.211868562 
0.212435055 
0.213001549 
0.213568042 
0.214134536 
0.214701029 
0.215267523 
0.215834016 
0.216400510 
0.216967003 
0.217533496 
0.218099990 
0.218666483 
0.219232977 
0.219799470 
0.220365964 
0.220932457 
0.221498950 
0.222065444 
0.222631937 
0.223198431 
0.223764924 
0.224331418 
0.224897911 
0.225464404 
0.226030898 
0.226597391 
0.227163885 
0.227730378 
0.228296872 
0.228863365 
0.229429858 
0.229996352 
0.230562845 
0.231129339 
0.231695832 
0.232262326 
0.232828819 
0.233395313 
0.233961806 
0.234528299 
0.235094793 
0.235661286 
0.236227780 
0.236794273 
0.237360767 
0.237927260 
0.238493753 
0.239060247 
0.239626740 
0.240193234 
0.240759727 
0.241326221 
0.241892714 
0.242459207 
0.243025701 
0.243592194 
0.244158688 
0.244725181 
0.245291675 
0.245858168 
0.246424661 
0.246991155 
0.247557648 
0.248124142 
0.248690635 
0.249257129 
0.249823622 
0.250390116 
0.250956609 
0.251523102 
0.252089596 
0.252656089 
0.253222583 
0.253789076 
0.254355570 
0.254922063 
0.255488556 
0.256055050 
0.256621543 
0.257188037 
0.257754530 
0.258321024 
0.258887517 
0.259454010 
0.260020504 
0.260586997 
0.261153491 
0.261719984 
0.262286478 
0.262852971 
0.263419464 
0.263985958 
0.264552451 
0.265118945 
0.265685438 
0.266251932 
0.266818425 
0.267384919 
0.267951412 
0.268517905 
0.269084399 
0.269650892 
0.270217386 
0.270783879 
0.271350373 
0.271916866 
0.272483359 
0.273049853 
0.273616346 
0.274182840 
0.274749333 
0.275315827 
0.275882320 
0.276448813 
0.277015307 
0.277581800 
0.278148294 
0.278714787 
0.279281281 
0.279847774 
0.280414267 
0.280980761 
0.281547254 
0.282113748 
0.282680241 
0.283246735 
0.283813228 
0.284379722 
0.284946215 
0.285512708 
0.286079202 
0.286645695 
0.287212189 
0.287778682 
0.288345176 
0.288911669 
0.289478162 
0.290044656 
0.290611149 
0.291177643 
0.291744136 
0.292310630 
0.292877123 
0.293443616 
0.294010110 
0.294576603 
0.295143097 
0.295709590 
0.296276084 
0.296842577 
0.297409070 
0.297975564 
0.298542057 
0.299108551 
0.299675044 
0.300241538 
0.300808031 
0.301374525 
0.301941018 
0.302507511 
0.303074005 
0.303640498 
0.304206992 
0.304773485 
0.305339979 
0.305906472 
0.306472965 
0.307039459 
0.307605952 
0.308172446 
0.308738939 
0.309305433 
0.309871926 
0.310438419 
0.311004913 
0.311571406 
0.312137900 
0.312704393 
0.313270887 
0.313837380 
0.314403873 
0.314970367 
0.315536860 
0.316103354 
0.316669847 
0.317236341 
0.317802834 
0.318369328 
0.318935821 
0.319502314 
0.320068808 
0.320635301 
0.321201795 
0.321768288 
0.322334782 
0.322901275 
0.323467768 
0.324034262 
0.324600755 
0.325167249 
0.325733742 
0.326300236 
0.326866729 
0.327433222 
0.327999716 
0.328566209 
0.329132703 
0.329699196 
0.330265690 
0.330832183 
0.331398676 
0.331965170 
0.332531663 
0.333098157 
0.333664650 
0.334231144 
0.334797637 
0.335364131 
0.335930624 
0.336497117 
0.337063611 
0.337630104 
0.338196598 
0.338763091 
0.339329585 
0.339896078 
0.340462571 
0.341029065 
0.341595558 
0.342162052 
0.342728545 
0.343295039 
0.343861532 
0.344428025 
0.344994519 
0.345561012 
0.346127506 
0.346693999 
0.347260493 
0.347826986 
0.348393479 
0.348959973 
0.349526466 
0.350092960 
0.350659453 
0.351225947 
0.351792440 
0.352358933 
0.352925427 
0.353491920 
0.354058414 
0.354624907 
0.355191401 
0.355757894 
0.356324388 
0.356890881 
0.357457374 
0.358023868 
0.358590361 
0.359156855 
0.359723348 
0.360289842 
0.360856335 
0.361422828 
0.361989322 
0.362555815 
0.363122309 
0.363688802 
0.364255296 
0.364821789 
0.365388282 
0.365954776 
0.366521269 
0.367087763 
0.367654256 
0.368220750 
0.368787243 
0.369353736 
0.369920230 
0.370486723 
0.371053217 
0.371619710 
0.372186204 
0.372752697 
0.373319191 
0.373885684 
0.374452177 
0.375018671 
0.375585164 
0.376151658 
0.376718151 
0.377284645 
0.377851138 
0.378417631 
0.378984125 
0.379550618 
0.380117112 
0.380683605 
0.381250099 
0.381816592 
0.382383085 
0.382949579 
0.383516072 
0.384082566 
0.384649059 
0.385215553 
0.385782046 
0.386348539 
0.386915033 
0.387481526 
0.388048020 
0.388614513 
0.389181007 
0.389747500 
0.390313994 
0.390880487 
0.391446980 
0.392013474 
0.392579967 
0.393146461 
0.393712954 
0.394279448 
0.394845941 
0.395412434 
0.395978928 
0.396545421 
0.397111915 
0.397678408 
0.398244902 
0.398811395 
0.399377888 
0.399944382 
0.400510875 
0.401077369 
0.401643862 
0.402210356 
0.402776849 
0.403343342 
0.403909836 
0.404476329 
0.405042823 
0.405609316 
0.406175810 
0.406742303 
0.407308797 
0.407875290 
0.408441783 
0.409008277 
0.409574770 
0.410141264 
0.410707757 
0.411274251 
0.411840744 
0.412407237 
0.412973731 
0.413540224 
0.414106718 
0.414673211 
0.415239705 
0.415806198 
0.416372691 
0.416939185 
0.417505678 
0.418072172 
0.418638665 
0.419205159 
0.419771652 
0.420338145 
0.420904639 
0.421471132 
0.422037626 
0.422604119 
0.423170613 
0.423737106 
0.424303600 
0.424870093 
0.425436586 
0.426003080 
0.426569573 
0.427136067 
0.427702560 
0.428269054 
0.428835547 
0.429402040 
0.429968534 
0.430535027 
0.431101521 
0.431668014 
0.432234508 
0.432801001 
0.433367494 
0.433933988 
0.434500481 
0.435066975 
0.435633468 
0.436199962 
0.436766455 
0.437332948 
0.437899442 
0.438465935 
0.439032429 
0.439598922 
0.440165416 
0.440731909 
0.441298403 
0.441864896 
0.442431389 
0.442997883 
0.443564376 
0.444130870 
0.444697363 
0.445263857 
0.445830350 
0.446396843 
0.446963337 
0.447529830 
0.448096324 
0.448662817 
0.449229311 
0.449795804 
0.450362297 
0.450928791 
0.451495284 
0.452061778 
0.452628271 
0.453194765 
0.453761258 
0.454327751 
0.454894245 
0.455460738 
0.456027232 
0.456593725 
0.457160219 
0.457726712 
0.458293206 
0.458859699 
0.459426192 
0.459992686 
0.460559179 
0.461125673 
0.461692166 
0.462258660 
0.462825153 
0.463391646 
0.463958140 
0.464524633 
0.465091127 
0.465657620 
0.466224114 
0.466790607 
0.467357100 
0.467923594 
0.468490087 
0.469056581 
0.469623074 
0.470189568 
0.470756061 
0.471322554 
0.471889048 
0.472455541 
0.473022035 
0.473588528 
0.474155022 
0.474721515 
0.475288009 
0.475854502 
0.476420995 
0.476987489 
0.477553982 
0.478120476 
0.478686969 
0.479253463 
0.479819956 
0.480386449 
0.480952943 
0.481519436 
0.482085930 
0.482652423 
0.483218917 
0.483785410 
0.484351903 
0.484918397 
0.485484890 
0.486051384 
0.486617877 
0.487184371 
0.487750864 
0.488317357 
0.488883851 
0.489450344 
0.490016838 
0.490583331 
0.491149825 
0.491716318 
0.492282812 
0.492849305 
0.493415798 
0.493982292 
0.494548785 
0.495115279 
0.495681772 
0.496248266 
0.496814759 
0.497381252 
0.497947746 
0.498514239 
0.499080733 
0.499647226 
0.500213720 
0.500780213 
0.501346706 
0.501913200 
0.502479693 
0.503046187 
0.503612680 
0.504179174 
0.504745667 
0.505312160 
0.505878654 
0.506445147 
0.507011641 
0.507578134 
0.508144628 
0.508711121 
0.509277615 
0.509844108 
0.510410601 
0.510977095 
0.511543588 
0.512110082 
0.512676575 
0.513243069 
0.513809562 
0.514376055 
0.514942549 
0.515509042 
0.516075536 
0.516642029 
0.517208523 
0.517775016 
0.518341509 
0.518908003 
0.519474496 
0.520040990 
0.520607483 
0.521173977 
0.521740470 
0.522306963 
0.522873457 
0.523439950 
0.524006444 
0.524572937 
0.525139431 
0.525705924 
0.526272418 
0.526838911 
0.527405404 
0.527971898 
0.528538391 
0.529104885 
0.529671378 
0.530237872 
0.530804365 
0.531370858 
0.531937352 
0.532503845 
0.533070339 
0.533636832 
0.534203326 
0.534769819 
0.535336312 
0.535902806 
0.536469299 
0.537035793 
0.537602286 
0.538168780 
0.538735273 
0.539301766 
0.539868260 
0.540434753 
0.541001247 
0.541567740 
0.542134234 
0.542700727 
0.543267221 
0.543833714 
0.544400207 
0.544966701 
0.545533194 
0.546099688 
0.546666181 
0.547232675 
0.547799168 
0.548365661 
0.548932155 
0.549498648 
0.550065142 
0.550631635 
0.551198129 
0.551764622 
0.552331115 
0.552897609 
0.553464102 
0.554030596 
0.554597089 
0.555163583 
0.555730076 
0.556296569 
0.556863063 
0.557429556 
0.557996050 
0.558562543 
0.559129037 
0.559695530 
0.560262024 
0.560828517 
0.561395010 
0.561961504 
0.562527997 
0.563094491 
0.563660984 
0.564227478 
0.564793971 
0.565360464 
0.565926958 
0.566493451 
0.567059945 
0.567626438 
0.568192932 
0.568759425 
0.569325918 
0.569892412 
0.570458905 
0.571025399 
0.571591892 
0.572158386 
0.572724879 
0.573291372 
0.573857866 
0.574424359 
0.574990853 
0.575557346 
0.576123840 
0.576690333 
0.577256826 
0.577823320 
0.578389813 
0.578956307 
0.579522800 
0.580089294 
0.580655787 
0.581222281 
0.581788774 
0.582355267 
0.582921761 
0.583488254 
0.584054748 
0.584621241 
0.585187735 
0.585754228 
0.586320721 
0.586887215 
0.587453708 
0.588020202 
0.588586695 
0.589153189 
0.589719682 
0.590286175 
0.590852669 
0.591419162 
0.591985656 
0.592552149 
0.593118643 
0.593685136 
0.594251629 
0.594818123 
0.595384616 
0.595951110 
0.596517603 
0.597084097 
0.597650590 
0.598217084 
0.598783577 
0.599350070 
0.599916564 
0.600483057 
0.601049551 
0.601616044 
0.602182538 
0.602749031 
0.603315524 
0.603882018 
0.604448511 
0.605015005 
0.605581498 
0.606147992 
0.606714485 
0.607280978 
0.607847472 
0.608413965 
0.608980459 
0.609546952 
0.610113446 
0.610679939 
0.611246432 
0.611812926 
0.612379419 
0.612945913 
0.613512406 
0.614078900 
0.614645393 
0.615211887 
0.615778380 
0.616344873 
0.616911367 
0.617477860 
0.618044354 
0.618610847 
0.619177341 
0.619743834 
0.620310327 
0.620876821 
0.621443314 
0.622009808 
0.622576301 
0.623142795 
0.623709288 
0.624275781 
0.624842275 
0.625408768 
0.625975262 
0.626541755 
0.627108249 
0.627674742 
0.628241235 
0.628807729 
0.629374222 
0.629940716 
0.630507209 
0.631073703 
0.631640196 
0.632206690 
0.632773183 
0.633339676 
0.633906170 
0.634472663 
0.635039157 
0.635605650 
0.636172144 
0.636738637 
0.637305130 
0.637871624 
0.638438117 
0.639004611 
0.639571104 
0.640137598 
0.640704091 
0.641270584 
0.641837078 
0.642403571 
0.642970065 
0.643536558 
0.644103052 
0.644669545 
0.645236038 
0.645802532 
0.646369025 
0.646935519 
0.647502012 
0.648068506 
0.648634999 
0.649201493 
0.649767986 
0.650334479 
0.650900973 
0.651467466 
0.652033960 
0.652600453 
0.653166947 
0.653733440 
0.654299933 
0.654866427 
0.655432920 
0.655999414 
0.656565907 
0.657132401 
0.657698894 
0.658265387 
0.658831881 
0.659398374 
0.659964868 
0.660531361 
0.661097855 
0.661664348 
0.662230841 
0.662797335 
0.663363828 
0.663930322 
0.664496815 
0.665063309 
0.665629802 
0.666196296 
0.666762789 
0.667329282 
0.667895776 
0.668462269 
0.669028763 
0.669595256 
0.670161750 
0.670728243 
0.671294736 
0.671861230 
0.672427723 
0.672994217 
0.673560710 
0.674127204 
0.674693697 
0.675260190 
0.675826684 
0.676393177 
0.676959671 
0.677526164 
0.678092658 
0.678659151 
0.679225644 
0.679792138 
0.680358631 
0.680925125 
0.681491618 
0.682058112 
0.682624605 
0.683191099 
0.683757592 
0.684324085 
0.684890579 
0.685457072 
0.686023566 
0.686590059 
0.687156553 
0.687723046 
0.688289539 
0.688856033 
0.689422526 
0.689989020 
0.690555513 
0.691122007 
0.691688500 
0.692254993 
0.692821487 
0.693387980 
0.693954474 
0.694520967 
0.695087461 
0.695653954 
0.696220447 
0.696786941 
0.697353434 
0.697919928 
0.698486421 
0.699052915 
0.699619408 
0.700185902 
0.700752395 
0.701318888 
0.701885382 
0.702451875 
0.703018369 
0.703584862 
0.704151356 
0.704717849 
0.705284342 
0.705850836 
0.706417329 
0.706983823 
0.707550316 
0.708116810 
0.708683303 
0.709249796 
0.709816290 
0.710382783 
0.710949277 
0.711515770 
0.712082264 
0.712648757 
0.713215250 
0.713781744 
0.714348237 
0.714914731 
0.715481224 
0.716047718 
0.716614211 
0.717180705 
0.717747198 
0.718313691 
0.718880185 
0.719446678 
0.720013172 
0.720579665 
0.721146159 
0.721712652 
0.722279145 
0.722845639 
0.723412132 
0.723978626 
0.724545119 
0.725111613 
0.725678106 
0.726244599 
0.726811093 
0.727377586 
0.727944080 
0.728510573 
0.729077067 
0.729643560 
0.730210053 
0.730776547 
0.731343040 
0.731909534 
0.732476027 
0.733042521 
0.733609014 
0.734175508 
0.734742001 
0.735308494 
0.735874988 
0.736441481 
0.737007975 
0.737574468 
0.738140962 
0.738707455 
0.739273948 
0.739840442 
0.740406935 
0.740973429 
0.741539922 
0.742106416 
0.742672909 
0.743239402 
0.743805896 
0.744372389 
0.744938883 
0.745505376 
0.746071870 
0.746638363 
0.747204856 
0.747771350 
0.748337843 
0.748904337 
0.749470830 
0.750037324 
0.750603817 
0.751170311 
0.751736804 
0.752303297 
0.752869791 
0.753436284 
0.754002778 
0.754569271 
0.755135765 
0.755702258 
0.756268751 
0.756835245 
0.757401738 
0.757968232 
0.758534725 
0.759101219 
0.759667712 
0.760234205 
0.760800699 
0.761367192 
0.761933686 
0.762500179 
0.763066673 
0.763633166 
0.764199659 
0.764766153 
0.765332646 
0.765899140 
0.766465633 
0.767032127 
0.767598620 
0.768165114 
0.768731607 
0.769298100 
0.769864594 
0.770431087 
0.770997581 
0.771564074 
0.772130568 
0.772697061 
0.773263554 
0.773830048 
0.774396541 
0.774963035 
0.775529528 
0.776096022 
0.776662515 
0.777229008 
0.777795502 
0.778361995 
0.778928489 
0.779494982 
0.780061476 
0.780627969 
0.781194462 
0.781760956 
0.782327449 
0.782893943 
0.783460436 
0.784026930 
0.784593423 
0.785159917 
0.785726410 
0.786292903 
0.786859397 
0.787425890 
0.787992384 
0.788558877 
0.789125371 
0.789691864 
0.790258357 
0.790824851 
0.791391344 
0.791957838 
0.792524331 
0.793090825 
0.793657318 
0.794223811 
0.794790305 
0.795356798 
0.795923292 
0.796489785 
0.797056279 
0.797622772 
0.798189265 
0.798755759 
0.799322252 
0.799888746 
0.800455239 
0.801021733 
0.801588226 
0.802154719 
0.802721213 
0.803287706 
0.803854200 
0.804420693 
0.804987187 
0.805553680 
0.806120174 
0.806686667 
0.807253160 
0.807819654 
0.808386147 
0.808952641 
0.809519134 
0.810085628 
0.810652121 
0.811218614 
0.811785108 
0.812351601 
0.812918095 
0.813484588 
0.814051082 
0.814617575 
0.815184068 
0.815750562 
0.816317055 
0.816883549 
0.817450042 
0.818016536 
0.818583029 
0.819149522 
0.819716016 
0.820282509 
0.820849003 
0.821415496 
0.821981990 
0.822548483 
0.823114977 
0.823681470 
0.824247963 
0.824814457 
0.825380950 
0.825947444 
0.826513937 
0.827080431 
0.827646924 
0.828213417 
0.828779911 
0.829346404 
0.829912898 
0.830479391 
0.831045885 
0.831612378 
0.832178871 
0.832745365 
0.833311858 
0.833878352 
0.834444845 
0.835011339 
0.835577832 
0.836144325 
0.836710819 
0.837277312 
0.837843806 
0.838410299 
0.838976793 
0.839543286 
0.840109780 
0.840676273 
0.841242766 
0.841809260 
0.842375753 
0.842942247 
0.843508740 
0.844075234 
0.844641727 
0.845208220 
0.845774714 
0.846341207 
0.846907701 
0.847474194 
0.848040688 
0.848607181 
0.849173674 
0.849740168 
0.850306661 
0.850873155 
0.851439648 
0.852006142 
0.852572635 
0.853139128 
0.853705622 
0.854272115 
0.854838609 
0.855405102 
0.855971596 
0.856538089 
0.857104583 
0.857671076 
0.858237569 
0.858804063 
0.859370556 
0.859937050 
0.860503543 
0.861070037 
0.861636530 
0.862203023 
0.862769517 
0.863336010 
0.863902504 
0.864468997 
0.865035491 
0.865601984 
0.866168477 
0.866734971 
0.867301464 
0.867867958 
0.868434451 
0.869000945 
0.869567438 
0.870133931 
0.870700425 
0.871266918 
0.871833412 
0.872399905 
0.872966399 
0.873532892 
0.874099386 
0.874665879 
0.875232372 
0.875798866 
0.876365359 
0.876931853 
0.877498346 
0.878064840 
0.878631333 
0.879197826 
0.879764320 
0.880330813 
0.880897307 
0.881463800 
0.882030294 
0.882596787 
0.883163280 
0.883729774 
0.884296267 
0.884862761 
0.885429254 
0.885995748 
0.886562241 
0.887128734 
0.887695228 
0.888261721 
0.888828215 
0.889394708 
0.889961202 
0.890527695 
0.891094189 
0.891660682 
0.892227175 
0.892793669 
0.893360162 
0.893926656 
0.894493149 
0.895059643 
0.895626136 
0.896192629 
0.896759123 
0.897325616 
0.897892110 
0.898458603 
0.899025097 
0.899591590 
0.900158083 
0.900724577 
0.901291070 
0.901857564 
0.902424057 
0.902990551 
0.903557044 
0.904123537 
0.904690031 
0.905256524 
0.905823018 
0.906389511 
0.906956005 
0.907522498 
0.908088992 
0.908655485 
0.909221978 
0.909788472 
0.910354965 
0.910921459 
0.911487952 
0.912054446 
0.912620939 
0.913187432 
0.913753926 
0.914320419 
0.914886913 
0.915453406 
0.916019900 
0.916586393 
0.917152886 
0.917719380 
0.918285873 
0.918852367 
0.919418860 
0.919985354 
0.920551847 
0.921118340 
0.921684834 
0.922251327 
0.922817821 
0.923384314 
0.923950808 
0.924517301 
0.925083795 
0.925650288 
0.926216781 
0.926783275 
0.927349768 
0.927916262 
0.928482755 
0.929049249 
0.929615742 
0.930182235 
0.930748729 
0.931315222 
0.931881716 
0.932448209 
0.933014703 
0.933581196 
0.934147689 
0.934714183 
0.935280676 
0.935847170 
0.936413663 
0.936980157 
0.937546650 
0.938113143 
0.938679637 
0.939246130 
0.939812624 
0.940379117 
0.940945611 
0.941512104 
0.942078598 
0.942645091 
0.943211584 
0.943778078 
0.944344571 
0.944911065 
0.945477558 
0.946044052 
0.946610545 
0.947177038 
0.947743532 
0.948310025 
0.948876519 
0.949443012 
0.950009506 
0.950575999 
0.951142492 
0.951708986 
0.952275479 
0.952841973 
0.953408466 
0.953974960 
0.954541453 
0.955107946 
0.955674440 
0.956240933 
0.956807427 
0.957373920 
0.957940414 
0.958506907 
0.959073401 
0.959639894 
0.960206387 
0.960772881 
0.961339374 
0.961905868 
0.962472361 
0.963038855 
0.963605348 
0.964171841 
0.964738335 
0.965304828 
0.965871322 
0.966437815 
0.967004309 
0.967570802 
0.968137295 
0.968703789 
0.969270282 
0.969836776 
0.970403269 
0.970969763 
0.971536256 
0.972102749 
0.972669243 
0.973235736 
0.973802230 
0.974368723 
0.974935217 
0.975501710 
0.976068204 
0.976634697 
0.977201190 
0.977767684 
0.978334177 
0.978900671 
0.979467164 
0.980033658 
0.980600151 
0.981166644 
0.981733138 
0.982299631 
0.982866125 
0.983432618 
0.983999112 
0.984565605 
0.985132098 
0.985698592 
0.986265085 
0.986831579 
0.987398072 
0.987964566 
0.988531059 
0.989097552 
0.989664046 
0.990230539 
0.990797033 
0.991363526 
0.991930020 
0.992496513 
0.993063007 
0.993629500 
0.994195993 
0.994762487 
0.995328980 
0.995895474 
0.996461967 
0.997028461 
0.997594954 
0.998161447 
0.998727941 
0.999294434 
0.999860928 
1.000427421 
1.000993915 
1.001560408 
1.002126901 
1.002693395 
1.003259888 
1.003826382 
1.004392875 
1.004959369 
1.005525862 
1.006092355 
1.006658849 
1.007225342 
1.007791836 
1.008358329 
1.008924823 
1.009491316 
1.010057810 
1.010624303 
1.011190796 
1.011757290 
1.012323783 
1.012890277 
1.013456770 
1.014023264 
1.014589757 
1.015156250 
1.015722744 
1.016289237 
1.016855731 
1.017422224 
1.017988718 
1.018555211 
1.019121704 
1.019688198 
1.020254691 
1.020821185 
1.021387678 
1.021954172 
1.022520665 
1.023087158 
1.023653652 
1.024220145 
1.024786639 
1.025353132 
1.025919626 
1.026486119 
1.027052612 
1.027619106 
1.028185599 
1.028752093 
1.029318586 
1.029885080 
1.030451573 
1.031018067 
1.031584560 
1.032151053 
1.032717547 
1.033284040 
1.033850534 
1.034417027 
1.034983521 
1.035550014 
1.036116507 
1.036683001 
1.037249494 
1.037815988 
1.038382481 
1.038948975 
1.039515468 
1.040081961 
1.040648455 
1.041214948 
1.041781442 
1.042347935 
1.042914429 
1.043480922 
1.044047415 
1.044613909 
1.045180402 
1.045746896 
1.046313389 
1.046879883 
1.047446376 
1.048012870 
1.048579363 
1.049145856 
1.049712350 
1.050278843 
1.050845337 
1.051411830 
1.051978324 
1.052544817 
1.053111310 
1.053677804 
1.054244297 
1.054810791 
1.055377284 
1.055943778 
1.056510271 
1.057076764 
1.057643258 
1.058209751 
1.058776245 
1.059342738 
1.059909232 
1.060475725 
1.061042218 
1.061608712 
1.062175205 
1.062741699 
1.063308192 
1.063874686 
1.064441179 
1.065007673 
1.065574166 
1.066140659 
1.066707153 
1.067273646 
1.067840140 
1.068406633 
1.068973127 
1.069539620 
1.070106113 
1.070672607 
1.071239100 
1.071805594 
1.072372087 
1.072938581 
1.073505074 
1.074071567 
1.074638061 
1.075204554 
1.075771048 
1.076337541 
1.076904035 
1.077470528 
1.078037021 
1.078603515 
1.079170008 
1.079736502 
1.080302995 
1.080869489 
1.081435982 
1.082002476 
1.082568969 
1.083135462 
1.083701956 
1.084268449 
1.084834943 
1.085401436 
1.085967930 
1.086534423 
1.087100916 
1.087667410 
1.088233903 
1.088800397 
1.089366890 
1.089933384 
1.090499877 
1.091066370 
1.091632864 
1.092199357 
1.092765851 
1.093332344 
1.093898838 
1.094465331 
1.095031824 
1.095598318 
1.096164811 
1.096731305 
1.097297798 
1.097864292 
1.098430785 
1.098997279 
1.099563772 
1.100130265 
1.100696759 
1.101263252 
1.101829746 
1.102396239 
1.102962733 
1.103529226 
1.104095719 
1.104662213 
1.105228706 
1.105795200 
1.106361693 
1.106928187 
1.107494680 
1.108061173 
1.108627667 
1.109194160 
1.109760654 
1.110327147 
1.110893641 
1.111460134 
1.112026627 
1.112593121 
1.113159614 
1.113726108 
1.114292601 
1.114859095 
1.115425588 
1.115992082 
1.116558575 
1.117125068 
1.117691562 
1.118258055 
1.118824549 
1.119391042 
1.119957536 
1.120524029 
1.121090522 
1.121657016 
1.122223509 
1.122790003 
1.123356496 
1.123922990 
1.124489483 
1.125055976 
1.125622470 
1.126188963 
1.126755457 
1.127321950 
1.127888444 
1.128454937 
1.129021430 
1.129587924 
1.130154417 
1.130720911 
1.131287404 
1.131853898 
1.132420391 
1.132986885 
1.133553378 
1.134119871 
1.134686365 
1.135252858 
1.135819352 
1.136385845 
1.136952339 
1.137518832 
1.138085325 
1.138651819 
1.139218312 
1.139784806 
1.140351299 
1.140917793 
1.141484286 
1.142050779 
1.142617273 
1.143183766 
1.143750260 
1.144316753 
1.144883247 
1.145449740 
1.146016233 
1.146582727 
1.147149220 
1.147715714 
1.148282207 
