-6.872498 
-6.528872 
-6.185247 
-5.841621 
-5.497996 
-5.154370 
-4.810745 
-4.467119 
-4.123494 
-3.779868 
-3.436243 
-3.092617 
-2.748992 
-2.405366 
-2.061741 
-1.718115 
-1.374490 
-1.030864 
-0.687239 
-0.343613 
0.000012 
0.343638 
0.687263 
1.030889 
1.374514 
1.718140 
2.061765 
2.405391 
2.749016 
3.092642 
3.436267 
3.779893 
4.123518 
4.467143 
4.810769 
5.154394 
5.498020 
5.841645 
6.185271 
6.528896 
6.872522 
7.216147 
7.559773 
7.903398 
8.247024 
8.590649 
8.934275 
9.277900 
9.621526 
9.965151 
10.308777 
10.652402 
10.996028 
11.339653 
11.683279 
12.026904 
12.370530 
12.714155 
13.057781 
13.401406 
13.745032 
14.088657 
14.432283 
14.775908 
15.119534 
15.463159 
15.806785 
16.150410 
16.494035 
16.837661 
17.181286 
17.524912 
17.868537 
18.212163 
18.555788 
18.899414 
19.243039 
19.586665 
19.930290 
20.273916 
20.617541 
20.961167 
21.304792 
21.648418 
21.992043 
22.335669 
22.679294 
23.022920 
23.366545 
23.710171 
24.053796 
24.397422 
24.741047 
25.084673 
25.428298 
25.771924 
26.115549 
26.459175 
26.802800 
27.146426 
27.490051 
27.833677 
28.177302 
28.520927 
28.864553 
29.208178 
29.551804 
29.895429 
30.239055 
30.582680 
30.926306 
31.269931 
31.613557 
31.957182 
32.300808 
32.644433 
32.988059 
33.331684 
33.675310 
34.018935 
34.362561 
34.706186 
35.049812 
35.393437 
35.737063 
36.080688 
36.424314 
36.767939 
37.111565 
37.455190 
37.798816 
38.142441 
38.486067 
38.829692 
39.173318 
39.516943 
39.860569 
40.204194 
40.547819 
40.891445 
41.235070 
41.578696 
41.922321 
42.265947 
42.609572 
42.953198 
43.296823 
43.640449 
43.984074 
44.327700 
44.671325 
45.014951 
45.358576 
45.702202 
46.045827 
46.389453 
46.733078 
47.076704 
47.420329 
47.763955 
48.107580 
48.451206 
48.794831 
49.138457 
49.482082 
49.825708 
50.169333 
50.512959 
50.856584 
51.200210 
51.543835 
51.887461 
52.231086 
52.574712 
52.918337 
53.261962 
53.605588 
53.949213 
54.292839 
54.636464 
54.980090 
55.323715 
55.667341 
56.010966 
56.354592 
56.698217 
57.041843 
57.385468 
57.729094 
58.072719 
58.416345 
58.759970 
59.103596 
59.447221 
59.790847 
60.134472 
60.478098 
60.821723 
61.165349 
61.508974 
61.852600 
62.196225 
62.539851 
62.883476 
63.227102 
63.570727 
63.914353 
64.257978 
64.601604 
64.945229 
65.288854 
65.632480 
65.976105 
66.319731 
66.663356 
67.006982 
67.350607 
67.694233 
68.037858 
68.381484 
68.725109 
69.068735 
69.412360 
69.755986 
70.099611 
70.443237 
70.786862 
71.130488 
71.474113 
71.817739 
72.161364 
72.504990 
72.848615 
73.192241 
73.535866 
73.879492 
74.223117 
74.566743 
74.910368 
75.253994 
75.597619 
75.941245 
76.284870 
76.628496 
76.972121 
77.315746 
77.659372 
78.002997 
78.346623 
78.690248 
79.033874 
79.377499 
79.721125 
80.064750 
80.408376 
80.752001 
81.095627 
81.439252 
81.782878 
82.126503 
82.470129 
82.813754 
83.157380 
83.501005 
83.844631 
84.188256 
84.531882 
84.875507 
85.219133 
85.562758 
85.906384 
86.250009 
86.593635 
86.937260 
87.280886 
87.624511 
87.968137 
88.311762 
88.655388 
88.999013 
89.342638 
89.686264 
90.029889 
90.373515 
90.717140 
91.060766 
91.404391 
91.748017 
92.091642 
92.435268 
92.778893 
93.122519 
93.466144 
93.809770 
94.153395 
94.497021 
94.840646 
95.184272 
95.527897 
95.871523 
96.215148 
96.558774 
96.902399 
97.246025 
97.589650 
97.933276 
98.276901 
98.620527 
98.964152 
99.307778 
99.651403 
99.995029 
100.338654 
100.682280 
101.025905 
101.369530 
101.713156 
102.056781 
102.400407 
102.744032 
103.087658 
103.431283 
103.774909 
104.118534 
104.462160 
104.805785 
105.149411 
105.493036 
105.836662 
106.180287 
106.523913 
106.867538 
107.211164 
107.554789 
107.898415 
108.242040 
108.585666 
108.929291 
109.272917 
109.616542 
109.960168 
110.303793 
110.647419 
110.991044 
111.334670 
111.678295 
112.021921 
112.365546 
112.709172 
113.052797 
113.396423 
113.740048 
114.083673 
114.427299 
114.770924 
115.114550 
115.458175 
115.801801 
116.145426 
116.489052 
116.832677 
117.176303 
117.519928 
117.863554 
118.207179 
118.550805 
118.894430 
119.238056 
119.581681 
119.925307 
120.268932 
120.612558 
120.956183 
121.299809 
121.643434 
121.987060 
122.330685 
122.674311 
123.017936 
123.361562 
123.705187 
124.048813 
124.392438 
124.736064 
125.079689 
125.423315 
125.766940 
126.110565 
126.454191 
126.797816 
127.141442 
127.485067 
127.828693 
128.172318 
128.515944 
128.859569 
129.203195 
129.546820 
129.890446 
130.234071 
130.577697 
130.921322 
131.264948 
131.608573 
131.952199 
132.295824 
132.639450 
132.983075 
133.326701 
133.670326 
134.013952 
134.357577 
134.701203 
135.044828 
135.388454 
135.732079 
136.075705 
136.419330 
136.762956 
137.106581 
137.450207 
137.793832 
138.137457 
138.481083 
138.824708 
139.168334 
139.511959 
139.855585 
140.199210 
140.542836 
140.886461 
141.230087 
141.573712 
141.917338 
142.260963 
142.604589 
142.948214 
143.291840 
143.635465 
143.979091 
144.322716 
144.666342 
145.009967 
145.353593 
145.697218 
146.040844 
146.384469 
146.728095 
147.071720 
147.415346 
147.758971 
148.102597 
148.446222 
148.789848 
149.133473 
149.477099 
149.820724 
150.164349 
150.507975 
150.851600 
151.195226 
151.538851 
151.882477 
152.226102 
152.569728 
152.913353 
153.256979 
153.600604 
153.944230 
154.287855 
154.631481 
154.975106 
155.318732 
155.662357 
156.005983 
156.349608 
156.693234 
157.036859 
157.380485 
157.724110 
158.067736 
158.411361 
158.754987 
159.098612 
159.442238 
159.785863 
160.129489 
160.473114 
160.816740 
161.160365 
161.503991 
161.847616 
162.191242 
162.534867 
162.878492 
163.222118 
163.565743 
163.909369 
164.252994 
164.596620 
164.940245 
165.283871 
165.627496 
165.971122 
166.314747 
166.658373 
167.001998 
167.345624 
167.689249 
168.032875 
168.376500 
168.720126 
169.063751 
169.407377 
169.751002 
170.094628 
170.438253 
170.781879 
171.125504 
171.469130 
171.812755 
172.156381 
172.500006 
172.843632 
173.187257 
173.530883 
173.874508 
174.218134 
174.561759 
174.905384 
175.249010 
175.592635 
175.936261 
176.279886 
176.623512 
176.967137 
177.310763 
177.654388 
177.998014 
178.341639 
178.685265 
179.028890 
179.372516 
179.716141 
180.059767 
180.403392 
180.747018 
181.090643 
181.434269 
181.777894 
182.121520 
182.465145 
182.808771 
183.152396 
183.496022 
183.839647 
184.183273 
184.526898 
184.870524 
185.214149 
185.557775 
185.901400 
186.245026 
186.588651 
186.932276 
187.275902 
187.619527 
187.963153 
188.306778 
188.650404 
188.994029 
189.337655 
189.681280 
190.024906 
190.368531 
190.712157 
191.055782 
191.399408 
191.743033 
192.086659 
192.430284 
192.773910 
193.117535 
193.461161 
193.804786 
194.148412 
194.492037 
194.835663 
195.179288 
195.522914 
195.866539 
196.210165 
196.553790 
196.897416 
197.241041 
197.584667 
197.928292 
198.271918 
198.615543 
198.959168 
199.302794 
199.646419 
199.990045 
200.333670 
200.677296 
201.020921 
201.364547 
201.708172 
202.051798 
202.395423 
202.739049 
203.082674 
203.426300 
203.769925 
204.113551 
204.457176 
204.800802 
205.144427 
205.488053 
205.831678 
206.175304 
206.518929 
206.862555 
207.206180 
207.549806 
207.893431 
208.237057 
208.580682 
208.924308 
209.267933 
209.611559 
209.955184 
210.298810 
210.642435 
210.986061 
211.329686 
211.673311 
212.016937 
212.360562 
212.704188 
213.047813 
213.391439 
213.735064 
214.078690 
214.422315 
214.765941 
215.109566 
215.453192 
215.796817 
216.140443 
216.484068 
216.827694 
217.171319 
217.514945 
217.858570 
218.202196 
218.545821 
218.889447 
219.233072 
219.576698 
219.920323 
220.263949 
220.607574 
220.951200 
221.294825 
221.638451 
221.982076 
222.325702 
222.669327 
223.012953 
223.356578 
223.700203 
224.043829 
224.387454 
224.731080 
225.074705 
225.418331 
225.761956 
226.105582 
226.449207 
226.792833 
227.136458 
227.480084 
227.823709 
228.167335 
228.510960 
228.854586 
229.198211 
229.541837 
229.885462 
230.229088 
230.572713 
230.916339 
231.259964 
231.603590 
231.947215 
232.290841 
232.634466 
232.978092 
233.321717 
233.665343 
234.008968 
234.352594 
234.696219 
235.039845 
235.383470 
235.727095 
236.070721 
236.414346 
236.757972 
237.101597 
237.445223 
237.788848 
238.132474 
238.476099 
238.819725 
239.163350 
239.506976 
239.850601 
240.194227 
240.537852 
240.881478 
241.225103 
241.568729 
241.912354 
242.255980 
242.599605 
242.943231 
243.286856 
243.630482 
243.974107 
244.317733 
244.661358 
245.004984 
245.348609 
245.692235 
246.035860 
246.379486 
246.723111 
247.066737 
247.410362 
247.753987 
248.097613 
248.441238 
248.784864 
249.128489 
249.472115 
249.815740 
250.159366 
250.502991 
250.846617 
251.190242 
251.533868 
251.877493 
252.221119 
252.564744 
252.908370 
253.251995 
253.595621 
253.939246 
254.282872 
254.626497 
254.970123 
255.313748 
255.657374 
256.000999 
256.344625 
256.688250 
257.031876 
257.375501 
257.719127 
258.062752 
258.406378 
258.750003 
259.093629 
259.437254 
259.780879 
260.124505 
260.468130 
260.811756 
261.155381 
261.499007 
261.842632 
262.186258 
262.529883 
262.873509 
263.217134 
263.560760 
263.904385 
264.248011 
264.591636 
264.935262 
265.278887 
265.622513 
265.966138 
266.309764 
266.653389 
266.997015 
267.340640 
267.684266 
268.027891 
268.371517 
268.715142 
269.058768 
269.402393 
269.746019 
270.089644 
270.433270 
270.776895 
271.120521 
271.464146 
271.807772 
272.151397 
272.495022 
272.838648 
273.182273 
273.525899 
273.869524 
274.213150 
274.556775 
274.900401 
275.244026 
275.587652 
275.931277 
276.274903 
276.618528 
276.962154 
277.305779 
277.649405 
277.993030 
278.336656 
278.680281 
279.023907 
279.367532 
279.711158 
280.054783 
280.398409 
280.742034 
281.085660 
281.429285 
281.772911 
282.116536 
282.460162 
282.803787 
283.147413 
283.491038 
283.834664 
284.178289 
284.521914 
284.865540 
285.209165 
285.552791 
285.896416 
286.240042 
286.583667 
286.927293 
287.270918 
287.614544 
287.958169 
288.301795 
288.645420 
288.989046 
289.332671 
289.676297 
290.019922 
290.363548 
290.707173 
291.050799 
291.394424 
291.738050 
292.081675 
292.425301 
292.768926 
293.112552 
293.456177 
293.799803 
294.143428 
294.487054 
294.830679 
295.174305 
295.517930 
295.861556 
296.205181 
296.548806 
296.892432 
297.236057 
297.579683 
297.923308 
298.266934 
298.610559 
298.954185 
299.297810 
299.641436 
299.985061 
300.328687 
300.672312 
301.015938 
301.359563 
301.703189 
302.046814 
302.390440 
302.734065 
303.077691 
303.421316 
303.764942 
304.108567 
304.452193 
304.795818 
305.139444 
305.483069 
305.826695 
306.170320 
306.513946 
306.857571 
307.201197 
307.544822 
307.888448 
308.232073 
308.575698 
308.919324 
309.262949 
309.606575 
309.950200 
310.293826 
310.637451 
310.981077 
311.324702 
311.668328 
312.011953 
312.355579 
312.699204 
313.042830 
313.386455 
313.730081 
314.073706 
314.417332 
314.760957 
315.104583 
315.448208 
315.791834 
316.135459 
316.479085 
316.822710 
317.166336 
317.509961 
317.853587 
318.197212 
318.540838 
318.884463 
319.228089 
319.571714 
319.915340 
320.258965 
320.602591 
320.946216 
321.289841 
321.633467 
321.977092 
322.320718 
322.664343 
323.007969 
323.351594 
323.695220 
324.038845 
324.382471 
324.726096 
325.069722 
325.413347 
325.756973 
326.100598 
326.444224 
326.787849 
327.131475 
327.475100 
327.818726 
328.162351 
328.505977 
328.849602 
329.193228 
329.536853 
329.880479 
330.224104 
330.567730 
330.911355 
331.254981 
331.598606 
331.942232 
332.285857 
332.629483 
332.973108 
333.316733 
333.660359 
334.003984 
334.347610 
334.691235 
335.034861 
335.378486 
335.722112 
336.065737 
336.409363 
336.752988 
337.096614 
337.440239 
337.783865 
338.127490 
338.471116 
338.814741 
339.158367 
339.501992 
339.845618 
340.189243 
340.532869 
340.876494 
341.220120 
341.563745 
341.907371 
342.250996 
342.594622 
342.938247 
343.281873 
343.625498 
343.969124 
344.312749 
344.656375 
345.000000 
345.343625 
345.687251 
346.030876 
346.374502 
346.718127 
347.061753 
347.405378 
347.749004 
348.092629 
348.436255 
348.779880 
349.123506 
349.467131 
349.810757 
350.154382 
350.498008 
350.841633 
351.185259 
351.528884 
351.872510 
352.216135 
352.559761 
352.903386 
353.247012 
353.590637 
353.934263 
354.277888 
354.621514 
354.965139 
355.308765 
355.652390 
355.996016 
356.339641 
356.683267 
357.026892 
357.370517 
357.714143 
358.057768 
358.401394 
358.745019 
359.088645 
359.432270 
359.775896 
360.119521 
360.463147 
360.806772 
361.150398 
361.494023 
361.837649 
362.181274 
362.524900 
362.868525 
363.212151 
363.555776 
363.899402 
364.243027 
364.586653 
364.930278 
365.273904 
365.617529 
365.961155 
366.304780 
366.648406 
366.992031 
367.335657 
367.679282 
368.022908 
368.366533 
368.710159 
369.053784 
369.397409 
369.741035 
370.084660 
370.428286 
370.771911 
371.115537 
371.459162 
371.802788 
372.146413 
372.490039 
372.833664 
373.177290 
373.520915 
373.864541 
374.208166 
374.551792 
374.895417 
375.239043 
375.582668 
375.926294 
376.269919 
376.613545 
376.957170 
377.300796 
377.644421 
377.988047 
378.331672 
378.675298 
379.018923 
379.362549 
379.706174 
380.049800 
380.393425 
380.737051 
381.080676 
381.424302 
381.767927 
382.111552 
382.455178 
382.798803 
383.142429 
383.486054 
383.829680 
384.173305 
384.516931 
384.860556 
385.204182 
385.547807 
385.891433 
386.235058 
386.578684 
386.922309 
387.265935 
387.609560 
387.953186 
388.296811 
388.640437 
388.984062 
389.327688 
389.671313 
390.014939 
390.358564 
390.702190 
391.045815 
391.389441 
391.733066 
392.076692 
392.420317 
392.763943 
393.107568 
393.451194 
393.794819 
394.138444 
394.482070 
394.825695 
395.169321 
395.512946 
395.856572 
396.200197 
396.543823 
396.887448 
397.231074 
397.574699 
397.918325 
398.261950 
398.605576 
398.949201 
399.292827 
399.636452 
399.980078 
400.323703 
400.667329 
401.010954 
401.354580 
401.698205 
402.041831 
402.385456 
402.729082 
403.072707 
403.416333 
403.759958 
404.103584 
404.447209 
404.790835 
405.134460 
405.478086 
405.821711 
406.165336 
406.508962 
406.852587 
407.196213 
407.539838 
407.883464 
408.227089 
408.570715 
408.914340 
409.257966 
409.601591 
409.945217 
410.288842 
410.632468 
410.976093 
411.319719 
411.663344 
412.006970 
412.350595 
412.694221 
413.037846 
413.381472 
413.725097 
414.068723 
414.412348 
414.755974 
415.099599 
415.443225 
415.786850 
416.130476 
416.474101 
416.817727 
417.161352 
417.504978 
417.848603 
418.192228 
418.535854 
418.879479 
419.223105 
419.566730 
419.910356 
420.253981 
420.597607 
420.941232 
421.284858 
421.628483 
421.972109 
422.315734 
422.659360 
423.002985 
423.346611 
423.690236 
424.033862 
424.377487 
424.721113 
425.064738 
425.408364 
425.751989 
426.095615 
426.439240 
426.782866 
427.126491 
427.470117 
427.813742 
428.157368 
428.500993 
428.844619 
429.188244 
429.531870 
429.875495 
430.219121 
430.562746 
430.906371 
431.249997 
431.593622 
431.937248 
432.280873 
432.624499 
432.968124 
433.311750 
433.655375 
433.999001 
434.342626 
434.686252 
435.029877 
435.373503 
435.717128 
436.060754 
436.404379 
436.748005 
437.091630 
437.435256 
437.778881 
438.122507 
438.466132 
438.809758 
439.153383 
439.497009 
439.840634 
440.184260 
440.527885 
440.871511 
441.215136 
441.558762 
441.902387 
442.246013 
442.589638 
442.933263 
443.276889 
443.620514 
443.964140 
444.307765 
444.651391 
444.995016 
445.338642 
445.682267 
446.025893 
446.369518 
446.713144 
447.056769 
447.400395 
447.744020 
448.087646 
448.431271 
448.774897 
449.118522 
449.462148 
449.805773 
450.149399 
450.493024 
450.836650 
451.180275 
451.523901 
451.867526 
452.211152 
452.554777 
452.898403 
453.242028 
453.585654 
453.929279 
454.272905 
454.616530 
454.960155 
455.303781 
455.647406 
455.991032 
456.334657 
456.678283 
457.021908 
457.365534 
457.709159 
458.052785 
458.396410 
458.740036 
459.083661 
459.427287 
459.770912 
460.114538 
460.458163 
460.801789 
461.145414 
461.489040 
461.832665 
462.176291 
462.519916 
462.863542 
463.207167 
463.550793 
463.894418 
464.238044 
464.581669 
464.925295 
465.268920 
465.612546 
465.956171 
466.299797 
466.643422 
466.987047 
467.330673 
467.674298 
468.017924 
468.361549 
468.705175 
469.048800 
469.392426 
469.736051 
470.079677 
470.423302 
470.766928 
471.110553 
471.454179 
471.797804 
472.141430 
472.485055 
472.828681 
473.172306 
473.515932 
473.859557 
474.203183 
474.546808 
474.890434 
475.234059 
475.577685 
475.921310 
476.264936 
476.608561 
476.952187 
477.295812 
477.639438 
477.983063 
478.326689 
478.670314 
479.013940 
479.357565 
479.701190 
480.044816 
480.388441 
480.732067 
481.075692 
481.419318 
481.762943 
482.106569 
482.450194 
482.793820 
483.137445 
483.481071 
483.824696 
484.168322 
484.511947 
484.855573 
485.199198 
485.542824 
485.886449 
486.230075 
486.573700 
486.917326 
487.260951 
487.604577 
487.948202 
488.291828 
488.635453 
488.979079 
489.322704 
489.666330 
490.009955 
490.353581 
490.697206 
491.040832 
491.384457 
491.728082 
492.071708 
492.415333 
492.758959 
493.102584 
493.446210 
493.789835 
494.133461 
494.477086 
494.820712 
495.164337 
495.507963 
495.851588 
496.195214 
496.538839 
496.882465 
497.226090 
497.569716 
497.913341 
498.256967 
498.600592 
498.944218 
499.287843 
499.631469 
499.975094 
500.318720 
500.662345 
501.005971 
501.349596 
501.693222 
502.036847 
502.380473 
502.724098 
503.067724 
503.411349 
503.754974 
504.098600 
504.442225 
504.785851 
505.129476 
505.473102 
505.816727 
506.160353 
506.503978 
506.847604 
507.191229 
507.534855 
507.878480 
508.222106 
508.565731 
508.909357 
509.252982 
509.596608 
509.940233 
510.283859 
510.627484 
510.971110 
511.314735 
511.658361 
512.001986 
512.345612 
512.689237 
513.032863 
513.376488 
513.720114 
514.063739 
514.407365 
514.750990 
515.094616 
515.438241 
515.781866 
516.125492 
516.469117 
516.812743 
517.156368 
517.499994 
517.843619 
518.187245 
518.530870 
518.874496 
519.218121 
519.561747 
519.905372 
520.248998 
520.592623 
520.936249 
521.279874 
521.623500 
521.967125 
522.310751 
522.654376 
522.998002 
523.341627 
523.685253 
524.028878 
524.372504 
524.716129 
525.059755 
525.403380 
525.747006 
526.090631 
526.434257 
526.777882 
527.121508 
527.465133 
527.808758 
528.152384 
528.496009 
528.839635 
529.183260 
529.526886 
529.870511 
530.214137 
530.557762 
530.901388 
531.245013 
531.588639 
531.932264 
532.275890 
532.619515 
532.963141 
533.306766 
533.650392 
533.994017 
534.337643 
534.681268 
535.024894 
535.368519 
535.712145 
536.055770 
536.399396 
536.743021 
537.086647 
537.430272 
537.773898 
538.117523 
538.461149 
538.804774 
539.148400 
539.492025 
539.835651 
540.179276 
540.522901 
540.866527 
541.210152 
541.553778 
541.897403 
542.241029 
542.584654 
542.928280 
543.271905 
543.615531 
543.959156 
544.302782 
544.646407 
544.990033 
545.333658 
545.677284 
546.020909 
546.364535 
546.708160 
547.051786 
547.395411 
547.739037 
548.082662 
548.426288 
548.769913 
549.113539 
549.457164 
549.800790 
550.144415 
550.488041 
550.831666 
551.175292 
551.518917 
551.862543 
552.206168 
552.549793 
552.893419 
553.237044 
553.580670 
553.924295 
554.267921 
554.611546 
554.955172 
555.298797 
555.642423 
555.986048 
556.329674 
556.673299 
557.016925 
557.360550 
557.704176 
558.047801 
558.391427 
558.735052 
559.078678 
559.422303 
559.765929 
560.109554 
560.453180 
560.796805 
561.140431 
561.484056 
561.827682 
562.171307 
562.514933 
562.858558 
563.202184 
563.545809 
563.889435 
564.233060 
564.576685 
564.920311 
565.263936 
565.607562 
565.951187 
566.294813 
566.638438 
566.982064 
567.325689 
567.669315 
568.012940 
568.356566 
568.700191 
569.043817 
569.387442 
569.731068 
570.074693 
570.418319 
570.761944 
571.105570 
571.449195 
571.792821 
572.136446 
572.480072 
572.823697 
573.167323 
573.510948 
573.854574 
574.198199 
574.541825 
574.885450 
575.229076 
575.572701 
575.916327 
576.259952 
576.603577 
576.947203 
577.290828 
577.634454 
577.978079 
578.321705 
578.665330 
579.008956 
579.352581 
579.696207 
580.039832 
580.383458 
580.727083 
581.070709 
581.414334 
581.757960 
582.101585 
582.445211 
582.788836 
583.132462 
583.476087 
583.819713 
584.163338 
584.506964 
584.850589 
585.194215 
585.537840 
585.881466 
586.225091 
586.568717 
586.912342 
587.255968 
587.599593 
587.943219 
588.286844 
588.630470 
588.974095 
589.317720 
589.661346 
590.004971 
590.348597 
590.692222 
591.035848 
591.379473 
591.723099 
592.066724 
592.410350 
592.753975 
593.097601 
593.441226 
593.784852 
594.128477 
594.472103 
594.815728 
595.159354 
595.502979 
595.846605 
596.190230 
596.533856 
596.877481 
597.221107 
597.564732 
597.908358 
598.251983 
598.595609 
598.939234 
599.282860 
599.626485 
599.970111 
600.313736 
600.657362 
601.000987 
601.344612 
601.688238 
602.031863 
602.375489 
602.719114 
603.062740 
603.406365 
603.749991 
604.093616 
604.437242 
604.780867 
605.124493 
605.468118 
605.811744 
606.155369 
606.498995 
606.842620 
607.186246 
607.529871 
607.873497 
608.217122 
608.560748 
608.904373 
609.247999 
609.591624 
609.935250 
610.278875 
610.622501 
610.966126 
611.309752 
611.653377 
611.997003 
612.340628 
612.684254 
613.027879 
613.371504 
613.715130 
614.058755 
614.402381 
614.746006 
615.089632 
615.433257 
615.776883 
616.120508 
616.464134 
616.807759 
617.151385 
617.495010 
617.838636 
618.182261 
618.525887 
618.869512 
619.213138 
619.556763 
619.900389 
620.244014 
620.587640 
620.931265 
621.274891 
621.618516 
621.962142 
622.305767 
622.649393 
622.993018 
623.336644 
623.680269 
624.023895 
624.367520 
624.711146 
625.054771 
625.398396 
625.742022 
626.085647 
626.429273 
626.772898 
627.116524 
627.460149 
627.803775 
628.147400 
628.491026 
628.834651 
629.178277 
629.521902 
629.865528 
630.209153 
630.552779 
630.896404 
631.240030 
631.583655 
631.927281 
632.270906 
632.614532 
632.958157 
633.301783 
633.645408 
633.989034 
634.332659 
634.676285 
635.019910 
635.363536 
635.707161 
636.050787 
636.394412 
636.738038 
637.081663 
637.425288 
637.768914 
638.112539 
638.456165 
638.799790 
639.143416 
639.487041 
639.830667 
640.174292 
640.517918 
640.861543 
641.205169 
641.548794 
641.892420 
642.236045 
642.579671 
642.923296 
643.266922 
643.610547 
643.954173 
644.297798 
644.641424 
644.985049 
645.328675 
645.672300 
646.015926 
646.359551 
646.703177 
647.046802 
647.390428 
647.734053 
648.077679 
648.421304 
648.764930 
649.108555 
649.452181 
649.795806 
650.139431 
650.483057 
650.826682 
651.170308 
651.513933 
651.857559 
652.201184 
652.544810 
652.888435 
653.232061 
653.575686 
653.919312 
654.262937 
654.606563 
654.950188 
655.293814 
655.637439 
655.981065 
656.324690 
656.668316 
657.011941 
657.355567 
657.699192 
658.042818 
658.386443 
658.730069 
659.073694 
659.417320 
659.760945 
660.104571 
660.448196 
660.791822 
661.135447 
661.479073 
661.822698 
662.166323 
662.509949 
662.853574 
663.197200 
663.540825 
663.884451 
664.228076 
664.571702 
664.915327 
665.258953 
665.602578 
665.946204 
666.289829 
666.633455 
666.977080 
667.320706 
667.664331 
668.007957 
668.351582 
668.695208 
669.038833 
669.382459 
669.726084 
670.069710 
670.413335 
670.756961 
671.100586 
671.444212 
671.787837 
672.131463 
672.475088 
672.818714 
673.162339 
673.505965 
673.849590 
674.193215 
674.536841 
674.880466 
675.224092 
675.567717 
675.911343 
676.254968 
676.598594 
676.942219 
677.285845 
677.629470 
677.973096 
678.316721 
678.660347 
679.003972 
679.347598 
679.691223 
680.034849 
680.378474 
680.722100 
681.065725 
681.409351 
681.752976 
682.096602 
682.440227 
682.783853 
683.127478 
683.471104 
683.814729 
684.158355 
684.501980 
684.845606 
685.189231 
685.532857 
685.876482 
686.220107 
686.563733 
686.907358 
687.250984 
687.594609 
687.938235 
688.281860 
688.625486 
688.969111 
689.312737 
689.656362 
689.999988 
690.343613 
690.687239 
691.030864 
691.374490 
691.718115 
692.061741 
692.405366 
692.748992 
693.092617 
693.436243 
693.779868 
694.123494 
694.467119 
694.810745 
695.154370 
695.497996 
695.841621 
696.185247 
696.528872 
