-0.011405 
-0.010835 
-0.010265 
-0.009695 
-0.009124 
-0.008554 
-0.007984 
-0.007414 
-0.006843 
-0.006273 
-0.005703 
-0.005132 
-0.004562 
-0.003992 
-0.003422 
-0.002851 
-0.002281 
-0.001711 
-0.001141 
-0.000570 
0.000000 
0.000570 
0.001141 
0.001711 
0.002281 
0.002851 
0.003422 
0.003992 
0.004562 
0.005132 
0.005703 
0.006273 
0.006843 
0.007414 
0.007984 
0.008554 
0.009124 
0.009695 
0.010265 
0.010835 
0.011405 
0.011976 
0.012546 
0.013116 
0.013687 
0.014257 
0.014827 
0.015397 
0.015968 
0.016538 
0.017108 
0.017678 
0.018249 
0.018819 
0.019389 
0.019960 
0.020530 
0.021100 
0.021670 
0.022241 
0.022811 
0.023381 
0.023951 
0.024522 
0.025092 
0.025662 
0.026233 
0.026803 
0.027373 
0.027943 
0.028514 
0.029084 
0.029654 
0.030224 
0.030795 
0.031365 
0.031935 
0.032506 
0.033076 
0.033646 
0.034216 
0.034787 
0.035357 
0.035927 
0.036497 
0.037068 
0.037638 
0.038208 
0.038779 
0.039349 
0.039919 
0.040489 
0.041060 
0.041630 
0.042200 
0.042770 
0.043341 
0.043911 
0.044481 
0.045052 
0.045622 
0.046192 
0.046762 
0.047333 
0.047903 
0.048473 
0.049043 
0.049614 
0.050184 
0.050754 
0.051325 
0.051895 
0.052465 
0.053035 
0.053606 
0.054176 
0.054746 
0.055316 
0.055887 
0.056457 
0.057027 
0.057598 
0.058168 
0.058738 
0.059308 
0.059879 
0.060449 
0.061019 
0.061589 
0.062160 
0.062730 
0.063300 
0.063871 
0.064441 
0.065011 
0.065581 
0.066152 
0.066722 
0.067292 
0.067862 
0.068433 
0.069003 
0.069573 
0.070144 
0.070714 
0.071284 
0.071854 
0.072425 
0.072995 
0.073565 
0.074135 
0.074706 
0.075276 
0.075846 
0.076417 
0.076987 
0.077557 
0.078127 
0.078698 
0.079268 
0.079838 
0.080408 
0.080979 
0.081549 
0.082119 
0.082690 
0.083260 
0.083830 
0.084400 
0.084971 
0.085541 
0.086111 
0.086681 
0.087252 
0.087822 
0.088392 
0.088963 
0.089533 
0.090103 
0.090673 
0.091244 
0.091814 
0.092384 
0.092954 
0.093525 
0.094095 
0.094665 
0.095236 
0.095806 
0.096376 
0.096946 
0.097517 
0.098087 
0.098657 
0.099227 
0.099798 
0.100368 
0.100938 
0.101509 
0.102079 
0.102649 
0.103219 
0.103790 
0.104360 
0.104930 
0.105500 
0.106071 
0.106641 
0.107211 
0.107782 
0.108352 
0.108922 
0.109492 
0.110063 
0.110633 
0.111203 
0.111773 
0.112344 
0.112914 
0.113484 
0.114055 
0.114625 
0.115195 
0.115765 
0.116336 
0.116906 
0.117476 
0.118047 
0.118617 
0.119187 
0.119757 
0.120328 
0.120898 
0.121468 
0.122038 
0.122609 
0.123179 
0.123749 
0.124320 
0.124890 
0.125460 
0.126030 
0.126601 
0.127171 
0.127741 
0.128311 
0.128882 
0.129452 
0.130022 
0.130593 
0.131163 
0.131733 
0.132303 
0.132874 
0.133444 
0.134014 
0.134584 
0.135155 
0.135725 
0.136295 
0.136866 
0.137436 
0.138006 
0.138576 
0.139147 
0.139717 
0.140287 
0.140857 
0.141428 
0.141998 
0.142568 
0.143139 
0.143709 
0.144279 
0.144849 
0.145420 
0.145990 
0.146560 
0.147130 
0.147701 
0.148271 
0.148841 
0.149412 
0.149982 
0.150552 
0.151122 
0.151693 
0.152263 
0.152833 
0.153403 
0.153974 
0.154544 
0.155114 
0.155685 
0.156255 
0.156825 
0.157395 
0.157966 
0.158536 
0.159106 
0.159676 
0.160247 
0.160817 
0.161387 
0.161958 
0.162528 
0.163098 
0.163668 
0.164239 
0.164809 
0.165379 
0.165949 
0.166520 
0.167090 
0.167660 
0.168231 
0.168801 
0.169371 
0.169941 
0.170512 
0.171082 
0.171652 
0.172222 
0.172793 
0.173363 
0.173933 
0.174504 
0.175074 
0.175644 
0.176214 
0.176785 
0.177355 
0.177925 
0.178495 
0.179066 
0.179636 
0.180206 
0.180777 
0.181347 
0.181917 
0.182487 
0.183058 
0.183628 
0.184198 
0.184768 
0.185339 
0.185909 
0.186479 
0.187050 
0.187620 
0.188190 
0.188760 
0.189331 
0.189901 
0.190471 
0.191041 
0.191612 
0.192182 
0.192752 
0.193323 
0.193893 
0.194463 
0.195033 
0.195604 
0.196174 
0.196744 
0.197314 
0.197885 
0.198455 
0.199025 
0.199596 
0.200166 
0.200736 
0.201306 
0.201877 
0.202447 
0.203017 
0.203587 
0.204158 
0.204728 
0.205298 
0.205869 
0.206439 
0.207009 
0.207579 
0.208150 
0.208720 
0.209290 
0.209860 
0.210431 
0.211001 
0.211571 
0.212142 
0.212712 
0.213282 
0.213852 
0.214423 
0.214993 
0.215563 
0.216133 
0.216704 
0.217274 
0.217844 
0.218415 
0.218985 
0.219555 
0.220125 
0.220696 
0.221266 
0.221836 
0.222406 
0.222977 
0.223547 
0.224117 
0.224688 
0.225258 
0.225828 
0.226398 
0.226969 
0.227539 
0.228109 
0.228679 
0.229250 
0.229820 
0.230390 
0.230961 
0.231531 
0.232101 
0.232671 
0.233242 
0.233812 
0.234382 
0.234952 
0.235523 
0.236093 
0.236663 
0.237234 
0.237804 
0.238374 
0.238944 
0.239515 
0.240085 
0.240655 
0.241225 
0.241796 
0.242366 
0.242936 
0.243507 
0.244077 
0.244647 
0.245217 
0.245788 
0.246358 
0.246928 
0.247498 
0.248069 
0.248639 
0.249209 
0.249780 
0.250350 
0.250920 
0.251490 
0.252061 
0.252631 
0.253201 
0.253771 
0.254342 
0.254912 
0.255482 
0.256053 
0.256623 
0.257193 
0.257763 
0.258334 
0.258904 
0.259474 
0.260044 
0.260615 
0.261185 
0.261755 
0.262326 
0.262896 
0.263466 
0.264036 
0.264607 
0.265177 
0.265747 
0.266317 
0.266888 
0.267458 
0.268028 
0.268599 
0.269169 
0.269739 
0.270309 
0.270880 
0.271450 
0.272020 
0.272590 
0.273161 
0.273731 
0.274301 
0.274872 
0.275442 
0.276012 
0.276582 
0.277153 
0.277723 
0.278293 
0.278863 
0.279434 
0.280004 
0.280574 
0.281145 
0.281715 
0.282285 
0.282855 
0.283426 
0.283996 
0.284566 
0.285136 
0.285707 
0.286277 
0.286847 
0.287418 
0.287988 
0.288558 
0.289128 
0.289699 
0.290269 
0.290839 
0.291409 
0.291980 
0.292550 
0.293120 
0.293691 
0.294261 
0.294831 
0.295401 
0.295972 
0.296542 
0.297112 
0.297682 
0.298253 
0.298823 
0.299393 
0.299964 
0.300534 
0.301104 
0.301674 
0.302245 
0.302815 
0.303385 
0.303955 
0.304526 
0.305096 
0.305666 
0.306237 
0.306807 
0.307377 
0.307947 
0.308518 
0.309088 
0.309658 
0.310228 
0.310799 
0.311369 
0.311939 
0.312510 
0.313080 
0.313650 
0.314220 
0.314791 
0.315361 
0.315931 
0.316501 
0.317072 
0.317642 
0.318212 
0.318783 
0.319353 
0.319923 
0.320493 
0.321064 
0.321634 
0.322204 
0.322774 
0.323345 
0.323915 
0.324485 
0.325056 
0.325626 
0.326196 
0.326766 
0.327337 
0.327907 
0.328477 
0.329047 
0.329618 
0.330188 
0.330758 
0.331329 
0.331899 
0.332469 
0.333039 
0.333610 
0.334180 
0.334750 
0.335320 
0.335891 
0.336461 
0.337031 
0.337602 
0.338172 
0.338742 
0.339312 
0.339883 
0.340453 
0.341023 
0.341593 
0.342164 
0.342734 
0.343304 
0.343875 
0.344445 
0.345015 
0.345585 
0.346156 
0.346726 
0.347296 
0.347866 
0.348437 
0.349007 
0.349577 
0.350148 
0.350718 
0.351288 
0.351858 
0.352429 
0.352999 
0.353569 
0.354139 
0.354710 
0.355280 
0.355850 
0.356421 
0.356991 
0.357561 
0.358131 
0.358702 
0.359272 
0.359842 
0.360412 
0.360983 
0.361553 
0.362123 
0.362694 
0.363264 
0.363834 
0.364404 
0.364975 
0.365545 
0.366115 
0.366685 
0.367256 
0.367826 
0.368396 
0.368967 
0.369537 
0.370107 
0.370677 
0.371248 
0.371818 
0.372388 
0.372958 
0.373529 
0.374099 
0.374669 
0.375240 
0.375810 
0.376380 
0.376950 
0.377521 
0.378091 
0.378661 
0.379231 
0.379802 
0.380372 
0.380942 
0.381513 
0.382083 
0.382653 
0.383223 
0.383794 
0.384364 
0.384934 
0.385504 
0.386075 
0.386645 
0.387215 
0.387786 
0.388356 
0.388926 
0.389496 
0.390067 
0.390637 
0.391207 
0.391777 
0.392348 
0.392918 
0.393488 
0.394059 
0.394629 
0.395199 
0.395769 
0.396340 
0.396910 
0.397480 
0.398050 
0.398621 
0.399191 
0.399761 
0.400332 
0.400902 
0.401472 
0.402042 
0.402613 
0.403183 
0.403753 
0.404323 
0.404894 
0.405464 
0.406034 
0.406605 
0.407175 
0.407745 
0.408315 
0.408886 
0.409456 
0.410026 
0.410596 
0.411167 
0.411737 
0.412307 
0.412878 
0.413448 
0.414018 
0.414588 
0.415159 
0.415729 
0.416299 
0.416869 
0.417440 
0.418010 
0.418580 
0.419151 
0.419721 
0.420291 
0.420861 
0.421432 
0.422002 
0.422572 
0.423142 
0.423713 
0.424283 
0.424853 
0.425424 
0.425994 
0.426564 
0.427134 
0.427705 
0.428275 
0.428845 
0.429415 
0.429986 
0.430556 
0.431126 
0.431697 
0.432267 
0.432837 
0.433407 
0.433978 
0.434548 
0.435118 
0.435688 
0.436259 
0.436829 
0.437399 
0.437970 
0.438540 
0.439110 
0.439680 
0.440251 
0.440821 
0.441391 
0.441961 
0.442532 
0.443102 
0.443672 
0.444243 
0.444813 
0.445383 
0.445953 
0.446524 
0.447094 
0.447664 
0.448234 
0.448805 
0.449375 
0.449945 
0.450516 
0.451086 
0.451656 
0.452226 
0.452797 
0.453367 
0.453937 
0.454507 
0.455078 
0.455648 
0.456218 
0.456789 
0.457359 
0.457929 
0.458499 
0.459070 
0.459640 
0.460210 
0.460780 
0.461351 
0.461921 
0.462491 
0.463062 
0.463632 
0.464202 
0.464772 
0.465343 
0.465913 
0.466483 
0.467053 
0.467624 
0.468194 
0.468764 
0.469335 
0.469905 
0.470475 
0.471045 
0.471616 
0.472186 
0.472756 
0.473326 
0.473897 
0.474467 
0.475037 
0.475608 
0.476178 
0.476748 
0.477318 
0.477889 
0.478459 
0.479029 
0.479599 
0.480170 
0.480740 
0.481310 
0.481881 
0.482451 
0.483021 
0.483591 
0.484162 
0.484732 
0.485302 
0.485872 
0.486443 
0.487013 
0.487583 
0.488154 
0.488724 
0.489294 
0.489864 
0.490435 
0.491005 
0.491575 
0.492145 
0.492716 
0.493286 
0.493856 
0.494427 
0.494997 
0.495567 
0.496137 
0.496708 
0.497278 
0.497848 
0.498418 
0.498989 
0.499559 
0.500129 
0.500700 
0.501270 
0.501840 
0.502410 
0.502981 
0.503551 
0.504121 
0.504691 
0.505262 
0.505832 
0.506402 
0.506973 
0.507543 
0.508113 
0.508683 
0.509254 
0.509824 
0.510394 
0.510964 
0.511535 
0.512105 
0.512675 
0.513246 
0.513816 
0.514386 
0.514956 
0.515527 
0.516097 
0.516667 
0.517237 
0.517808 
0.518378 
0.518948 
0.519519 
0.520089 
0.520659 
0.521229 
0.521800 
0.522370 
0.522940 
0.523510 
0.524081 
0.524651 
0.525221 
0.525792 
0.526362 
0.526932 
0.527502 
0.528073 
0.528643 
0.529213 
0.529783 
0.530354 
0.530924 
0.531494 
0.532065 
0.532635 
0.533205 
0.533775 
0.534346 
0.534916 
0.535486 
0.536056 
0.536627 
0.537197 
0.537767 
0.538338 
0.538908 
0.539478 
0.540048 
0.540619 
0.541189 
0.541759 
0.542330 
0.542900 
0.543470 
0.544040 
0.544611 
0.545181 
0.545751 
0.546321 
0.546892 
0.547462 
0.548032 
0.548603 
0.549173 
0.549743 
0.550313 
0.550884 
0.551454 
0.552024 
0.552594 
0.553165 
0.553735 
0.554305 
0.554876 
0.555446 
0.556016 
0.556586 
0.557157 
0.557727 
0.558297 
0.558867 
0.559438 
0.560008 
0.560578 
0.561149 
0.561719 
0.562289 
0.562859 
0.563430 
0.564000 
0.564570 
0.565140 
0.565711 
0.566281 
0.566851 
0.567422 
0.567992 
0.568562 
0.569132 
0.569703 
0.570273 
0.570843 
0.571413 
0.571984 
0.572554 
0.573124 
0.573695 
0.574265 
0.574835 
0.575405 
0.575976 
0.576546 
0.577116 
0.577686 
0.578257 
0.578827 
0.579397 
0.579968 
0.580538 
0.581108 
0.581678 
0.582249 
0.582819 
0.583389 
0.583959 
0.584530 
0.585100 
0.585670 
0.586241 
0.586811 
0.587381 
0.587951 
0.588522 
0.589092 
0.589662 
0.590232 
0.590803 
0.591373 
0.591943 
0.592514 
0.593084 
0.593654 
0.594224 
0.594795 
0.595365 
0.595935 
0.596505 
0.597076 
0.597646 
0.598216 
0.598787 
0.599357 
0.599927 
0.600497 
0.601068 
0.601638 
0.602208 
0.602778 
0.603349 
0.603919 
0.604489 
0.605060 
0.605630 
0.606200 
0.606770 
0.607341 
0.607911 
0.608481 
0.609051 
0.609622 
0.610192 
0.610762 
0.611333 
0.611903 
0.612473 
0.613043 
0.613614 
0.614184 
0.614754 
0.615324 
0.615895 
0.616465 
0.617035 
0.617606 
0.618176 
0.618746 
0.619316 
0.619887 
0.620457 
0.621027 
0.621597 
0.622168 
0.622738 
0.623308 
0.623879 
0.624449 
0.625019 
0.625589 
0.626160 
0.626730 
0.627300 
0.627870 
0.628441 
0.629011 
0.629581 
0.630152 
0.630722 
0.631292 
0.631862 
0.632433 
0.633003 
0.633573 
0.634143 
0.634714 
0.635284 
0.635854 
0.636425 
0.636995 
0.637565 
0.638135 
0.638706 
0.639276 
0.639846 
0.640416 
0.640987 
0.641557 
0.642127 
0.642698 
0.643268 
0.643838 
0.644408 
0.644979 
0.645549 
0.646119 
0.646689 
0.647260 
0.647830 
0.648400 
0.648971 
0.649541 
0.650111 
0.650681 
0.651252 
0.651822 
0.652392 
0.652962 
0.653533 
0.654103 
0.654673 
0.655244 
0.655814 
0.656384 
0.656954 
0.657525 
0.658095 
0.658665 
0.659235 
0.659806 
0.660376 
0.660946 
0.661517 
0.662087 
0.662657 
0.663227 
0.663798 
0.664368 
0.664938 
0.665508 
0.666079 
0.666649 
0.667219 
0.667790 
0.668360 
0.668930 
0.669500 
0.670071 
0.670641 
0.671211 
0.671781 
0.672352 
0.672922 
0.673492 
0.674063 
0.674633 
0.675203 
0.675773 
0.676344 
0.676914 
0.677484 
0.678054 
0.678625 
0.679195 
0.679765 
0.680336 
0.680906 
0.681476 
0.682046 
0.682617 
0.683187 
0.683757 
0.684327 
0.684898 
0.685468 
0.686038 
0.686609 
0.687179 
0.687749 
0.688319 
0.688890 
0.689460 
0.690030 
0.690600 
0.691171 
0.691741 
0.692311 
0.692882 
0.693452 
0.694022 
0.694592 
0.695163 
0.695733 
0.696303 
0.696873 
0.697444 
0.698014 
0.698584 
0.699155 
0.699725 
0.700295 
0.700865 
0.701436 
0.702006 
0.702576 
0.703146 
0.703717 
0.704287 
0.704857 
0.705428 
0.705998 
0.706568 
0.707138 
0.707709 
0.708279 
0.708849 
0.709419 
0.709990 
0.710560 
0.711130 
0.711701 
0.712271 
0.712841 
0.713411 
0.713982 
0.714552 
0.715122 
0.715692 
0.716263 
0.716833 
0.717403 
0.717974 
0.718544 
0.719114 
0.719684 
0.720255 
0.720825 
0.721395 
0.721965 
0.722536 
0.723106 
0.723676 
0.724247 
0.724817 
0.725387 
0.725957 
0.726528 
0.727098 
0.727668 
0.728238 
0.728809 
0.729379 
0.729949 
0.730520 
0.731090 
0.731660 
0.732230 
0.732801 
0.733371 
0.733941 
0.734511 
0.735082 
0.735652 
0.736222 
0.736793 
0.737363 
0.737933 
0.738503 
0.739074 
0.739644 
0.740214 
0.740784 
0.741355 
0.741925 
0.742495 
0.743066 
0.743636 
0.744206 
0.744776 
0.745347 
0.745917 
0.746487 
0.747057 
0.747628 
0.748198 
0.748768 
0.749339 
0.749909 
0.750479 
0.751049 
0.751620 
0.752190 
0.752760 
0.753330 
0.753901 
0.754471 
0.755041 
0.755612 
0.756182 
0.756752 
0.757322 
0.757893 
0.758463 
0.759033 
0.759603 
0.760174 
0.760744 
0.761314 
0.761885 
0.762455 
0.763025 
0.763595 
0.764166 
0.764736 
0.765306 
0.765876 
0.766447 
0.767017 
0.767587 
0.768158 
0.768728 
0.769298 
0.769868 
0.770439 
0.771009 
0.771579 
0.772149 
0.772720 
0.773290 
0.773860 
0.774431 
0.775001 
0.775571 
0.776141 
0.776712 
0.777282 
0.777852 
0.778422 
0.778993 
0.779563 
0.780133 
0.780704 
0.781274 
0.781844 
0.782414 
0.782985 
0.783555 
0.784125 
0.784695 
0.785266 
0.785836 
0.786406 
0.786977 
0.787547 
0.788117 
0.788687 
0.789258 
0.789828 
0.790398 
0.790968 
0.791539 
0.792109 
0.792679 
0.793250 
0.793820 
0.794390 
0.794960 
0.795531 
0.796101 
0.796671 
0.797241 
0.797812 
0.798382 
0.798952 
0.799523 
0.800093 
0.800663 
0.801233 
0.801804 
0.802374 
0.802944 
0.803514 
0.804085 
0.804655 
0.805225 
0.805796 
0.806366 
0.806936 
0.807506 
0.808077 
0.808647 
0.809217 
0.809787 
0.810358 
0.810928 
0.811498 
0.812069 
0.812639 
0.813209 
0.813779 
0.814350 
0.814920 
0.815490 
0.816060 
0.816631 
0.817201 
0.817771 
0.818342 
0.818912 
0.819482 
0.820052 
0.820623 
0.821193 
0.821763 
0.822333 
0.822904 
0.823474 
0.824044 
0.824615 
0.825185 
0.825755 
0.826325 
0.826896 
0.827466 
0.828036 
0.828606 
0.829177 
0.829747 
0.830317 
0.830888 
0.831458 
0.832028 
0.832598 
0.833169 
0.833739 
0.834309 
0.834879 
0.835450 
0.836020 
0.836590 
0.837161 
0.837731 
0.838301 
0.838871 
0.839442 
0.840012 
0.840582 
0.841152 
0.841723 
0.842293 
0.842863 
0.843434 
0.844004 
0.844574 
0.845144 
0.845715 
0.846285 
0.846855 
0.847425 
0.847996 
0.848566 
0.849136 
0.849707 
0.850277 
0.850847 
0.851417 
0.851988 
0.852558 
0.853128 
0.853698 
0.854269 
0.854839 
0.855409 
0.855980 
0.856550 
0.857120 
0.857690 
0.858261 
0.858831 
0.859401 
0.859971 
0.860542 
0.861112 
0.861682 
0.862253 
0.862823 
0.863393 
0.863963 
0.864534 
0.865104 
0.865674 
0.866244 
0.866815 
0.867385 
0.867955 
0.868526 
0.869096 
0.869666 
0.870236 
0.870807 
0.871377 
0.871947 
0.872517 
0.873088 
0.873658 
0.874228 
0.874799 
0.875369 
0.875939 
0.876509 
0.877080 
0.877650 
0.878220 
0.878790 
0.879361 
0.879931 
0.880501 
0.881072 
0.881642 
0.882212 
0.882782 
0.883353 
0.883923 
0.884493 
0.885063 
0.885634 
0.886204 
0.886774 
0.887345 
0.887915 
0.888485 
0.889055 
0.889626 
0.890196 
0.890766 
0.891336 
0.891907 
0.892477 
0.893047 
0.893618 
0.894188 
0.894758 
0.895328 
0.895899 
0.896469 
0.897039 
0.897609 
0.898180 
0.898750 
0.899320 
0.899891 
0.900461 
0.901031 
0.901601 
0.902172 
0.902742 
0.903312 
0.903882 
0.904453 
0.905023 
0.905593 
0.906164 
0.906734 
0.907304 
0.907874 
0.908445 
0.909015 
0.909585 
0.910155 
0.910726 
0.911296 
0.911866 
0.912437 
0.913007 
0.913577 
0.914147 
0.914718 
0.915288 
0.915858 
0.916428 
0.916999 
0.917569 
0.918139 
0.918710 
0.919280 
0.919850 
0.920420 
0.920991 
0.921561 
0.922131 
0.922701 
0.923272 
0.923842 
0.924412 
0.924983 
0.925553 
0.926123 
0.926693 
0.927264 
0.927834 
0.928404 
0.928974 
0.929545 
0.930115 
0.930685 
0.931256 
0.931826 
0.932396 
0.932966 
0.933537 
0.934107 
0.934677 
0.935247 
0.935818 
0.936388 
0.936958 
0.937529 
0.938099 
0.938669 
0.939239 
0.939810 
0.940380 
0.940950 
0.941520 
0.942091 
0.942661 
0.943231 
0.943802 
0.944372 
0.944942 
0.945512 
0.946083 
0.946653 
0.947223 
0.947793 
0.948364 
0.948934 
0.949504 
0.950075 
0.950645 
0.951215 
0.951785 
0.952356 
0.952926 
0.953496 
0.954066 
0.954637 
0.955207 
0.955777 
0.956348 
0.956918 
0.957488 
0.958058 
0.958629 
0.959199 
0.959769 
0.960339 
0.960910 
0.961480 
0.962050 
0.962621 
0.963191 
0.963761 
0.964331 
0.964902 
0.965472 
0.966042 
0.966613 
0.967183 
0.967753 
0.968323 
0.968894 
0.969464 
0.970034 
0.970604 
0.971175 
0.971745 
0.972315 
0.972886 
0.973456 
0.974026 
0.974596 
0.975167 
0.975737 
0.976307 
0.976877 
0.977448 
0.978018 
0.978588 
0.979159 
0.979729 
0.980299 
0.980869 
0.981440 
0.982010 
0.982580 
0.983150 
0.983721 
0.984291 
0.984861 
0.985432 
0.986002 
0.986572 
0.987142 
0.987713 
0.988283 
0.988853 
0.989423 
0.989994 
0.990564 
0.991134 
0.991705 
0.992275 
0.992845 
0.993415 
0.993986 
0.994556 
0.995126 
0.995696 
0.996267 
0.996837 
0.997407 
0.997978 
0.998548 
0.999118 
0.999688 
1.000259 
1.000829 
1.001399 
1.001969 
1.002540 
1.003110 
1.003680 
1.004251 
1.004821 
1.005391 
1.005961 
1.006532 
1.007102 
1.007672 
1.008242 
1.008813 
1.009383 
1.009953 
1.010524 
1.011094 
1.011664 
1.012234 
1.012805 
1.013375 
1.013945 
1.014515 
1.015086 
1.015656 
1.016226 
1.016797 
1.017367 
1.017937 
1.018507 
1.019078 
1.019648 
1.020218 
1.020788 
1.021359 
1.021929 
1.022499 
1.023070 
1.023640 
1.024210 
1.024780 
1.025351 
1.025921 
1.026491 
1.027061 
1.027632 
1.028202 
1.028772 
1.029343 
1.029913 
1.030483 
1.031053 
1.031624 
1.032194 
1.032764 
1.033334 
1.033905 
1.034475 
1.035045 
1.035616 
1.036186 
1.036756 
1.037326 
1.037897 
1.038467 
1.039037 
1.039607 
1.040178 
1.040748 
1.041318 
1.041889 
1.042459 
1.043029 
1.043599 
1.044170 
1.044740 
1.045310 
1.045880 
1.046451 
1.047021 
1.047591 
1.048162 
1.048732 
1.049302 
1.049872 
1.050443 
1.051013 
1.051583 
1.052153 
1.052724 
1.053294 
1.053864 
1.054435 
1.055005 
1.055575 
1.056145 
1.056716 
1.057286 
1.057856 
1.058426 
1.058997 
1.059567 
1.060137 
1.060708 
1.061278 
1.061848 
1.062418 
1.062989 
1.063559 
1.064129 
1.064699 
1.065270 
1.065840 
1.066410 
1.066981 
1.067551 
1.068121 
1.068691 
1.069262 
1.069832 
1.070402 
1.070972 
1.071543 
1.072113 
1.072683 
1.073254 
1.073824 
1.074394 
1.074964 
1.075535 
1.076105 
1.076675 
1.077245 
1.077816 
1.078386 
1.078956 
1.079527 
1.080097 
1.080667 
1.081237 
1.081808 
1.082378 
1.082948 
1.083518 
1.084089 
1.084659 
1.085229 
1.085800 
1.086370 
1.086940 
1.087510 
1.088081 
1.088651 
1.089221 
1.089791 
1.090362 
1.090932 
1.091502 
1.092073 
1.092643 
1.093213 
1.093783 
1.094354 
1.094924 
1.095494 
1.096064 
1.096635 
1.097205 
1.097775 
1.098346 
1.098916 
1.099486 
1.100056 
1.100627 
1.101197 
1.101767 
1.102337 
1.102908 
1.103478 
1.104048 
1.104619 
1.105189 
1.105759 
1.106329 
1.106900 
1.107470 
1.108040 
1.108610 
1.109181 
1.109751 
1.110321 
1.110892 
1.111462 
1.112032 
1.112602 
1.113173 
1.113743 
1.114313 
1.114883 
1.115454 
1.116024 
1.116594 
1.117165 
1.117735 
1.118305 
1.118875 
1.119446 
1.120016 
1.120586 
1.121156 
1.121727 
1.122297 
1.122867 
1.123438 
1.124008 
1.124578 
1.125148 
1.125719 
1.126289 
1.126859 
1.127429 
1.128000 
1.128570 
1.129140 
1.129711 
1.130281 
1.130851 
1.131421 
1.131992 
1.132562 
1.133132 
1.133702 
1.134273 
1.134843 
1.135413 
1.135984 
1.136554 
1.137124 
1.137694 
1.138265 
1.138835 
1.139405 
1.139975 
1.140546 
1.141116 
1.141686 
1.142257 
1.142827 
1.143397 
1.143967 
1.144538 
1.145108 
1.145678 
1.146248 
1.146819 
1.147389 
1.147959 
1.148530 
1.149100 
1.149670 
1.150240 
1.150811 
1.151381 
1.151951 
1.152521 
1.153092 
1.153662 
1.154232 
1.154803 
1.155373 
1.155943 
